2,84.0,2022-08-05 00:16:11.797,192
2,83.0,2022-08-05 00:16:11.610,192
2,82.0,2022-08-05 00:16:11.423,192
2,81.0,2022-08-05 00:16:11.237,192
2,80.0,2022-08-05 00:16:11.050,192
2,79.0,2022-08-05 00:16:10.867,192
2,78.0,2022-08-05 00:16:10.680,192
2,77.0,2022-08-05 00:16:10.493,192
2,76.0,2022-08-05 00:16:10.303,192
2,75.0,2022-08-05 00:16:10.120,192
2,74.0,2022-08-05 00:16:09.937,192
2,73.0,2022-08-05 00:16:09.750,192
2,72.0,2022-08-05 00:16:09.563,192
2,71.0,2022-08-05 00:16:09.360,192
2,70.0,2022-08-05 00:16:09.170,192
2,69.0,2022-08-05 00:16:08.987,192
2,68.0,2022-08-05 00:16:08.800,192
2,67.0,2022-08-05 00:16:08.613,192
2,66.0,2022-08-05 00:16:08.427,192
2,65.0,2022-08-05 00:16:08.240,192
2,64.0,2022-08-05 00:16:08.057,192
2,63.0,2022-08-05 00:16:07.873,192
2,62.0,2022-08-05 00:16:07.687,192
2,61.0,2022-08-05 00:16:07.500,192
2,60.0,2022-08-05 00:16:07.313,192
2,59.0,2022-08-05 00:16:07.123,192
2,58.0,2022-08-05 00:16:06.937,192
2,57.0,2022-08-05 00:16:06.750,192
2,56.0,2022-08-05 00:16:06.567,192
2,55.0,2022-08-05 00:16:06.380,192
2,54.0,2022-08-05 00:16:06.193,192
2,53.0,2022-08-05 00:16:06.010,192
2,52.0,2022-08-05 00:16:05.823,192
2,51.0,2022-08-05 00:16:05.637,192
2,50.0,2022-08-05 00:16:05.450,192
2,49.0,2022-08-05 00:16:05.263,192
2,48.0,2022-08-05 00:16:05.077,192
2,47.0,2022-08-05 00:16:04.890,192
2,46.0,2022-08-05 00:16:04.700,192
2,45.0,2022-08-05 00:16:04.513,192
2,44.0,2022-08-05 00:16:04.327,192
2,43.0,2022-08-05 00:16:04.143,192
2,42.0,2022-08-05 00:16:03.960,192
2,41.0,2022-08-05 00:16:03.773,192
2,40.0,2022-08-05 00:16:03.590,192
2,39.0,2022-08-05 00:16:03.403,192
2,38.0,2022-08-05 00:16:03.220,192
2,37.0,2022-08-05 00:16:03.030,192
2,36.0,2022-08-05 00:16:02.843,192
2,35.0,2022-08-05 00:16:02.653,192
2,34.0,2022-08-05 00:16:02.470,192
2,33.0,2022-08-05 00:16:02.287,192
2,32.0,2022-08-05 00:16:02.103,192
2,31.0,2022-08-05 00:16:01.913,192
2,30.0,2022-08-05 00:16:01.727,192
2,29.0,2022-08-05 00:16:01.543,192
2,28.0,2022-08-05 00:16:01.360,192
2,27.0,2022-08-05 00:16:01.173,192
2,26.0,2022-08-05 00:16:00.987,192
2,25.0,2022-08-05 00:16:00.820,192
2,24.0,2022-08-05 00:16:00.673,192
2,23.0,2022-08-05 00:16:00.487,192
2,22.0,2022-08-05 00:16:00.300,192
2,21.0,2022-08-05 00:16:00.113,192
2,20.0,2022-08-05 00:15:59.923,192
2,19.0,2022-08-05 00:15:59.737,192
2,18.0,2022-08-05 00:15:59.553,192
2,17.0,2022-08-05 00:15:59.367,192
2,16.0,2022-08-05 00:15:59.177,192
2,15.0,2022-08-05 00:15:58.983,192
2,14.0,2022-08-05 00:15:58.850,192
2,13.0,2022-08-05 00:15:58.667,192
2,12.0,2022-08-05 00:15:58.477,192
2,11.0,2022-08-05 00:15:58.290,192
2,10.0,2022-08-05 00:15:58.103,192
2,9.0,2022-08-05 00:15:57.923,192
2,8.0,2022-08-05 00:15:57.763,192
2,7.0,2022-08-05 00:15:57.580,192
2,6.0,2022-08-05 00:15:57.393,192
2,5.0,2022-08-05 00:15:57.207,192
2,4.0,2022-08-05 00:15:57.020,192
2,3.0,2022-08-05 00:15:56.833,192
2,2.0,2022-08-05 00:15:56.647,192
2,1.0,2022-08-05 00:15:56.460,192
2,0.0,2022-08-05 00:15:56.307,192
2,4784.0,2022-08-05 00:15:56.273,192
2,4783.0,2022-08-05 00:15:56.087,192
2,4782.0,2022-08-05 00:15:55.900,192
2,4781.0,2022-08-05 00:15:55.713,192
2,4780.0,2022-08-05 00:15:55.527,192
2,4779.0,2022-08-05 00:15:55.340,192
2,4778.0,2022-08-05 00:15:55.153,192
2,4777.0,2022-08-05 00:15:54.970,192
2,4776.0,2022-08-05 00:15:54.780,192
2,4775.0,2022-08-05 00:15:54.597,192
2,4774.0,2022-08-05 00:15:54.410,192
2,4773.0,2022-08-05 00:15:54.223,192
2,4772.0,2022-08-05 00:15:54.040,192
2,4771.0,2022-08-05 00:15:53.853,192
2,4770.0,2022-08-05 00:15:53.670,192
2,4769.0,2022-08-05 00:15:53.540,192
2,4768.0,2022-08-05 00:15:53.393,192
2,4767.0,2022-08-05 00:15:53.203,192
2,4766.0,2022-08-05 00:15:53.017,192
2,4765.0,2022-08-05 00:15:52.830,192
2,4764.0,2022-08-05 00:15:52.643,192
2,4763.0,2022-08-05 00:15:52.457,192
2,4762.0,2022-08-05 00:15:52.267,192
2,4761.0,2022-08-05 00:15:52.080,192
2,4760.0,2022-08-05 00:15:51.893,192
2,4759.0,2022-08-05 00:15:51.707,192
2,4758.0,2022-08-05 00:15:51.520,192
2,4757.0,2022-08-05 00:15:51.337,192
2,4756.0,2022-08-05 00:15:51.150,192
2,4755.0,2022-08-05 00:15:50.947,192
2,4754.0,2022-08-05 00:15:50.760,192
2,4753.0,2022-08-05 00:15:50.570,192
2,4752.0,2022-08-05 00:15:50.383,192
2,4751.0,2022-08-05 00:15:50.197,192
2,4750.0,2022-08-05 00:15:50.007,192
2,4749.0,2022-08-05 00:15:49.823,192
2,4748.0,2022-08-05 00:15:49.637,192
2,4747.0,2022-08-05 00:15:49.447,192
2,4746.0,2022-08-05 00:15:49.263,192
2,4745.0,2022-08-05 00:15:49.077,192
2,4744.0,2022-08-05 00:15:48.890,192
2,4743.0,2022-08-05 00:15:48.700,192
2,4742.0,2022-08-05 00:15:48.513,192
2,4741.0,2022-08-05 00:15:48.327,192
2,4740.0,2022-08-05 00:15:48.140,192
2,4739.0,2022-08-05 00:15:47.957,192
2,4738.0,2022-08-05 00:15:47.770,192
2,4737.0,2022-08-05 00:15:47.583,192
2,4736.0,2022-08-05 00:15:47.397,192
2,4735.0,2022-08-05 00:15:47.213,192
2,4734.0,2022-08-05 00:15:47.027,192
2,4733.0,2022-08-05 00:15:46.840,192
2,4732.0,2022-08-05 00:15:46.657,192
2,4731.0,2022-08-05 00:15:46.470,192
2,4730.0,2022-08-05 00:15:46.287,192
2,4729.0,2022-08-05 00:15:46.103,192
2,4728.0,2022-08-05 00:15:45.917,192
2,4727.0,2022-08-05 00:15:45.733,192
2,4726.0,2022-08-05 00:15:45.550,192
2,4725.0,2022-08-05 00:15:45.367,192
2,4724.0,2022-08-05 00:15:45.183,192
2,4723.0,2022-08-05 00:15:44.997,192
2,4722.0,2022-08-05 00:15:44.813,192
2,4721.0,2022-08-05 00:15:44.627,192
2,4720.0,2022-08-05 00:15:44.443,192
2,4719.0,2022-08-05 00:15:44.260,192
2,4718.0,2022-08-05 00:15:44.073,192
2,4717.0,2022-08-05 00:15:43.890,192
2,4716.0,2022-08-05 00:15:43.707,192
2,4715.0,2022-08-05 00:15:43.520,192
2,4714.0,2022-08-05 00:15:43.337,192
2,4713.0,2022-08-05 00:15:43.150,192
2,4712.0,2022-08-05 00:15:42.963,192
2,4711.0,2022-08-05 00:15:42.777,192
2,4710.0,2022-08-05 00:15:42.580,192
2,4709.0,2022-08-05 00:15:42.393,192
2,4708.0,2022-08-05 00:15:42.207,192
2,4707.0,2022-08-05 00:15:42.023,192
2,4706.0,2022-08-05 00:15:41.837,192
2,4705.0,2022-08-05 00:15:41.653,192
2,4704.0,2022-08-05 00:15:41.467,192
2,4703.0,2022-08-05 00:15:41.283,192
2,4702.0,2022-08-05 00:15:41.097,192
2,4701.0,2022-08-05 00:15:40.910,192
2,4700.0,2022-08-05 00:15:40.727,192
2,4699.0,2022-08-05 00:15:40.540,192
2,4698.0,2022-08-05 00:15:40.353,192
2,4697.0,2022-08-05 00:15:40.170,192
2,4696.0,2022-08-05 00:15:39.987,192
2,4695.0,2022-08-05 00:15:39.800,192
2,4694.0,2022-08-05 00:15:39.613,192
2,4693.0,2022-08-05 00:15:39.430,192
2,4692.0,2022-08-05 00:15:39.247,192
2,4691.0,2022-08-05 00:15:39.063,192
2,4690.0,2022-08-05 00:15:38.877,192
2,4689.0,2022-08-05 00:15:38.693,192
2,4688.0,2022-08-05 00:15:38.507,192
2,4687.0,2022-08-05 00:15:38.323,192
2,4686.0,2022-08-05 00:15:38.137,192
2,4685.0,2022-08-05 00:15:37.953,192
2,4684.0,2022-08-05 00:15:37.767,192
2,4683.0,2022-08-05 00:15:37.587,192
2,4682.0,2022-08-05 00:15:37.400,192
2,4681.0,2022-08-05 00:15:37.217,192
2,4680.0,2022-08-05 00:15:37.033,192
2,4679.0,2022-08-05 00:15:36.847,192
2,4678.0,2022-08-05 00:15:36.660,192
2,4677.0,2022-08-05 00:15:36.477,192
2,4676.0,2022-08-05 00:15:36.293,192
2,4675.0,2022-08-05 00:15:36.107,192
2,4674.0,2022-08-05 00:15:35.920,192
2,4673.0,2022-08-05 00:15:35.733,192
2,4672.0,2022-08-05 00:15:35.547,192
2,4671.0,2022-08-05 00:15:35.363,192
2,4670.0,2022-08-05 00:15:35.177,192
2,4669.0,2022-08-05 00:15:34.993,192
2,4668.0,2022-08-05 00:15:34.807,192
2,4667.0,2022-08-05 00:15:34.623,192
2,4666.0,2022-08-05 00:15:34.437,192
2,4665.0,2022-08-05 00:15:34.253,192
2,4664.0,2022-08-05 00:15:34.070,192
2,4663.0,2022-08-05 00:15:33.887,192
2,4662.0,2022-08-05 00:15:33.700,192
2,4661.0,2022-08-05 00:15:33.517,192
2,4660.0,2022-08-05 00:15:33.333,192
2,4659.0,2022-08-05 00:15:33.147,192
2,4658.0,2022-08-05 00:15:32.963,192
2,4657.0,2022-08-05 00:15:32.777,192
2,4656.0,2022-08-05 00:15:32.593,192
2,4655.0,2022-08-05 00:15:32.407,192
2,4654.0,2022-08-05 00:15:32.223,192
2,4653.0,2022-08-05 00:15:32.037,192
2,4652.0,2022-08-05 00:15:31.853,192
2,4651.0,2022-08-05 00:15:31.670,192
2,4650.0,2022-08-05 00:15:31.487,192
2,4649.0,2022-08-05 00:15:31.300,192
2,4648.0,2022-08-05 00:15:31.113,192
2,4647.0,2022-08-05 00:15:30.927,192
2,4646.0,2022-08-05 00:15:30.743,192
2,4645.0,2022-08-05 00:15:30.560,192
2,4644.0,2022-08-05 00:15:30.373,192
2,4643.0,2022-08-05 00:15:30.187,192
2,4642.0,2022-08-05 00:15:30.000,192
2,4641.0,2022-08-05 00:15:29.813,192
2,4640.0,2022-08-05 00:15:29.630,192
2,4639.0,2022-08-05 00:15:29.443,192
2,4638.0,2022-08-05 00:15:29.260,192
2,4637.0,2022-08-05 00:15:29.073,192
2,4636.0,2022-08-05 00:15:28.887,192
2,4635.0,2022-08-05 00:15:28.700,192
2,4634.0,2022-08-05 00:15:28.517,192
2,4633.0,2022-08-05 00:15:28.330,192
2,4632.0,2022-08-05 00:15:28.147,192
2,4631.0,2022-08-05 00:15:27.960,192
2,4630.0,2022-08-05 00:15:27.777,192
2,4629.0,2022-08-05 00:15:27.590,192
2,4628.0,2022-08-05 00:15:27.403,192
2,4627.0,2022-08-05 00:15:27.217,192
2,4626.0,2022-08-05 00:15:27.033,192
2,4625.0,2022-08-05 00:15:26.850,192
2,4624.0,2022-08-05 00:15:26.667,192
2,4623.0,2022-08-05 00:15:26.480,192
2,4622.0,2022-08-05 00:15:26.297,192
2,4621.0,2022-08-05 00:15:26.110,192
2,4620.0,2022-08-05 00:15:25.930,192
2,4619.0,2022-08-05 00:15:25.743,192
2,4618.0,2022-08-05 00:15:25.557,192
2,4617.0,2022-08-05 00:15:25.373,192
2,4616.0,2022-08-05 00:15:25.187,192
2,4615.0,2022-08-05 00:15:25.003,192
2,4614.0,2022-08-05 00:15:24.820,192
2,4613.0,2022-08-05 00:15:24.633,192
2,4612.0,2022-08-05 00:15:24.447,192
2,4611.0,2022-08-05 00:15:24.260,192
2,4610.0,2022-08-05 00:15:24.077,192
2,4609.0,2022-08-05 00:15:23.890,192
2,4608.0,2022-08-05 00:15:23.707,192
2,4607.0,2022-08-05 00:15:23.520,192
2,4606.0,2022-08-05 00:15:23.337,192
2,4605.0,2022-08-05 00:15:23.150,192
2,4604.0,2022-08-05 00:15:22.963,192
2,4603.0,2022-08-05 00:15:22.777,192
2,4602.0,2022-08-05 00:15:22.593,192
2,4601.0,2022-08-05 00:15:22.410,192
2,4600.0,2022-08-05 00:15:22.227,192
2,4599.0,2022-08-05 00:15:22.040,192
2,4598.0,2022-08-05 00:15:21.853,192
2,4597.0,2022-08-05 00:15:21.667,192
2,4596.0,2022-08-05 00:15:21.483,192
2,4595.0,2022-08-05 00:15:21.297,192
2,4594.0,2022-08-05 00:15:21.110,192
2,4593.0,2022-08-05 00:15:20.927,192
2,4592.0,2022-08-05 00:15:20.740,192
2,4591.0,2022-08-05 00:15:20.553,192
2,4590.0,2022-08-05 00:15:20.370,192
2,4589.0,2022-08-05 00:15:20.183,192
2,4588.0,2022-08-05 00:15:20.000,192
2,4587.0,2022-08-05 00:15:19.813,192
2,4586.0,2022-08-05 00:15:19.630,192
2,4585.0,2022-08-05 00:15:19.443,192
2,4584.0,2022-08-05 00:15:19.260,192
2,4583.0,2022-08-05 00:15:19.073,192
2,4582.0,2022-08-05 00:15:18.887,192
2,4581.0,2022-08-05 00:15:18.700,192
2,4580.0,2022-08-05 00:15:18.517,192
2,4579.0,2022-08-05 00:15:18.333,192
2,4578.0,2022-08-05 00:15:18.150,192
2,4577.0,2022-08-05 00:15:17.963,192
2,4576.0,2022-08-05 00:15:17.780,192
2,4575.0,2022-08-05 00:15:17.593,192
2,4574.0,2022-08-05 00:15:17.410,192
2,4573.0,2022-08-05 00:15:17.227,192
2,4572.0,2022-08-05 00:15:17.040,192
2,4571.0,2022-08-05 00:15:16.857,192
2,4570.0,2022-08-05 00:15:16.670,192
2,4569.0,2022-08-05 00:15:16.487,192
2,4568.0,2022-08-05 00:15:16.303,192
2,4567.0,2022-08-05 00:15:16.120,192
2,4566.0,2022-08-05 00:15:15.937,192
2,4565.0,2022-08-05 00:15:15.750,192
2,4564.0,2022-08-05 00:15:15.563,192
2,4563.0,2022-08-05 00:15:15.377,192
2,4562.0,2022-08-05 00:15:15.193,192
2,4561.0,2022-08-05 00:15:15.007,192
2,4560.0,2022-08-05 00:15:14.823,192
2,4559.0,2022-08-05 00:15:14.637,192
2,4558.0,2022-08-05 00:15:14.453,192
2,4557.0,2022-08-05 00:15:14.270,192
2,4556.0,2022-08-05 00:15:14.083,192
2,4555.0,2022-08-05 00:15:13.900,192
2,4554.0,2022-08-05 00:15:13.713,192
2,4553.0,2022-08-05 00:15:13.530,192
2,4552.0,2022-08-05 00:15:13.343,192
2,4551.0,2022-08-05 00:15:13.157,192
2,4550.0,2022-08-05 00:15:12.973,192
2,4549.0,2022-08-05 00:15:12.787,192
2,4548.0,2022-08-05 00:15:12.600,192
2,4547.0,2022-08-05 00:15:12.417,192
2,4546.0,2022-08-05 00:15:12.233,192
2,4545.0,2022-08-05 00:15:12.047,192
2,4544.0,2022-08-05 00:15:11.863,192
2,4543.0,2022-08-05 00:15:11.677,192
2,4542.0,2022-08-05 00:15:11.493,192
2,4541.0,2022-08-05 00:15:11.310,192
2,4540.0,2022-08-05 00:15:11.123,192
2,4539.0,2022-08-05 00:15:10.940,192
2,4538.0,2022-08-05 00:15:10.757,192
2,4537.0,2022-08-05 00:15:10.570,192
2,4536.0,2022-08-05 00:15:10.387,192
2,4535.0,2022-08-05 00:15:10.200,192
2,4534.0,2022-08-05 00:15:10.017,192
2,4533.0,2022-08-05 00:15:09.830,192
2,4532.0,2022-08-05 00:15:09.643,192
2,4531.0,2022-08-05 00:15:09.460,192
2,4530.0,2022-08-05 00:15:09.273,192
2,4529.0,2022-08-05 00:15:09.087,192
2,4528.0,2022-08-05 00:15:08.903,192
2,4527.0,2022-08-05 00:15:08.717,192
2,4526.0,2022-08-05 00:15:08.533,192
2,4525.0,2022-08-05 00:15:08.347,192
2,4524.0,2022-08-05 00:15:08.160,192
2,4523.0,2022-08-05 00:15:07.977,192
2,4522.0,2022-08-05 00:15:07.790,192
2,4521.0,2022-08-05 00:15:07.603,192
2,4520.0,2022-08-05 00:15:07.420,192
2,4519.0,2022-08-05 00:15:07.233,192
2,4518.0,2022-08-05 00:15:07.050,192
2,4517.0,2022-08-05 00:15:06.867,192
2,4516.0,2022-08-05 00:15:06.680,192
2,4515.0,2022-08-05 00:15:06.497,192
2,4514.0,2022-08-05 00:15:06.310,192
2,4513.0,2022-08-05 00:15:06.127,192
2,4512.0,2022-08-05 00:15:05.943,192
2,4511.0,2022-08-05 00:15:05.757,192
2,4510.0,2022-08-05 00:15:05.570,192
2,4509.0,2022-08-05 00:15:05.387,192
2,4508.0,2022-08-05 00:15:05.203,192
2,4507.0,2022-08-05 00:15:05.017,192
2,4506.0,2022-08-05 00:15:04.833,192
2,4505.0,2022-08-05 00:15:04.647,192
2,4504.0,2022-08-05 00:15:04.467,192
2,4503.0,2022-08-05 00:15:04.280,192
2,4502.0,2022-08-05 00:15:04.097,192
2,4501.0,2022-08-05 00:15:03.913,192
2,4500.0,2022-08-05 00:15:03.727,192
2,4499.0,2022-08-05 00:15:03.547,192
2,4498.0,2022-08-05 00:15:03.360,192
2,4497.0,2022-08-05 00:15:03.173,192
2,4496.0,2022-08-05 00:15:02.990,192
2,4495.0,2022-08-05 00:15:02.803,192
2,4494.0,2022-08-05 00:15:02.620,192
2,4493.0,2022-08-05 00:15:02.433,192
2,4492.0,2022-08-05 00:15:02.247,192
2,4491.0,2022-08-05 00:15:02.063,192
2,4490.0,2022-08-05 00:15:01.880,192
2,4489.0,2022-08-05 00:15:01.697,192
2,4488.0,2022-08-05 00:15:01.510,192
2,4487.0,2022-08-05 00:15:01.327,192
2,4486.0,2022-08-05 00:15:01.140,192
2,4485.0,2022-08-05 00:15:00.957,192
2,4484.0,2022-08-05 00:15:00.770,192
2,4483.0,2022-08-05 00:15:00.587,192
2,4482.0,2022-08-05 00:15:00.400,192
2,4481.0,2022-08-05 00:15:00.213,192
2,4480.0,2022-08-05 00:15:00.030,192
2,4479.0,2022-08-05 00:14:59.843,192
2,4478.0,2022-08-05 00:14:59.657,192
2,4477.0,2022-08-05 00:14:59.473,192
2,4476.0,2022-08-05 00:14:59.290,192
2,4475.0,2022-08-05 00:14:59.103,192
2,4474.0,2022-08-05 00:14:58.920,192
2,4473.0,2022-08-05 00:14:58.733,192
2,4472.0,2022-08-05 00:14:58.550,192
2,4471.0,2022-08-05 00:14:58.363,192
2,4470.0,2022-08-05 00:14:58.177,192
2,4469.0,2022-08-05 00:14:57.990,192
2,4468.0,2022-08-05 00:14:57.807,192
2,4467.0,2022-08-05 00:14:57.623,192
2,4466.0,2022-08-05 00:14:57.437,192
2,4465.0,2022-08-05 00:14:57.253,192
2,4464.0,2022-08-05 00:14:57.067,192
2,4463.0,2022-08-05 00:14:56.883,192
2,4462.0,2022-08-05 00:14:56.700,192
2,4461.0,2022-08-05 00:14:56.513,192
2,4460.0,2022-08-05 00:14:56.330,192
2,4459.0,2022-08-05 00:14:56.147,192
2,4458.0,2022-08-05 00:14:55.960,192
2,4457.0,2022-08-05 00:14:55.777,192
2,4456.0,2022-08-05 00:14:55.590,192
2,4455.0,2022-08-05 00:14:55.407,192
2,4454.0,2022-08-05 00:14:55.223,192
2,4453.0,2022-08-05 00:14:55.040,192
2,4452.0,2022-08-05 00:14:54.853,192
2,4451.0,2022-08-05 00:14:54.670,192
2,4450.0,2022-08-05 00:14:54.487,192
2,4449.0,2022-08-05 00:14:54.300,192
2,4448.0,2022-08-05 00:14:54.113,192
2,4447.0,2022-08-05 00:14:53.927,192
2,4446.0,2022-08-05 00:14:53.743,192
2,4445.0,2022-08-05 00:14:53.557,192
2,4444.0,2022-08-05 00:14:53.373,192
2,4443.0,2022-08-05 00:14:53.190,192
2,4442.0,2022-08-05 00:14:53.003,192
2,4441.0,2022-08-05 00:14:52.820,192
2,4440.0,2022-08-05 00:14:52.633,192
2,4439.0,2022-08-05 00:14:52.450,192
2,4438.0,2022-08-05 00:14:52.260,192
2,4437.0,2022-08-05 00:14:52.073,192
2,4436.0,2022-08-05 00:14:51.887,192
2,4435.0,2022-08-05 00:14:51.703,192
2,4434.0,2022-08-05 00:14:51.517,192
2,4433.0,2022-08-05 00:14:51.330,192
2,4432.0,2022-08-05 00:14:51.143,192
2,4431.0,2022-08-05 00:14:50.960,192
2,4430.0,2022-08-05 00:14:50.773,192
2,4429.0,2022-08-05 00:14:50.587,192
2,4428.0,2022-08-05 00:14:50.403,192
2,4427.0,2022-08-05 00:14:50.213,192
2,4426.0,2022-08-05 00:14:50.027,192
2,4425.0,2022-08-05 00:14:49.840,192
2,4424.0,2022-08-05 00:14:49.657,192
2,4423.0,2022-08-05 00:14:49.473,192
2,4422.0,2022-08-05 00:14:49.287,192
2,4421.0,2022-08-05 00:14:49.100,192
2,4420.0,2022-08-05 00:14:48.913,192
2,4419.0,2022-08-05 00:14:48.730,192
2,4418.0,2022-08-05 00:14:48.547,192
2,4417.0,2022-08-05 00:14:48.363,192
2,4416.0,2022-08-05 00:14:48.177,192
2,4415.0,2022-08-05 00:14:47.993,192
2,4414.0,2022-08-05 00:14:47.807,192
2,4413.0,2022-08-05 00:14:47.623,192
2,4412.0,2022-08-05 00:14:47.437,192
2,4411.0,2022-08-05 00:14:47.250,192
2,4410.0,2022-08-05 00:14:47.063,192
2,4409.0,2022-08-05 00:14:46.880,192
2,4408.0,2022-08-05 00:14:46.693,192
2,4407.0,2022-08-05 00:14:46.510,192
2,4406.0,2022-08-05 00:14:46.327,192
2,4405.0,2022-08-05 00:14:46.143,192
2,4404.0,2022-08-05 00:14:45.960,192
2,4403.0,2022-08-05 00:14:45.773,192
2,4402.0,2022-08-05 00:14:45.583,192
2,4401.0,2022-08-05 00:14:45.400,192
2,4400.0,2022-08-05 00:14:45.217,192
2,4399.0,2022-08-05 00:14:45.030,192
2,4398.0,2022-08-05 00:14:44.843,192
2,4397.0,2022-08-05 00:14:44.660,192
2,4396.0,2022-08-05 00:14:44.477,192
2,4395.0,2022-08-05 00:14:44.290,192
2,4394.0,2022-08-05 00:14:44.107,192
2,4393.0,2022-08-05 00:14:43.920,192
2,4392.0,2022-08-05 00:14:43.733,192
2,4391.0,2022-08-05 00:14:43.550,192
2,4390.0,2022-08-05 00:14:43.363,192
2,4389.0,2022-08-05 00:14:43.180,192
2,4388.0,2022-08-05 00:14:42.993,192
2,4387.0,2022-08-05 00:14:42.810,192
2,4386.0,2022-08-05 00:14:42.623,192
2,4385.0,2022-08-05 00:14:42.437,192
2,4384.0,2022-08-05 00:14:42.257,192
2,4383.0,2022-08-05 00:14:42.067,192
2,4382.0,2022-08-05 00:14:41.880,192
2,4381.0,2022-08-05 00:14:41.697,192
2,4380.0,2022-08-05 00:14:41.513,192
2,4379.0,2022-08-05 00:14:41.330,192
2,4378.0,2022-08-05 00:14:41.143,192
2,4377.0,2022-08-05 00:14:40.960,192
2,4376.0,2022-08-05 00:14:40.773,192
2,4375.0,2022-08-05 00:14:40.590,192
2,4374.0,2022-08-05 00:14:40.407,192
2,4373.0,2022-08-05 00:14:40.220,192
2,4372.0,2022-08-05 00:14:40.037,192
2,4371.0,2022-08-05 00:14:39.850,192
2,4370.0,2022-08-05 00:14:39.667,192
2,4369.0,2022-08-05 00:14:39.483,192
2,4368.0,2022-08-05 00:14:39.297,192
2,4367.0,2022-08-05 00:14:39.117,192
2,4366.0,2022-08-05 00:14:38.930,192
2,4365.0,2022-08-05 00:14:38.747,192
2,4364.0,2022-08-05 00:14:38.560,192
2,4363.0,2022-08-05 00:14:38.377,192
2,4362.0,2022-08-05 00:14:38.193,192
2,4361.0,2022-08-05 00:14:38.003,192
2,4360.0,2022-08-05 00:14:37.820,192
2,4359.0,2022-08-05 00:14:37.637,192
2,4358.0,2022-08-05 00:14:37.453,192
2,4357.0,2022-08-05 00:14:37.267,192
2,4356.0,2022-08-05 00:14:37.083,192
2,4355.0,2022-08-05 00:14:36.900,192
2,4354.0,2022-08-05 00:14:36.710,192
2,4353.0,2022-08-05 00:14:36.527,192
2,4352.0,2022-08-05 00:14:36.343,192
2,4351.0,2022-08-05 00:14:36.157,192
2,4350.0,2022-08-05 00:14:35.973,192
2,4349.0,2022-08-05 00:14:35.787,192
2,4348.0,2022-08-05 00:14:35.603,192
2,4347.0,2022-08-05 00:14:35.420,192
2,4346.0,2022-08-05 00:14:35.233,192
2,4345.0,2022-08-05 00:14:35.050,192
2,4344.0,2022-08-05 00:14:34.867,192
2,4343.0,2022-08-05 00:14:34.680,192
2,4342.0,2022-08-05 00:14:34.493,192
2,4341.0,2022-08-05 00:14:34.310,192
2,4340.0,2022-08-05 00:14:34.127,192
2,4339.0,2022-08-05 00:14:33.940,192
2,4338.0,2022-08-05 00:14:33.757,192
2,4337.0,2022-08-05 00:14:33.573,192
2,4336.0,2022-08-05 00:14:33.387,192
2,4335.0,2022-08-05 00:14:33.203,192
2,4334.0,2022-08-05 00:14:33.020,192
2,4333.0,2022-08-05 00:14:32.833,192
2,4332.0,2022-08-05 00:14:32.650,192
2,4331.0,2022-08-05 00:14:32.463,192
2,4330.0,2022-08-05 00:14:32.280,192
2,4329.0,2022-08-05 00:14:32.093,192
2,4328.0,2022-08-05 00:14:31.907,192
2,4327.0,2022-08-05 00:14:31.720,192
2,4326.0,2022-08-05 00:14:31.537,192
2,4325.0,2022-08-05 00:14:31.350,192
2,4324.0,2022-08-05 00:14:31.163,192
2,4323.0,2022-08-05 00:14:30.980,192
2,4322.0,2022-08-05 00:14:30.793,192
2,4321.0,2022-08-05 00:14:30.610,192
2,4320.0,2022-08-05 00:14:30.423,192
2,4319.0,2022-08-05 00:14:30.237,192
2,4318.0,2022-08-05 00:14:30.050,192
2,4317.0,2022-08-05 00:14:29.867,192
2,4316.0,2022-08-05 00:14:29.683,192
2,4315.0,2022-08-05 00:14:29.497,192
2,4314.0,2022-08-05 00:14:29.313,192
2,4313.0,2022-08-05 00:14:29.127,192
2,4312.0,2022-08-05 00:14:28.943,192
2,4311.0,2022-08-05 00:14:28.757,192
2,4310.0,2022-08-05 00:14:28.573,192
2,4309.0,2022-08-05 00:14:28.387,192
2,4308.0,2022-08-05 00:14:28.203,192
2,4307.0,2022-08-05 00:14:28.017,192
2,4306.0,2022-08-05 00:14:27.833,192
2,4305.0,2022-08-05 00:14:27.647,192
2,4304.0,2022-08-05 00:14:27.463,192
2,4303.0,2022-08-05 00:14:27.280,192
2,4302.0,2022-08-05 00:14:27.097,192
2,4301.0,2022-08-05 00:14:26.910,192
2,4300.0,2022-08-05 00:14:26.723,192
2,4299.0,2022-08-05 00:14:26.540,192
2,4298.0,2022-08-05 00:14:26.353,192
2,4297.0,2022-08-05 00:14:26.170,192
2,4296.0,2022-08-05 00:14:25.987,192
2,4295.0,2022-08-05 00:14:25.800,192
2,4294.0,2022-08-05 00:14:25.613,192
2,4293.0,2022-08-05 00:14:25.430,192
2,4292.0,2022-08-05 00:14:25.243,192
2,4291.0,2022-08-05 00:14:25.057,192
2,4290.0,2022-08-05 00:14:24.870,192
2,4289.0,2022-08-05 00:14:24.683,192
2,4288.0,2022-08-05 00:14:24.500,192
2,4287.0,2022-08-05 00:14:24.313,192
2,4286.0,2022-08-05 00:14:24.130,192
2,4285.0,2022-08-05 00:14:23.947,192
2,4284.0,2022-08-05 00:14:23.757,192
2,4283.0,2022-08-05 00:14:23.573,192
2,4282.0,2022-08-05 00:14:23.387,192
2,4281.0,2022-08-05 00:14:23.203,192
2,4280.0,2022-08-05 00:14:23.020,192
2,4279.0,2022-08-05 00:14:22.837,192
2,4278.0,2022-08-05 00:14:22.650,192
2,4277.0,2022-08-05 00:14:22.467,192
2,4276.0,2022-08-05 00:14:22.283,192
2,4275.0,2022-08-05 00:14:22.097,192
2,4274.0,2022-08-05 00:14:21.913,192
2,4273.0,2022-08-05 00:14:21.727,192
2,4272.0,2022-08-05 00:14:21.543,192
2,4271.0,2022-08-05 00:14:21.357,192
2,4270.0,2022-08-05 00:14:21.173,192
2,4269.0,2022-08-05 00:14:20.987,192
2,4268.0,2022-08-05 00:14:20.803,192
2,4267.0,2022-08-05 00:14:20.617,192
2,4266.0,2022-08-05 00:14:20.433,192
2,4265.0,2022-08-05 00:14:20.250,192
2,4264.0,2022-08-05 00:14:20.063,192
2,4263.0,2022-08-05 00:14:19.877,192
2,4262.0,2022-08-05 00:14:19.693,192
2,4261.0,2022-08-05 00:14:19.507,192
2,4260.0,2022-08-05 00:14:19.320,192
2,4259.0,2022-08-05 00:14:19.137,192
2,4258.0,2022-08-05 00:14:18.950,192
2,4257.0,2022-08-05 00:14:18.763,192
2,4256.0,2022-08-05 00:14:18.580,192
2,4255.0,2022-08-05 00:14:18.393,192
2,4254.0,2022-08-05 00:14:18.207,192
2,4253.0,2022-08-05 00:14:18.020,192
2,4252.0,2022-08-05 00:14:17.837,192
2,4251.0,2022-08-05 00:14:17.653,192
2,4250.0,2022-08-05 00:14:17.467,192
2,4249.0,2022-08-05 00:14:17.283,192
2,4248.0,2022-08-05 00:14:17.097,192
2,4247.0,2022-08-05 00:14:16.913,192
2,4246.0,2022-08-05 00:14:16.730,192
2,4245.0,2022-08-05 00:14:16.543,192
2,4244.0,2022-08-05 00:14:16.357,192
2,4243.0,2022-08-05 00:14:16.173,192
2,4242.0,2022-08-05 00:14:15.987,192
2,4241.0,2022-08-05 00:14:15.803,192
2,4240.0,2022-08-05 00:14:15.617,192
2,4239.0,2022-08-05 00:14:15.433,192
2,4238.0,2022-08-05 00:14:15.250,192
2,4237.0,2022-08-05 00:14:15.060,192
2,4236.0,2022-08-05 00:14:14.877,192
2,4235.0,2022-08-05 00:14:14.690,192
2,4234.0,2022-08-05 00:14:14.507,192
2,4233.0,2022-08-05 00:14:14.320,192
2,4232.0,2022-08-05 00:14:14.137,192
2,4231.0,2022-08-05 00:14:13.950,192
2,4230.0,2022-08-05 00:14:13.763,192
2,4229.0,2022-08-05 00:14:13.577,192
2,4228.0,2022-08-05 00:14:13.393,192
2,4227.0,2022-08-05 00:14:13.210,192
2,4226.0,2022-08-05 00:14:13.023,192
2,4225.0,2022-08-05 00:14:12.840,192
2,4224.0,2022-08-05 00:14:12.657,192
2,4223.0,2022-08-05 00:14:12.470,192
2,4222.0,2022-08-05 00:14:12.287,192
2,4221.0,2022-08-05 00:14:12.103,192
2,4220.0,2022-08-05 00:14:11.920,192
2,4219.0,2022-08-05 00:14:11.733,192
2,4218.0,2022-08-05 00:14:11.550,192
2,4217.0,2022-08-05 00:14:11.363,192
2,4216.0,2022-08-05 00:14:11.180,192
2,4215.0,2022-08-05 00:14:10.993,192
2,4214.0,2022-08-05 00:14:10.810,192
2,4213.0,2022-08-05 00:14:10.627,192
2,4212.0,2022-08-05 00:14:10.440,192
2,4211.0,2022-08-05 00:14:10.257,192
2,4210.0,2022-08-05 00:14:10.073,192
2,4209.0,2022-08-05 00:14:09.887,192
2,4208.0,2022-08-05 00:14:09.703,192
2,4207.0,2022-08-05 00:14:09.520,192
2,4206.0,2022-08-05 00:14:09.337,192
2,4205.0,2022-08-05 00:14:09.150,192
2,4204.0,2022-08-05 00:14:08.963,192
2,4203.0,2022-08-05 00:14:08.780,192
2,4202.0,2022-08-05 00:14:08.597,192
2,4201.0,2022-08-05 00:14:08.410,192
2,4200.0,2022-08-05 00:14:08.227,192
2,4199.0,2022-08-05 00:14:08.040,192
2,4198.0,2022-08-05 00:14:07.853,192
2,4197.0,2022-08-05 00:14:07.670,192
2,4196.0,2022-08-05 00:14:07.483,192
2,4195.0,2022-08-05 00:14:07.300,192
2,4194.0,2022-08-05 00:14:07.113,192
2,4193.0,2022-08-05 00:14:06.927,192
2,4192.0,2022-08-05 00:14:06.740,192
2,4191.0,2022-08-05 00:14:06.557,192
2,4190.0,2022-08-05 00:14:06.370,192
2,4189.0,2022-08-05 00:14:06.187,192
2,4188.0,2022-08-05 00:14:05.997,192
2,4187.0,2022-08-05 00:14:05.810,192
2,4186.0,2022-08-05 00:14:05.627,192
2,4185.0,2022-08-05 00:14:05.440,192
2,4184.0,2022-08-05 00:14:05.257,192
2,4183.0,2022-08-05 00:14:05.070,192
2,4182.0,2022-08-05 00:14:04.883,192
2,4181.0,2022-08-05 00:14:04.700,192
2,4180.0,2022-08-05 00:14:04.517,192
2,4179.0,2022-08-05 00:14:04.330,192
2,4178.0,2022-08-05 00:14:04.143,192
2,4177.0,2022-08-05 00:14:03.960,192
2,4176.0,2022-08-05 00:14:03.773,192
2,4175.0,2022-08-05 00:14:03.587,192
2,4174.0,2022-08-05 00:14:03.403,192
2,4173.0,2022-08-05 00:14:03.220,192
2,4172.0,2022-08-05 00:14:03.033,192
2,4171.0,2022-08-05 00:14:02.850,192
2,4170.0,2022-08-05 00:14:02.667,192
2,4169.0,2022-08-05 00:14:02.483,192
2,4168.0,2022-08-05 00:14:02.297,192
2,4167.0,2022-08-05 00:14:02.113,192
2,4166.0,2022-08-05 00:14:01.927,192
2,4165.0,2022-08-05 00:14:01.743,192
2,4164.0,2022-08-05 00:14:01.557,192
2,4163.0,2022-08-05 00:14:01.373,192
2,4162.0,2022-08-05 00:14:01.190,192
2,4161.0,2022-08-05 00:14:01.003,192
2,4160.0,2022-08-05 00:14:00.813,192
2,4159.0,2022-08-05 00:14:00.627,192
2,4158.0,2022-08-05 00:14:00.443,192
2,4157.0,2022-08-05 00:14:00.257,192
2,4156.0,2022-08-05 00:14:00.073,192
2,4155.0,2022-08-05 00:13:59.890,192
2,4154.0,2022-08-05 00:13:59.703,192
2,4153.0,2022-08-05 00:13:59.517,192
2,4152.0,2022-08-05 00:13:59.330,192
2,4151.0,2022-08-05 00:13:59.143,192
2,4150.0,2022-08-05 00:13:58.957,192
2,4149.0,2022-08-05 00:13:58.770,192
2,4148.0,2022-08-05 00:13:58.583,192
2,4147.0,2022-08-05 00:13:58.397,192
2,4146.0,2022-08-05 00:13:58.210,192
2,4145.0,2022-08-05 00:13:58.027,192
2,4144.0,2022-08-05 00:13:57.843,192
2,4143.0,2022-08-05 00:13:57.653,192
2,4142.0,2022-08-05 00:13:57.467,192
2,4141.0,2022-08-05 00:13:57.280,192
2,4140.0,2022-08-05 00:13:57.097,192
2,4139.0,2022-08-05 00:13:56.910,192
2,4138.0,2022-08-05 00:13:56.723,192
2,4137.0,2022-08-05 00:13:56.540,192
2,4136.0,2022-08-05 00:13:56.353,192
2,4135.0,2022-08-05 00:13:56.167,192
2,4134.0,2022-08-05 00:13:55.980,192
2,4133.0,2022-08-05 00:13:55.793,192
2,4132.0,2022-08-05 00:13:55.610,192
2,4131.0,2022-08-05 00:13:55.423,192
2,4130.0,2022-08-05 00:13:55.233,192
2,4129.0,2022-08-05 00:13:55.050,192
2,4128.0,2022-08-05 00:13:54.863,192
2,4127.0,2022-08-05 00:13:54.677,192
2,4126.0,2022-08-05 00:13:54.490,192
2,4125.0,2022-08-05 00:13:54.303,192
2,4124.0,2022-08-05 00:13:54.117,192
2,4123.0,2022-08-05 00:13:53.933,192
2,4122.0,2022-08-05 00:13:53.743,192
2,4121.0,2022-08-05 00:13:53.563,192
2,4120.0,2022-08-05 00:13:53.377,192
2,4119.0,2022-08-05 00:13:53.193,192
2,4118.0,2022-08-05 00:13:53.007,192
2,4117.0,2022-08-05 00:13:52.820,192
2,4116.0,2022-08-05 00:13:52.633,192
2,4115.0,2022-08-05 00:13:52.447,192
2,4114.0,2022-08-05 00:13:52.260,192
2,4113.0,2022-08-05 00:13:52.077,192
2,4112.0,2022-08-05 00:13:51.893,192
2,4111.0,2022-08-05 00:13:51.707,192
2,4110.0,2022-08-05 00:13:51.523,192
2,4109.0,2022-08-05 00:13:51.340,192
2,4108.0,2022-08-05 00:13:51.150,192
2,4107.0,2022-08-05 00:13:50.967,192
2,4106.0,2022-08-05 00:13:50.780,192
2,4105.0,2022-08-05 00:13:50.593,192
2,4104.0,2022-08-05 00:13:50.407,192
2,4103.0,2022-08-05 00:13:50.223,192
2,4102.0,2022-08-05 00:13:50.040,192
2,4101.0,2022-08-05 00:13:49.853,192
2,4100.0,2022-08-05 00:13:49.667,192
2,4099.0,2022-08-05 00:13:49.480,192
2,4098.0,2022-08-05 00:13:49.300,192
2,4097.0,2022-08-05 00:13:49.113,192
2,4096.0,2022-08-05 00:13:48.927,192
2,4095.0,2022-08-05 00:13:48.740,192
2,4094.0,2022-08-05 00:13:48.553,192
2,4093.0,2022-08-05 00:13:48.370,192
2,4092.0,2022-08-05 00:13:48.183,192
2,4091.0,2022-08-05 00:13:48.000,192
2,4090.0,2022-08-05 00:13:47.813,192
2,4089.0,2022-08-05 00:13:47.623,192
2,4088.0,2022-08-05 00:13:47.437,192
2,4087.0,2022-08-05 00:13:47.253,192
2,4086.0,2022-08-05 00:13:47.067,192
2,4085.0,2022-08-05 00:13:46.880,192
2,4084.0,2022-08-05 00:13:46.693,192
2,4083.0,2022-08-05 00:13:46.507,192
2,4082.0,2022-08-05 00:13:46.320,192
2,4081.0,2022-08-05 00:13:46.133,192
2,4080.0,2022-08-05 00:13:45.947,192
2,4079.0,2022-08-05 00:13:45.763,192
2,4078.0,2022-08-05 00:13:45.577,192
2,4077.0,2022-08-05 00:13:45.390,192
2,4076.0,2022-08-05 00:13:45.203,192
2,4075.0,2022-08-05 00:13:45.017,192
2,4074.0,2022-08-05 00:13:44.830,192
2,4073.0,2022-08-05 00:13:44.647,192
2,4072.0,2022-08-05 00:13:44.463,192
2,4071.0,2022-08-05 00:13:44.273,192
2,4070.0,2022-08-05 00:13:44.090,192
2,4069.0,2022-08-05 00:13:43.907,192
2,4068.0,2022-08-05 00:13:43.720,192
2,4067.0,2022-08-05 00:13:43.533,192
2,4066.0,2022-08-05 00:13:43.350,192
2,4065.0,2022-08-05 00:13:43.163,192
2,4064.0,2022-08-05 00:13:42.980,192
2,4063.0,2022-08-05 00:13:42.793,192
2,4062.0,2022-08-05 00:13:42.613,192
2,4061.0,2022-08-05 00:13:42.427,192
2,4060.0,2022-08-05 00:13:42.240,192
2,4059.0,2022-08-05 00:13:42.057,192
2,4058.0,2022-08-05 00:13:41.873,192
2,4057.0,2022-08-05 00:13:41.687,192
2,4056.0,2022-08-05 00:13:41.500,192
2,4055.0,2022-08-05 00:13:41.313,192
2,4054.0,2022-08-05 00:13:41.127,192
2,4053.0,2022-08-05 00:13:40.940,192
2,4052.0,2022-08-05 00:13:40.757,192
2,4051.0,2022-08-05 00:13:40.570,192
2,4050.0,2022-08-05 00:13:40.383,192
2,4049.0,2022-08-05 00:13:40.197,192
2,4048.0,2022-08-05 00:13:40.010,192
2,4047.0,2022-08-05 00:13:39.827,192
2,4046.0,2022-08-05 00:13:39.640,192
2,4045.0,2022-08-05 00:13:39.453,192
2,4044.0,2022-08-05 00:13:39.270,192
2,4043.0,2022-08-05 00:13:39.083,192
2,4042.0,2022-08-05 00:13:38.897,192
2,4041.0,2022-08-05 00:13:38.710,192
2,4040.0,2022-08-05 00:13:38.527,192
2,4039.0,2022-08-05 00:13:38.343,192
2,4038.0,2022-08-05 00:13:38.157,192
2,4037.0,2022-08-05 00:13:37.973,192
2,4036.0,2022-08-05 00:13:37.787,192
2,4035.0,2022-08-05 00:13:37.600,192
2,4034.0,2022-08-05 00:13:37.413,192
2,4033.0,2022-08-05 00:13:37.230,192
2,4032.0,2022-08-05 00:13:37.043,192
2,4031.0,2022-08-05 00:13:36.860,192
2,4030.0,2022-08-05 00:13:36.677,192
2,4029.0,2022-08-05 00:13:36.487,192
2,4028.0,2022-08-05 00:13:36.300,192
2,4027.0,2022-08-05 00:13:36.113,192
2,4026.0,2022-08-05 00:13:35.930,192
2,4025.0,2022-08-05 00:13:35.743,192
2,4024.0,2022-08-05 00:13:35.553,192
2,4023.0,2022-08-05 00:13:35.367,192
2,4022.0,2022-08-05 00:13:35.180,192
2,4021.0,2022-08-05 00:13:34.997,192
2,4020.0,2022-08-05 00:13:34.810,192
2,4019.0,2022-08-05 00:13:34.627,192
2,4018.0,2022-08-05 00:13:34.440,192
2,4017.0,2022-08-05 00:13:34.253,192
2,4016.0,2022-08-05 00:13:34.063,192
2,4015.0,2022-08-05 00:13:33.880,192
2,4014.0,2022-08-05 00:13:33.690,192
2,4013.0,2022-08-05 00:13:33.507,192
2,4012.0,2022-08-05 00:13:33.323,192
2,4011.0,2022-08-05 00:13:33.137,192
2,4010.0,2022-08-05 00:13:32.950,192
2,4009.0,2022-08-05 00:13:32.763,192
2,4008.0,2022-08-05 00:13:32.580,192
2,4007.0,2022-08-05 00:13:32.397,192
2,4006.0,2022-08-05 00:13:32.213,192
2,4005.0,2022-08-05 00:13:32.027,192
2,4004.0,2022-08-05 00:13:31.840,192
2,4003.0,2022-08-05 00:13:31.653,192
2,4002.0,2022-08-05 00:13:31.470,192
2,4001.0,2022-08-05 00:13:31.287,192
2,4000.0,2022-08-05 00:13:31.097,192
2,3999.0,2022-08-05 00:13:30.910,192
2,3998.0,2022-08-05 00:13:30.727,192
2,3997.0,2022-08-05 00:13:30.540,192
2,3996.0,2022-08-05 00:13:30.353,192
2,3995.0,2022-08-05 00:13:30.167,192
2,3994.0,2022-08-05 00:13:29.980,192
2,3993.0,2022-08-05 00:13:29.793,192
2,3992.0,2022-08-05 00:13:29.607,192
2,3991.0,2022-08-05 00:13:29.420,192
2,3990.0,2022-08-05 00:13:29.237,192
2,3989.0,2022-08-05 00:13:29.050,192
2,3988.0,2022-08-05 00:13:28.863,192
2,3987.0,2022-08-05 00:13:28.680,192
2,3986.0,2022-08-05 00:13:28.497,192
2,3985.0,2022-08-05 00:13:28.310,192
2,3984.0,2022-08-05 00:13:28.127,192
2,3983.0,2022-08-05 00:13:27.940,192
2,3982.0,2022-08-05 00:13:27.757,192
2,3981.0,2022-08-05 00:13:27.570,192
2,3980.0,2022-08-05 00:13:27.383,192
2,3979.0,2022-08-05 00:13:27.197,192
2,3978.0,2022-08-05 00:13:27.010,192
2,3977.0,2022-08-05 00:13:26.823,192
2,3976.0,2022-08-05 00:13:26.633,192
2,3975.0,2022-08-05 00:13:26.450,192
2,3974.0,2022-08-05 00:13:26.263,192
2,3973.0,2022-08-05 00:13:26.077,192
2,3972.0,2022-08-05 00:13:25.893,192
2,3971.0,2022-08-05 00:13:25.707,192
2,3970.0,2022-08-05 00:13:25.517,192
2,3969.0,2022-08-05 00:13:25.330,192
2,3968.0,2022-08-05 00:13:25.147,192
2,3967.0,2022-08-05 00:13:24.963,192
2,3966.0,2022-08-05 00:13:24.773,192
2,3965.0,2022-08-05 00:13:24.587,192
2,3964.0,2022-08-05 00:13:24.400,192
2,3963.0,2022-08-05 00:13:24.217,192
2,3962.0,2022-08-05 00:13:24.033,192
2,3961.0,2022-08-05 00:13:23.847,192
2,3960.0,2022-08-05 00:13:23.663,192
2,3959.0,2022-08-05 00:13:23.473,192
2,3958.0,2022-08-05 00:13:23.290,192
2,3957.0,2022-08-05 00:13:23.103,192
2,3956.0,2022-08-05 00:13:22.920,192
2,3955.0,2022-08-05 00:13:22.733,192
2,3954.0,2022-08-05 00:13:22.547,192
2,3953.0,2022-08-05 00:13:22.363,192
2,3952.0,2022-08-05 00:13:22.180,192
2,3951.0,2022-08-05 00:13:21.997,192
2,3950.0,2022-08-05 00:13:21.813,192
2,3949.0,2022-08-05 00:13:21.623,192
2,3948.0,2022-08-05 00:13:21.437,192
2,3947.0,2022-08-05 00:13:21.253,192
2,3946.0,2022-08-05 00:13:21.070,192
2,3945.0,2022-08-05 00:13:20.883,192
2,3944.0,2022-08-05 00:13:20.697,192
2,3943.0,2022-08-05 00:13:20.510,192
2,3942.0,2022-08-05 00:13:20.323,192
2,3941.0,2022-08-05 00:13:20.140,192
2,3940.0,2022-08-05 00:13:19.953,192
2,3939.0,2022-08-05 00:13:19.767,192
2,3938.0,2022-08-05 00:13:19.583,192
2,3937.0,2022-08-05 00:13:19.400,192
2,3936.0,2022-08-05 00:13:19.213,192
2,3935.0,2022-08-05 00:13:19.027,192
2,3934.0,2022-08-05 00:13:18.843,192
2,3933.0,2022-08-05 00:13:18.657,192
2,3932.0,2022-08-05 00:13:18.470,192
2,3931.0,2022-08-05 00:13:18.287,192
2,3930.0,2022-08-05 00:13:18.097,192
2,3929.0,2022-08-05 00:13:17.913,192
2,3928.0,2022-08-05 00:13:17.727,192
2,3927.0,2022-08-05 00:13:17.540,192
2,3926.0,2022-08-05 00:13:17.353,192
2,3925.0,2022-08-05 00:13:17.167,192
2,3924.0,2022-08-05 00:13:16.980,192
2,3923.0,2022-08-05 00:13:16.793,192
2,3922.0,2022-08-05 00:13:16.607,192
2,3921.0,2022-08-05 00:13:16.420,192
2,3920.0,2022-08-05 00:13:16.233,192
2,3919.0,2022-08-05 00:13:16.047,192
2,3918.0,2022-08-05 00:13:15.860,192
2,3917.0,2022-08-05 00:13:15.677,192
2,3916.0,2022-08-05 00:13:15.493,192
2,3915.0,2022-08-05 00:13:15.307,192
2,3914.0,2022-08-05 00:13:15.123,192
2,3913.0,2022-08-05 00:13:14.937,192
2,3912.0,2022-08-05 00:13:14.750,192
2,3911.0,2022-08-05 00:13:14.563,192
2,3910.0,2022-08-05 00:13:14.380,192
2,3909.0,2022-08-05 00:13:14.193,192
2,3908.0,2022-08-05 00:13:14.007,192
2,3907.0,2022-08-05 00:13:13.820,192
2,3906.0,2022-08-05 00:13:13.637,192
2,3905.0,2022-08-05 00:13:13.450,192
2,3904.0,2022-08-05 00:13:13.263,192
2,3903.0,2022-08-05 00:13:13.073,192
2,3902.0,2022-08-05 00:13:12.893,192
2,3901.0,2022-08-05 00:13:12.707,192
2,3900.0,2022-08-05 00:13:12.520,192
2,3899.0,2022-08-05 00:13:12.333,192
2,3898.0,2022-08-05 00:13:12.147,192
2,3897.0,2022-08-05 00:13:11.957,192
2,3896.0,2022-08-05 00:13:11.773,192
2,3895.0,2022-08-05 00:13:11.587,192
2,3894.0,2022-08-05 00:13:11.400,192
2,3893.0,2022-08-05 00:13:11.213,192
2,3892.0,2022-08-05 00:13:11.027,192
2,3891.0,2022-08-05 00:13:10.843,192
2,3890.0,2022-08-05 00:13:10.657,192
2,3889.0,2022-08-05 00:13:10.470,192
2,3888.0,2022-08-05 00:13:10.283,192
2,3887.0,2022-08-05 00:13:10.097,192
2,3886.0,2022-08-05 00:13:09.910,192
2,3885.0,2022-08-05 00:13:09.723,192
2,3884.0,2022-08-05 00:13:09.540,192
2,3883.0,2022-08-05 00:13:09.353,192
2,3882.0,2022-08-05 00:13:09.167,192
2,3881.0,2022-08-05 00:13:08.983,192
2,3880.0,2022-08-05 00:13:08.797,192
2,3879.0,2022-08-05 00:13:08.610,192
2,3878.0,2022-08-05 00:13:08.423,192
2,3877.0,2022-08-05 00:13:08.237,192
2,3876.0,2022-08-05 00:13:08.050,192
2,3875.0,2022-08-05 00:13:07.863,192
2,3874.0,2022-08-05 00:13:07.677,192
2,3873.0,2022-08-05 00:13:07.490,192
2,3872.0,2022-08-05 00:13:07.307,192
2,3871.0,2022-08-05 00:13:07.123,192
2,3870.0,2022-08-05 00:13:06.937,192
2,3869.0,2022-08-05 00:13:06.750,192
2,3868.0,2022-08-05 00:13:06.567,192
2,3867.0,2022-08-05 00:13:06.380,192
2,3866.0,2022-08-05 00:13:06.197,192
2,3865.0,2022-08-05 00:13:06.013,192
2,3864.0,2022-08-05 00:13:05.830,192
2,3863.0,2022-08-05 00:13:05.647,192
2,3862.0,2022-08-05 00:13:05.460,192
2,3861.0,2022-08-05 00:13:05.273,192
2,3860.0,2022-08-05 00:13:05.087,192
2,3859.0,2022-08-05 00:13:04.900,192
2,3858.0,2022-08-05 00:13:04.713,192
2,3857.0,2022-08-05 00:13:04.530,192
2,3856.0,2022-08-05 00:13:04.343,192
2,3855.0,2022-08-05 00:13:04.157,192
2,3854.0,2022-08-05 00:13:03.973,192
2,3853.0,2022-08-05 00:13:03.783,192
2,3852.0,2022-08-05 00:13:03.600,192
2,3851.0,2022-08-05 00:13:03.413,192
2,3850.0,2022-08-05 00:13:03.230,192
2,3849.0,2022-08-05 00:13:03.043,192
2,3848.0,2022-08-05 00:13:02.857,192
2,3847.0,2022-08-05 00:13:02.670,192
2,3846.0,2022-08-05 00:13:02.487,192
2,3845.0,2022-08-05 00:13:02.300,192
2,3844.0,2022-08-05 00:13:02.117,192
2,3843.0,2022-08-05 00:13:01.930,192
2,3842.0,2022-08-05 00:13:01.743,192
2,3841.0,2022-08-05 00:13:01.557,192
2,3840.0,2022-08-05 00:13:01.370,192
2,3839.0,2022-08-05 00:13:01.183,192
2,3838.0,2022-08-05 00:13:00.997,192
2,3837.0,2022-08-05 00:13:00.807,192
2,3836.0,2022-08-05 00:13:00.623,192
2,3835.0,2022-08-05 00:13:00.437,192
2,3834.0,2022-08-05 00:13:00.253,192
2,3833.0,2022-08-05 00:13:00.067,192
2,3832.0,2022-08-05 00:12:59.880,192
2,3831.0,2022-08-05 00:12:59.693,192
2,3830.0,2022-08-05 00:12:59.507,192
2,3829.0,2022-08-05 00:12:59.320,192
2,3828.0,2022-08-05 00:12:59.133,192
2,3827.0,2022-08-05 00:12:58.947,192
2,3826.0,2022-08-05 00:12:58.760,192
2,3825.0,2022-08-05 00:12:58.570,192
2,3824.0,2022-08-05 00:12:58.387,192
2,3823.0,2022-08-05 00:12:58.203,192
2,3822.0,2022-08-05 00:12:58.017,192
2,3821.0,2022-08-05 00:12:57.830,192
2,3820.0,2022-08-05 00:12:57.643,192
2,3819.0,2022-08-05 00:12:57.460,192
2,3818.0,2022-08-05 00:12:57.277,192
2,3817.0,2022-08-05 00:12:57.090,192
2,3816.0,2022-08-05 00:12:56.903,192
2,3815.0,2022-08-05 00:12:56.720,192
2,3814.0,2022-08-05 00:12:56.530,192
2,3813.0,2022-08-05 00:12:56.347,192
2,3812.0,2022-08-05 00:12:56.160,192
2,3811.0,2022-08-05 00:12:55.973,192
2,3810.0,2022-08-05 00:12:55.783,192
2,3809.0,2022-08-05 00:12:55.600,192
2,3808.0,2022-08-05 00:12:55.413,192
2,3807.0,2022-08-05 00:12:55.227,192
2,3806.0,2022-08-05 00:12:55.043,192
2,3805.0,2022-08-05 00:12:54.860,192
2,3804.0,2022-08-05 00:12:54.673,192
2,3803.0,2022-08-05 00:12:54.490,192
2,3802.0,2022-08-05 00:12:54.303,192
2,3801.0,2022-08-05 00:12:54.117,192
2,3800.0,2022-08-05 00:12:53.930,192
2,3799.0,2022-08-05 00:12:53.743,192
2,3798.0,2022-08-05 00:12:53.560,192
2,3797.0,2022-08-05 00:12:53.373,192
2,3796.0,2022-08-05 00:12:53.187,192
2,3795.0,2022-08-05 00:12:53.000,192
2,3794.0,2022-08-05 00:12:52.817,192
2,3793.0,2022-08-05 00:12:52.630,192
2,3792.0,2022-08-05 00:12:52.443,192
2,3791.0,2022-08-05 00:12:52.257,192
2,3790.0,2022-08-05 00:12:52.073,192
2,3789.0,2022-08-05 00:12:51.887,192
2,3788.0,2022-08-05 00:12:51.703,192
2,3787.0,2022-08-05 00:12:51.517,192
2,3786.0,2022-08-05 00:12:51.333,192
2,3785.0,2022-08-05 00:12:51.147,192
2,3784.0,2022-08-05 00:12:50.960,192
2,3783.0,2022-08-05 00:12:50.773,192
2,3782.0,2022-08-05 00:12:50.590,192
2,3781.0,2022-08-05 00:12:50.403,192
2,3780.0,2022-08-05 00:12:50.220,192
2,3779.0,2022-08-05 00:12:50.033,192
2,3778.0,2022-08-05 00:12:49.847,192
2,3777.0,2022-08-05 00:12:49.663,192
2,3776.0,2022-08-05 00:12:49.477,192
2,3775.0,2022-08-05 00:12:49.290,192
2,3774.0,2022-08-05 00:12:49.103,192
2,3773.0,2022-08-05 00:12:48.917,192
2,3772.0,2022-08-05 00:12:48.730,192
2,3771.0,2022-08-05 00:12:48.543,192
2,3770.0,2022-08-05 00:12:48.360,192
2,3769.0,2022-08-05 00:12:48.173,192
2,3768.0,2022-08-05 00:12:47.987,192
2,3767.0,2022-08-05 00:12:47.797,192
2,3766.0,2022-08-05 00:12:47.610,192
2,3765.0,2022-08-05 00:12:47.423,192
2,3764.0,2022-08-05 00:12:47.240,192
2,3763.0,2022-08-05 00:12:47.053,192
2,3762.0,2022-08-05 00:12:46.867,192
2,3761.0,2022-08-05 00:12:46.680,192
2,3760.0,2022-08-05 00:12:46.493,192
2,3759.0,2022-08-05 00:12:46.307,192
2,3758.0,2022-08-05 00:12:46.120,192
2,3757.0,2022-08-05 00:12:45.937,192
2,3756.0,2022-08-05 00:12:45.753,192
2,3755.0,2022-08-05 00:12:45.570,192
2,3754.0,2022-08-05 00:12:45.380,192
2,3753.0,2022-08-05 00:12:45.193,192
2,3752.0,2022-08-05 00:12:45.007,192
2,3751.0,2022-08-05 00:12:44.820,192
2,3750.0,2022-08-05 00:12:44.637,192
2,3749.0,2022-08-05 00:12:44.450,192
2,3748.0,2022-08-05 00:12:44.267,192
2,3747.0,2022-08-05 00:12:44.080,192
2,3746.0,2022-08-05 00:12:43.893,192
2,3745.0,2022-08-05 00:12:43.707,192
2,3744.0,2022-08-05 00:12:43.523,192
2,3743.0,2022-08-05 00:12:43.337,192
2,3742.0,2022-08-05 00:12:43.150,192
2,3741.0,2022-08-05 00:12:42.967,192
2,3740.0,2022-08-05 00:12:42.780,192
2,3739.0,2022-08-05 00:12:42.593,192
2,3738.0,2022-08-05 00:12:42.407,192
2,3737.0,2022-08-05 00:12:42.220,192
2,3736.0,2022-08-05 00:12:42.033,192
2,3735.0,2022-08-05 00:12:41.850,192
2,3734.0,2022-08-05 00:12:41.667,192
2,3733.0,2022-08-05 00:12:41.480,192
2,3732.0,2022-08-05 00:12:41.297,192
2,3731.0,2022-08-05 00:12:41.113,192
2,3730.0,2022-08-05 00:12:40.930,192
2,3729.0,2022-08-05 00:12:40.743,192
2,3728.0,2022-08-05 00:12:40.557,192
2,3727.0,2022-08-05 00:12:40.373,192
2,3726.0,2022-08-05 00:12:40.187,192
2,3725.0,2022-08-05 00:12:40.000,192
2,3724.0,2022-08-05 00:12:39.817,192
2,3723.0,2022-08-05 00:12:39.630,192
2,3722.0,2022-08-05 00:12:39.447,192
2,3721.0,2022-08-05 00:12:39.260,192
2,3720.0,2022-08-05 00:12:39.073,192
2,3719.0,2022-08-05 00:12:38.887,192
2,3718.0,2022-08-05 00:12:38.703,192
2,3717.0,2022-08-05 00:12:38.520,192
2,3716.0,2022-08-05 00:12:38.330,192
2,3715.0,2022-08-05 00:12:38.143,192
2,3714.0,2022-08-05 00:12:37.960,192
2,3713.0,2022-08-05 00:12:37.773,192
2,3712.0,2022-08-05 00:12:37.590,192
2,3711.0,2022-08-05 00:12:37.403,192
2,3710.0,2022-08-05 00:12:37.223,192
2,3709.0,2022-08-05 00:12:37.037,192
2,3708.0,2022-08-05 00:12:36.850,192
2,3707.0,2022-08-05 00:12:36.667,192
2,3706.0,2022-08-05 00:12:36.480,192
2,3705.0,2022-08-05 00:12:36.293,192
2,3704.0,2022-08-05 00:12:36.107,192
2,3703.0,2022-08-05 00:12:35.923,192
2,3702.0,2022-08-05 00:12:35.737,192
2,3701.0,2022-08-05 00:12:35.550,192
2,3700.0,2022-08-05 00:12:35.363,192
2,3699.0,2022-08-05 00:12:35.180,192
2,3698.0,2022-08-05 00:12:34.993,192
2,3697.0,2022-08-05 00:12:34.807,192
2,3696.0,2022-08-05 00:12:34.623,192
2,3695.0,2022-08-05 00:12:34.437,192
2,3694.0,2022-08-05 00:12:34.250,192
2,3693.0,2022-08-05 00:12:34.063,192
2,3692.0,2022-08-05 00:12:33.877,192
2,3691.0,2022-08-05 00:12:33.690,192
2,3690.0,2022-08-05 00:12:33.503,192
2,3689.0,2022-08-05 00:12:33.317,192
2,3688.0,2022-08-05 00:12:33.130,192
2,3687.0,2022-08-05 00:12:32.947,192
2,3686.0,2022-08-05 00:12:32.760,192
2,3685.0,2022-08-05 00:12:32.570,192
2,3684.0,2022-08-05 00:12:32.383,192
2,3683.0,2022-08-05 00:12:32.197,192
2,3682.0,2022-08-05 00:12:32.010,192
2,3681.0,2022-08-05 00:12:31.823,192
2,3680.0,2022-08-05 00:12:31.637,192
2,3679.0,2022-08-05 00:12:31.450,192
2,3678.0,2022-08-05 00:12:31.263,192
2,3677.0,2022-08-05 00:12:31.077,192
2,3676.0,2022-08-05 00:12:30.890,192
2,3675.0,2022-08-05 00:12:30.700,192
2,3674.0,2022-08-05 00:12:30.513,192
2,3673.0,2022-08-05 00:12:30.330,192
2,3672.0,2022-08-05 00:12:30.140,192
2,3671.0,2022-08-05 00:12:29.953,192
2,3670.0,2022-08-05 00:12:29.770,192
2,3669.0,2022-08-05 00:12:29.583,192
2,3668.0,2022-08-05 00:12:29.397,192
2,3667.0,2022-08-05 00:12:29.210,192
2,3666.0,2022-08-05 00:12:29.027,192
2,3665.0,2022-08-05 00:12:28.840,192
2,3664.0,2022-08-05 00:12:28.657,192
2,3663.0,2022-08-05 00:12:28.470,192
2,3662.0,2022-08-05 00:12:28.287,192
2,3661.0,2022-08-05 00:12:28.100,192
2,3660.0,2022-08-05 00:12:27.913,192
2,3659.0,2022-08-05 00:12:27.723,192
2,3658.0,2022-08-05 00:12:27.537,192
2,3657.0,2022-08-05 00:12:27.353,192
2,3656.0,2022-08-05 00:12:27.167,192
2,3655.0,2022-08-05 00:12:26.980,192
2,3654.0,2022-08-05 00:12:26.793,192
2,3653.0,2022-08-05 00:12:26.607,192
2,3652.0,2022-08-05 00:12:26.423,192
2,3651.0,2022-08-05 00:12:26.237,192
2,3650.0,2022-08-05 00:12:26.050,192
2,3649.0,2022-08-05 00:12:25.863,192
2,3648.0,2022-08-05 00:12:25.677,192
2,3647.0,2022-08-05 00:12:25.493,192
2,3646.0,2022-08-05 00:12:25.307,192
2,3645.0,2022-08-05 00:12:25.123,192
2,3644.0,2022-08-05 00:12:24.940,192
2,3643.0,2022-08-05 00:12:24.753,192
2,3642.0,2022-08-05 00:12:24.567,192
2,3641.0,2022-08-05 00:12:24.380,192
2,3640.0,2022-08-05 00:12:24.193,192
2,3639.0,2022-08-05 00:12:24.003,192
2,3638.0,2022-08-05 00:12:23.817,192
2,3637.0,2022-08-05 00:12:23.633,192
2,3636.0,2022-08-05 00:12:23.447,192
2,3635.0,2022-08-05 00:12:23.263,192
2,3634.0,2022-08-05 00:12:23.077,192
2,3633.0,2022-08-05 00:12:22.893,192
2,3632.0,2022-08-05 00:12:22.707,192
2,3631.0,2022-08-05 00:12:22.523,192
2,3630.0,2022-08-05 00:12:22.333,192
2,3629.0,2022-08-05 00:12:22.147,192
2,3628.0,2022-08-05 00:12:21.960,192
2,3627.0,2022-08-05 00:12:21.777,192
2,3626.0,2022-08-05 00:12:21.587,192
2,3625.0,2022-08-05 00:12:21.403,192
2,3624.0,2022-08-05 00:12:21.217,192
2,3623.0,2022-08-05 00:12:21.027,192
2,3622.0,2022-08-05 00:12:20.840,192
2,3621.0,2022-08-05 00:12:20.653,192
2,3620.0,2022-08-05 00:12:20.467,192
2,3619.0,2022-08-05 00:12:20.280,192
2,3618.0,2022-08-05 00:12:20.097,192
2,3617.0,2022-08-05 00:12:19.910,192
2,3616.0,2022-08-05 00:12:19.727,192
2,3615.0,2022-08-05 00:12:19.540,192
2,3614.0,2022-08-05 00:12:19.357,192
2,3613.0,2022-08-05 00:12:19.170,192
2,3612.0,2022-08-05 00:12:18.983,192
2,3611.0,2022-08-05 00:12:18.800,192
2,3610.0,2022-08-05 00:12:18.613,192
2,3609.0,2022-08-05 00:12:18.427,192
2,3608.0,2022-08-05 00:12:18.240,192
2,3607.0,2022-08-05 00:12:18.057,192
2,3606.0,2022-08-05 00:12:17.873,192
2,3605.0,2022-08-05 00:12:17.690,192
2,3604.0,2022-08-05 00:12:17.503,192
2,3603.0,2022-08-05 00:12:17.320,192
2,3602.0,2022-08-05 00:12:17.133,192
2,3601.0,2022-08-05 00:12:16.950,192
2,3600.0,2022-08-05 00:12:16.767,192
2,3599.0,2022-08-05 00:12:16.580,192
2,3598.0,2022-08-05 00:12:16.397,192
2,3597.0,2022-08-05 00:12:16.210,192
2,3596.0,2022-08-05 00:12:16.023,192
2,3595.0,2022-08-05 00:12:15.840,192
2,3594.0,2022-08-05 00:12:15.650,192
2,3593.0,2022-08-05 00:12:15.463,192
2,3592.0,2022-08-05 00:12:15.277,192
2,3591.0,2022-08-05 00:12:15.090,192
2,3590.0,2022-08-05 00:12:14.903,192
2,3589.0,2022-08-05 00:12:14.720,192
2,3588.0,2022-08-05 00:12:14.533,192
2,3587.0,2022-08-05 00:12:14.343,192
2,3586.0,2022-08-05 00:12:14.160,192
2,3585.0,2022-08-05 00:12:13.973,192
2,3584.0,2022-08-05 00:12:13.790,192
2,3583.0,2022-08-05 00:12:13.607,192
2,3582.0,2022-08-05 00:12:13.420,192
2,3581.0,2022-08-05 00:12:13.233,192
2,3580.0,2022-08-05 00:12:13.047,192
2,3579.0,2022-08-05 00:12:12.860,192
2,3578.0,2022-08-05 00:12:12.677,192
2,3577.0,2022-08-05 00:12:12.490,192
2,3576.0,2022-08-05 00:12:12.303,192
2,3575.0,2022-08-05 00:12:12.120,192
2,3574.0,2022-08-05 00:12:11.937,192
2,3573.0,2022-08-05 00:12:11.750,192
2,3572.0,2022-08-05 00:12:11.560,192
2,3571.0,2022-08-05 00:12:11.373,192
2,3570.0,2022-08-05 00:12:11.187,192
2,3569.0,2022-08-05 00:12:11.000,192
2,3568.0,2022-08-05 00:12:10.817,192
2,3567.0,2022-08-05 00:12:10.630,192
2,3566.0,2022-08-05 00:12:10.447,192
2,3565.0,2022-08-05 00:12:10.263,192
2,3564.0,2022-08-05 00:12:10.077,192
2,3563.0,2022-08-05 00:12:09.890,192
2,3562.0,2022-08-05 00:12:09.707,192
2,3561.0,2022-08-05 00:12:09.520,192
2,3560.0,2022-08-05 00:12:09.333,192
2,3559.0,2022-08-05 00:12:09.143,192
2,3558.0,2022-08-05 00:12:08.960,192
2,3557.0,2022-08-05 00:12:08.773,192
2,3556.0,2022-08-05 00:12:08.583,192
2,3555.0,2022-08-05 00:12:08.400,192
2,3554.0,2022-08-05 00:12:08.213,192
2,3553.0,2022-08-05 00:12:08.030,192
2,3552.0,2022-08-05 00:12:07.847,192
2,3551.0,2022-08-05 00:12:07.660,192
2,3550.0,2022-08-05 00:12:07.477,192
2,3549.0,2022-08-05 00:12:07.290,192
2,3548.0,2022-08-05 00:12:07.107,192
2,3547.0,2022-08-05 00:12:06.920,192
2,3546.0,2022-08-05 00:12:06.737,192
2,3545.0,2022-08-05 00:12:06.553,192
2,3544.0,2022-08-05 00:12:06.367,192
2,3543.0,2022-08-05 00:12:06.183,192
2,3542.0,2022-08-05 00:12:05.997,192
2,3541.0,2022-08-05 00:12:05.810,192
2,3540.0,2022-08-05 00:12:05.627,192
2,3539.0,2022-08-05 00:12:05.440,192
2,3538.0,2022-08-05 00:12:05.253,192
2,3537.0,2022-08-05 00:12:05.067,192
2,3536.0,2022-08-05 00:12:04.880,192
2,3535.0,2022-08-05 00:12:04.693,192
2,3534.0,2022-08-05 00:12:04.510,192
2,3533.0,2022-08-05 00:12:04.323,192
2,3532.0,2022-08-05 00:12:04.140,192
2,3531.0,2022-08-05 00:12:03.953,192
2,3530.0,2022-08-05 00:12:03.767,192
2,3529.0,2022-08-05 00:12:03.580,192
2,3528.0,2022-08-05 00:12:03.400,192
2,3527.0,2022-08-05 00:12:03.213,192
2,3526.0,2022-08-05 00:12:03.030,192
2,3525.0,2022-08-05 00:12:02.843,192
2,3524.0,2022-08-05 00:12:02.660,192
2,3523.0,2022-08-05 00:12:02.473,192
2,3522.0,2022-08-05 00:12:02.287,192
2,3521.0,2022-08-05 00:12:02.100,192
2,3520.0,2022-08-05 00:12:01.917,192
2,3519.0,2022-08-05 00:12:01.730,192
2,3518.0,2022-08-05 00:12:01.543,192
2,3517.0,2022-08-05 00:12:01.353,192
2,3516.0,2022-08-05 00:12:01.170,192
2,3515.0,2022-08-05 00:12:00.983,192
2,3514.0,2022-08-05 00:12:00.800,192
2,3513.0,2022-08-05 00:12:00.613,192
2,3512.0,2022-08-05 00:12:00.423,192
2,3511.0,2022-08-05 00:12:00.240,192
2,3510.0,2022-08-05 00:12:00.053,192
2,3509.0,2022-08-05 00:11:59.867,192
2,3508.0,2022-08-05 00:11:59.677,192
2,3507.0,2022-08-05 00:11:59.493,192
2,3506.0,2022-08-05 00:11:59.310,192
2,3505.0,2022-08-05 00:11:59.120,192
2,3504.0,2022-08-05 00:11:58.933,192
2,3503.0,2022-08-05 00:11:58.750,192
2,3502.0,2022-08-05 00:11:58.563,192
2,3501.0,2022-08-05 00:11:58.380,192
2,3500.0,2022-08-05 00:11:58.197,192
2,3499.0,2022-08-05 00:11:58.013,192
2,3498.0,2022-08-05 00:11:57.827,192
2,3497.0,2022-08-05 00:11:57.643,192
2,3496.0,2022-08-05 00:11:57.460,192
2,3495.0,2022-08-05 00:11:57.277,192
2,3494.0,2022-08-05 00:11:57.093,192
2,3493.0,2022-08-05 00:11:56.910,192
2,3492.0,2022-08-05 00:11:56.723,192
2,3491.0,2022-08-05 00:11:56.540,192
2,3490.0,2022-08-05 00:11:56.353,192
2,3489.0,2022-08-05 00:11:56.173,192
2,3488.0,2022-08-05 00:11:55.990,192
2,3487.0,2022-08-05 00:11:55.803,192
2,3486.0,2022-08-05 00:11:55.617,192
2,3485.0,2022-08-05 00:11:55.430,192
2,3484.0,2022-08-05 00:11:55.247,192
2,3483.0,2022-08-05 00:11:55.057,192
2,3482.0,2022-08-05 00:11:54.870,192
2,3481.0,2022-08-05 00:11:54.683,192
2,3480.0,2022-08-05 00:11:54.500,192
2,3479.0,2022-08-05 00:11:54.313,192
2,3478.0,2022-08-05 00:11:54.127,192
2,3477.0,2022-08-05 00:11:53.937,192
2,3476.0,2022-08-05 00:11:53.750,192
2,3475.0,2022-08-05 00:11:53.563,192
2,3474.0,2022-08-05 00:11:53.380,192
2,3473.0,2022-08-05 00:11:53.193,192
2,3472.0,2022-08-05 00:11:53.007,192
2,3471.0,2022-08-05 00:11:52.817,192
2,3470.0,2022-08-05 00:11:52.633,192
2,3469.0,2022-08-05 00:11:52.447,192
2,3468.0,2022-08-05 00:11:52.260,192
2,3467.0,2022-08-05 00:11:52.073,192
2,3466.0,2022-08-05 00:11:51.887,192
2,3465.0,2022-08-05 00:11:51.703,192
2,3464.0,2022-08-05 00:11:51.520,192
2,3463.0,2022-08-05 00:11:51.333,192
2,3462.0,2022-08-05 00:11:51.147,192
2,3461.0,2022-08-05 00:11:50.960,192
2,3460.0,2022-08-05 00:11:50.773,192
2,3459.0,2022-08-05 00:11:50.587,192
2,3458.0,2022-08-05 00:11:50.407,192
2,3457.0,2022-08-05 00:11:50.220,192
2,3456.0,2022-08-05 00:11:50.037,192
2,3455.0,2022-08-05 00:11:49.850,192
2,3454.0,2022-08-05 00:11:49.663,192
2,3453.0,2022-08-05 00:11:49.477,192
2,3452.0,2022-08-05 00:11:49.293,192
2,3451.0,2022-08-05 00:11:49.107,192
2,3450.0,2022-08-05 00:11:48.920,192
2,3449.0,2022-08-05 00:11:48.733,192
2,3448.0,2022-08-05 00:11:48.550,192
2,3447.0,2022-08-05 00:11:48.367,192
2,3446.0,2022-08-05 00:11:48.180,192
2,3445.0,2022-08-05 00:11:47.997,192
2,3444.0,2022-08-05 00:11:47.813,192
2,3443.0,2022-08-05 00:11:47.630,192
2,3442.0,2022-08-05 00:11:47.450,192
2,3441.0,2022-08-05 00:11:47.263,192
2,3440.0,2022-08-05 00:11:47.080,192
2,3439.0,2022-08-05 00:11:46.893,192
2,3438.0,2022-08-05 00:11:46.710,192
2,3437.0,2022-08-05 00:11:46.523,192
2,3436.0,2022-08-05 00:11:46.340,192
2,3435.0,2022-08-05 00:11:46.157,192
2,3434.0,2022-08-05 00:11:45.970,192
2,3433.0,2022-08-05 00:11:45.787,192
2,3432.0,2022-08-05 00:11:45.603,192
2,3431.0,2022-08-05 00:11:45.420,192
2,3430.0,2022-08-05 00:11:45.233,192
2,3429.0,2022-08-05 00:11:45.050,192
2,3428.0,2022-08-05 00:11:44.863,192
2,3427.0,2022-08-05 00:11:44.677,192
2,3426.0,2022-08-05 00:11:44.490,192
2,3425.0,2022-08-05 00:11:44.307,192
2,3424.0,2022-08-05 00:11:44.123,192
2,3423.0,2022-08-05 00:11:43.937,192
2,3422.0,2022-08-05 00:11:43.750,192
2,3421.0,2022-08-05 00:11:43.567,192
2,3420.0,2022-08-05 00:11:43.380,192
2,3419.0,2022-08-05 00:11:43.193,192
2,3418.0,2022-08-05 00:11:43.013,192
2,3417.0,2022-08-05 00:11:42.827,192
2,3416.0,2022-08-05 00:11:42.640,192
2,3415.0,2022-08-05 00:11:42.457,192
2,3414.0,2022-08-05 00:11:42.273,192
2,3413.0,2022-08-05 00:11:42.090,192
2,3412.0,2022-08-05 00:11:41.903,192
2,3411.0,2022-08-05 00:11:41.720,192
2,3410.0,2022-08-05 00:11:41.537,192
2,3409.0,2022-08-05 00:11:41.350,192
2,3408.0,2022-08-05 00:11:41.163,192
2,3407.0,2022-08-05 00:11:40.983,192
2,3406.0,2022-08-05 00:11:40.797,192
2,3405.0,2022-08-05 00:11:40.613,192
2,3404.0,2022-08-05 00:11:40.427,192
2,3403.0,2022-08-05 00:11:40.243,192
2,3402.0,2022-08-05 00:11:40.060,192
2,3401.0,2022-08-05 00:11:39.877,192
2,3400.0,2022-08-05 00:11:39.693,192
2,3399.0,2022-08-05 00:11:39.510,192
2,3398.0,2022-08-05 00:11:39.323,192
2,3397.0,2022-08-05 00:11:39.140,192
2,3396.0,2022-08-05 00:11:38.957,192
2,3395.0,2022-08-05 00:11:38.773,192
2,3394.0,2022-08-05 00:11:38.587,192
2,3393.0,2022-08-05 00:11:38.403,192
2,3392.0,2022-08-05 00:11:38.217,192
2,3391.0,2022-08-05 00:11:38.033,192
2,3390.0,2022-08-05 00:11:37.847,192
2,3389.0,2022-08-05 00:11:37.663,192
2,3388.0,2022-08-05 00:11:37.477,192
2,3387.0,2022-08-05 00:11:37.293,192
2,3386.0,2022-08-05 00:11:37.110,192
2,3385.0,2022-08-05 00:11:36.923,192
2,3384.0,2022-08-05 00:11:36.743,192
2,3383.0,2022-08-05 00:11:36.557,192
2,3382.0,2022-08-05 00:11:36.373,192
2,3381.0,2022-08-05 00:11:36.190,192
2,3380.0,2022-08-05 00:11:36.003,192
2,3379.0,2022-08-05 00:11:35.817,192
2,3378.0,2022-08-05 00:11:35.633,192
2,3377.0,2022-08-05 00:11:35.447,192
2,3376.0,2022-08-05 00:11:35.260,192
2,3375.0,2022-08-05 00:11:35.073,192
2,3374.0,2022-08-05 00:11:34.887,192
2,3373.0,2022-08-05 00:11:34.700,192
2,3372.0,2022-08-05 00:11:34.513,192
2,3371.0,2022-08-05 00:11:34.330,192
2,3370.0,2022-08-05 00:11:34.143,192
2,3369.0,2022-08-05 00:11:33.957,192
2,3368.0,2022-08-05 00:11:33.770,192
2,3367.0,2022-08-05 00:11:33.583,192
2,3366.0,2022-08-05 00:11:33.400,192
2,3365.0,2022-08-05 00:11:33.217,192
2,3364.0,2022-08-05 00:11:33.033,192
2,3363.0,2022-08-05 00:11:32.847,192
2,3362.0,2022-08-05 00:11:32.660,192
2,3361.0,2022-08-05 00:11:32.477,192
2,3360.0,2022-08-05 00:11:32.293,192
2,3359.0,2022-08-05 00:11:32.107,192
2,3358.0,2022-08-05 00:11:31.923,192
2,3357.0,2022-08-05 00:11:31.733,192
2,3356.0,2022-08-05 00:11:31.550,192
2,3355.0,2022-08-05 00:11:31.363,192
2,3354.0,2022-08-05 00:11:31.177,192
2,3353.0,2022-08-05 00:11:30.993,192
2,3352.0,2022-08-05 00:11:30.807,192
2,3351.0,2022-08-05 00:11:30.623,192
2,3350.0,2022-08-05 00:11:30.440,192
2,3349.0,2022-08-05 00:11:30.257,192
2,3348.0,2022-08-05 00:11:30.073,192
2,3347.0,2022-08-05 00:11:29.890,192
2,3346.0,2022-08-05 00:11:29.703,192
2,3345.0,2022-08-05 00:11:29.520,192
2,3344.0,2022-08-05 00:11:29.337,192
2,3343.0,2022-08-05 00:11:29.153,192
2,3342.0,2022-08-05 00:11:28.970,192
2,3341.0,2022-08-05 00:11:28.783,192
2,3340.0,2022-08-05 00:11:28.600,192
2,3339.0,2022-08-05 00:11:28.413,192
2,3338.0,2022-08-05 00:11:28.227,192
2,3337.0,2022-08-05 00:11:28.040,192
2,3336.0,2022-08-05 00:11:27.857,192
2,3335.0,2022-08-05 00:11:27.667,192
2,3334.0,2022-08-05 00:11:27.487,192
2,3333.0,2022-08-05 00:11:27.297,192
2,3332.0,2022-08-05 00:11:27.113,192
2,3331.0,2022-08-05 00:11:26.927,192
2,3330.0,2022-08-05 00:11:26.747,192
2,3329.0,2022-08-05 00:11:26.557,192
2,3328.0,2022-08-05 00:11:26.373,192
2,3327.0,2022-08-05 00:11:26.190,192
2,3326.0,2022-08-05 00:11:26.003,192
2,3325.0,2022-08-05 00:11:25.817,192
2,3324.0,2022-08-05 00:11:25.633,192
2,3323.0,2022-08-05 00:11:25.450,192
2,3322.0,2022-08-05 00:11:25.267,192
2,3321.0,2022-08-05 00:11:25.080,192
2,3320.0,2022-08-05 00:11:24.893,192
2,3319.0,2022-08-05 00:11:24.710,192
2,3318.0,2022-08-05 00:11:24.523,192
2,3317.0,2022-08-05 00:11:24.340,192
2,3316.0,2022-08-05 00:11:24.153,192
2,3315.0,2022-08-05 00:11:23.967,192
2,3314.0,2022-08-05 00:11:23.783,192
2,3313.0,2022-08-05 00:11:23.597,192
2,3312.0,2022-08-05 00:11:23.413,192
2,3311.0,2022-08-05 00:11:23.227,192
2,3310.0,2022-08-05 00:11:23.040,192
2,3309.0,2022-08-05 00:11:22.853,192
2,3308.0,2022-08-05 00:11:22.670,192
2,3307.0,2022-08-05 00:11:22.487,192
2,3306.0,2022-08-05 00:11:22.300,192
2,3305.0,2022-08-05 00:11:22.117,192
2,3304.0,2022-08-05 00:11:21.933,192
2,3303.0,2022-08-05 00:11:21.750,192
2,3302.0,2022-08-05 00:11:21.563,192
2,3301.0,2022-08-05 00:11:21.380,192
2,3300.0,2022-08-05 00:11:21.197,192
2,3299.0,2022-08-05 00:11:21.010,192
2,3298.0,2022-08-05 00:11:20.827,192
2,3297.0,2022-08-05 00:11:20.640,192
2,3296.0,2022-08-05 00:11:20.457,192
2,3295.0,2022-08-05 00:11:20.273,192
2,3294.0,2022-08-05 00:11:20.090,192
2,3293.0,2022-08-05 00:11:19.907,192
2,3292.0,2022-08-05 00:11:19.723,192
2,3291.0,2022-08-05 00:11:19.540,192
2,3290.0,2022-08-05 00:11:19.353,192
2,3289.0,2022-08-05 00:11:19.170,192
2,3288.0,2022-08-05 00:11:18.987,192
2,3287.0,2022-08-05 00:11:18.800,192
2,3286.0,2022-08-05 00:11:18.617,192
2,3285.0,2022-08-05 00:11:18.433,192
2,3284.0,2022-08-05 00:11:18.247,192
2,3283.0,2022-08-05 00:11:18.063,192
2,3282.0,2022-08-05 00:11:17.880,192
2,3281.0,2022-08-05 00:11:17.697,192
2,3280.0,2022-08-05 00:11:17.513,192
2,3279.0,2022-08-05 00:11:17.330,192
2,3278.0,2022-08-05 00:11:17.143,192
2,3277.0,2022-08-05 00:11:16.957,192
2,3276.0,2022-08-05 00:11:16.777,192
2,3275.0,2022-08-05 00:11:16.593,192
2,3274.0,2022-08-05 00:11:16.407,192
2,3273.0,2022-08-05 00:11:16.220,192
2,3272.0,2022-08-05 00:11:16.037,192
2,3271.0,2022-08-05 00:11:15.853,192
2,3270.0,2022-08-05 00:11:15.667,192
2,3269.0,2022-08-05 00:11:15.477,192
2,3268.0,2022-08-05 00:11:15.293,192
2,3267.0,2022-08-05 00:11:15.110,192
2,3266.0,2022-08-05 00:11:14.927,192
2,3265.0,2022-08-05 00:11:14.740,192
2,3264.0,2022-08-05 00:11:14.557,192
2,3263.0,2022-08-05 00:11:14.370,192
2,3262.0,2022-08-05 00:11:14.183,192
2,3261.0,2022-08-05 00:11:13.997,192
2,3260.0,2022-08-05 00:11:13.807,192
2,3259.0,2022-08-05 00:11:13.620,192
2,3258.0,2022-08-05 00:11:13.433,192
2,3257.0,2022-08-05 00:11:13.250,192
2,3256.0,2022-08-05 00:11:13.063,192
2,3255.0,2022-08-05 00:11:12.877,192
2,3254.0,2022-08-05 00:11:12.690,192
2,3253.0,2022-08-05 00:11:12.507,192
2,3252.0,2022-08-05 00:11:12.317,192
2,3251.0,2022-08-05 00:11:12.133,192
2,3250.0,2022-08-05 00:11:11.947,192
2,3249.0,2022-08-05 00:11:11.760,192
2,3248.0,2022-08-05 00:11:11.573,192
2,3247.0,2022-08-05 00:11:11.390,192
2,3246.0,2022-08-05 00:11:11.203,192
2,3245.0,2022-08-05 00:11:11.020,192
2,3244.0,2022-08-05 00:11:10.833,192
2,3243.0,2022-08-05 00:11:10.650,192
2,3242.0,2022-08-05 00:11:10.467,192
2,3241.0,2022-08-05 00:11:10.280,192
2,3240.0,2022-08-05 00:11:10.093,192
2,3239.0,2022-08-05 00:11:09.910,192
2,3238.0,2022-08-05 00:11:09.720,192
2,3237.0,2022-08-05 00:11:09.537,192
2,3236.0,2022-08-05 00:11:09.353,192
2,3235.0,2022-08-05 00:11:09.170,192
2,3234.0,2022-08-05 00:11:08.983,192
2,3233.0,2022-08-05 00:11:08.793,192
2,3232.0,2022-08-05 00:11:08.610,192
2,3231.0,2022-08-05 00:11:08.423,192
2,3230.0,2022-08-05 00:11:08.237,192
2,3229.0,2022-08-05 00:11:08.050,192
2,3228.0,2022-08-05 00:11:07.867,192
2,3227.0,2022-08-05 00:11:07.683,192
2,3226.0,2022-08-05 00:11:07.497,192
2,3225.0,2022-08-05 00:11:07.310,192
2,3224.0,2022-08-05 00:11:07.127,192
2,3223.0,2022-08-05 00:11:06.940,192
2,3222.0,2022-08-05 00:11:06.757,192
2,3221.0,2022-08-05 00:11:06.573,192
2,3220.0,2022-08-05 00:11:06.390,192
2,3219.0,2022-08-05 00:11:06.203,192
2,3218.0,2022-08-05 00:11:06.020,192
2,3217.0,2022-08-05 00:11:05.833,192
2,3216.0,2022-08-05 00:11:05.650,192
2,3215.0,2022-08-05 00:11:05.463,192
2,3214.0,2022-08-05 00:11:05.280,192
2,3213.0,2022-08-05 00:11:05.100,192
2,3212.0,2022-08-05 00:11:04.917,192
2,3211.0,2022-08-05 00:11:04.733,192
2,3210.0,2022-08-05 00:11:04.550,192
2,3209.0,2022-08-05 00:11:04.367,192
2,3208.0,2022-08-05 00:11:04.183,192
2,3207.0,2022-08-05 00:11:04.000,192
2,3206.0,2022-08-05 00:11:03.817,192
2,3205.0,2022-08-05 00:11:03.637,192
2,3204.0,2022-08-05 00:11:03.457,192
2,3203.0,2022-08-05 00:11:03.270,192
2,3202.0,2022-08-05 00:11:03.087,192
2,3201.0,2022-08-05 00:11:02.903,192
2,3200.0,2022-08-05 00:11:02.717,192
2,3199.0,2022-08-05 00:11:02.530,192
2,3198.0,2022-08-05 00:11:02.347,192
2,3197.0,2022-08-05 00:11:02.163,192
2,3196.0,2022-08-05 00:11:01.980,192
2,3195.0,2022-08-05 00:11:01.800,192
2,3194.0,2022-08-05 00:11:01.617,192
2,3193.0,2022-08-05 00:11:01.433,192
2,3192.0,2022-08-05 00:11:01.250,192
2,3191.0,2022-08-05 00:11:01.063,192
2,3190.0,2022-08-05 00:11:00.880,192
2,3189.0,2022-08-05 00:11:00.693,192
2,3188.0,2022-08-05 00:11:00.507,192
2,3187.0,2022-08-05 00:11:00.323,192
2,3186.0,2022-08-05 00:11:00.137,192
2,3185.0,2022-08-05 00:10:59.950,192
2,3184.0,2022-08-05 00:10:59.763,192
2,3183.0,2022-08-05 00:10:59.580,192
2,3182.0,2022-08-05 00:10:59.393,192
2,3181.0,2022-08-05 00:10:59.207,192
2,3180.0,2022-08-05 00:10:59.023,192
2,3179.0,2022-08-05 00:10:58.837,192
2,3178.0,2022-08-05 00:10:58.653,192
2,3177.0,2022-08-05 00:10:58.467,192
2,3176.0,2022-08-05 00:10:58.283,192
2,3175.0,2022-08-05 00:10:58.100,192
2,3174.0,2022-08-05 00:10:57.913,192
2,3173.0,2022-08-05 00:10:57.730,192
2,3172.0,2022-08-05 00:10:57.543,192
2,3171.0,2022-08-05 00:10:57.357,192
2,3170.0,2022-08-05 00:10:57.170,192
2,3169.0,2022-08-05 00:10:56.987,192
2,3168.0,2022-08-05 00:10:56.800,192
2,3167.0,2022-08-05 00:10:56.617,192
2,3166.0,2022-08-05 00:10:56.430,192
2,3165.0,2022-08-05 00:10:56.243,192
2,3164.0,2022-08-05 00:10:56.057,192
2,3163.0,2022-08-05 00:10:55.873,192
2,3162.0,2022-08-05 00:10:55.690,192
2,3161.0,2022-08-05 00:10:55.503,192
2,3160.0,2022-08-05 00:10:55.320,192
2,3159.0,2022-08-05 00:10:55.140,192
2,3158.0,2022-08-05 00:10:54.957,192
2,3157.0,2022-08-05 00:10:54.770,192
2,3156.0,2022-08-05 00:10:54.583,192
2,3155.0,2022-08-05 00:10:54.397,192
2,3154.0,2022-08-05 00:10:54.213,192
2,3153.0,2022-08-05 00:10:54.030,192
2,3152.0,2022-08-05 00:10:53.843,192
2,3151.0,2022-08-05 00:10:53.657,192
2,3150.0,2022-08-05 00:10:53.470,192
2,3149.0,2022-08-05 00:10:53.287,192
2,3148.0,2022-08-05 00:10:53.103,192
2,3147.0,2022-08-05 00:10:52.917,192
2,3146.0,2022-08-05 00:10:52.733,192
2,3145.0,2022-08-05 00:10:52.547,192
2,3144.0,2022-08-05 00:10:52.363,192
2,3143.0,2022-08-05 00:10:52.180,192
2,3142.0,2022-08-05 00:10:51.997,192
2,3141.0,2022-08-05 00:10:51.813,192
2,3140.0,2022-08-05 00:10:51.627,192
2,3139.0,2022-08-05 00:10:51.447,192
2,3138.0,2022-08-05 00:10:51.260,192
2,3137.0,2022-08-05 00:10:51.077,192
2,3136.0,2022-08-05 00:10:50.890,192
2,3135.0,2022-08-05 00:10:50.707,192
2,3134.0,2022-08-05 00:10:50.523,192
2,3133.0,2022-08-05 00:10:50.337,192
2,3132.0,2022-08-05 00:10:50.150,192
2,3131.0,2022-08-05 00:10:49.963,192
2,3130.0,2022-08-05 00:10:49.780,192
2,3129.0,2022-08-05 00:10:49.593,192
2,3128.0,2022-08-05 00:10:49.410,192
2,3127.0,2022-08-05 00:10:49.227,192
2,3126.0,2022-08-05 00:10:49.040,192
2,3125.0,2022-08-05 00:10:48.860,192
2,3124.0,2022-08-05 00:10:48.677,192
2,3123.0,2022-08-05 00:10:48.493,192
2,3122.0,2022-08-05 00:10:48.310,192
2,3121.0,2022-08-05 00:10:48.127,192
2,3120.0,2022-08-05 00:10:47.943,192
2,3119.0,2022-08-05 00:10:47.760,192
2,3118.0,2022-08-05 00:10:47.577,192
2,3117.0,2022-08-05 00:10:47.393,192
2,3116.0,2022-08-05 00:10:47.210,192
2,3115.0,2022-08-05 00:10:47.030,192
2,3114.0,2022-08-05 00:10:46.847,192
2,3113.0,2022-08-05 00:10:46.660,192
2,3112.0,2022-08-05 00:10:46.477,192
2,3111.0,2022-08-05 00:10:46.293,192
2,3110.0,2022-08-05 00:10:46.110,192
2,3109.0,2022-08-05 00:10:45.923,192
2,3108.0,2022-08-05 00:10:45.740,192
2,3107.0,2022-08-05 00:10:45.557,192
2,3106.0,2022-08-05 00:10:45.370,192
2,3105.0,2022-08-05 00:10:45.187,192
2,3104.0,2022-08-05 00:10:45.000,192
2,3103.0,2022-08-05 00:10:44.817,192
2,3102.0,2022-08-05 00:10:44.633,192
2,3101.0,2022-08-05 00:10:44.450,192
2,3100.0,2022-08-05 00:10:44.263,192
2,3099.0,2022-08-05 00:10:44.080,192
2,3098.0,2022-08-05 00:10:43.897,192
2,3097.0,2022-08-05 00:10:43.713,192
2,3096.0,2022-08-05 00:10:43.530,192
2,3095.0,2022-08-05 00:10:43.347,192
2,3094.0,2022-08-05 00:10:43.160,192
2,3093.0,2022-08-05 00:10:42.977,192
2,3092.0,2022-08-05 00:10:42.793,192
2,3091.0,2022-08-05 00:10:42.610,192
2,3090.0,2022-08-05 00:10:42.427,192
2,3089.0,2022-08-05 00:10:42.240,192
2,3088.0,2022-08-05 00:10:42.057,192
2,3087.0,2022-08-05 00:10:41.873,192
2,3086.0,2022-08-05 00:10:41.690,192
2,3085.0,2022-08-05 00:10:41.507,192
2,3084.0,2022-08-05 00:10:41.323,192
2,3083.0,2022-08-05 00:10:41.140,192
2,3082.0,2022-08-05 00:10:40.957,192
2,3081.0,2022-08-05 00:10:40.773,192
2,3080.0,2022-08-05 00:10:40.587,192
2,3079.0,2022-08-05 00:10:40.403,192
2,3078.0,2022-08-05 00:10:40.217,192
2,3077.0,2022-08-05 00:10:40.030,192
2,3076.0,2022-08-05 00:10:39.847,192
2,3075.0,2022-08-05 00:10:39.660,192
2,3074.0,2022-08-05 00:10:39.473,192
2,3073.0,2022-08-05 00:10:39.290,192
2,3072.0,2022-08-05 00:10:39.103,192
2,3071.0,2022-08-05 00:10:38.917,192
2,3070.0,2022-08-05 00:10:38.737,192
2,3069.0,2022-08-05 00:10:38.550,192
2,3068.0,2022-08-05 00:10:38.363,192
2,3067.0,2022-08-05 00:10:38.177,192
2,3066.0,2022-08-05 00:10:37.987,192
2,3065.0,2022-08-05 00:10:37.800,192
2,3064.0,2022-08-05 00:10:37.617,192
2,3063.0,2022-08-05 00:10:37.433,192
2,3062.0,2022-08-05 00:10:37.250,192
2,3061.0,2022-08-05 00:10:37.067,192
2,3060.0,2022-08-05 00:10:36.887,192
2,3059.0,2022-08-05 00:10:36.700,192
2,3058.0,2022-08-05 00:10:36.517,192
2,3057.0,2022-08-05 00:10:36.327,192
2,3056.0,2022-08-05 00:10:36.147,192
2,3055.0,2022-08-05 00:10:35.960,192
2,3054.0,2022-08-05 00:10:35.773,192
2,3053.0,2022-08-05 00:10:35.593,192
2,3052.0,2022-08-05 00:10:35.410,192
2,3051.0,2022-08-05 00:10:35.227,192
2,3050.0,2022-08-05 00:10:35.040,192
2,3049.0,2022-08-05 00:10:34.857,192
2,3048.0,2022-08-05 00:10:34.670,192
2,3047.0,2022-08-05 00:10:34.487,192
2,3046.0,2022-08-05 00:10:34.297,192
2,3045.0,2022-08-05 00:10:34.113,192
2,3044.0,2022-08-05 00:10:33.930,192
2,3043.0,2022-08-05 00:10:33.743,192
2,3042.0,2022-08-05 00:10:33.560,192
2,3041.0,2022-08-05 00:10:33.373,192
2,3040.0,2022-08-05 00:10:33.193,192
2,3039.0,2022-08-05 00:10:33.007,192
2,3038.0,2022-08-05 00:10:32.823,192
2,3037.0,2022-08-05 00:10:32.640,192
2,3036.0,2022-08-05 00:10:32.457,192
2,3035.0,2022-08-05 00:10:32.270,192
2,3034.0,2022-08-05 00:10:32.083,192
2,3033.0,2022-08-05 00:10:31.893,192
2,3032.0,2022-08-05 00:10:31.707,192
2,3031.0,2022-08-05 00:10:31.520,192
2,3030.0,2022-08-05 00:10:31.337,192
2,3029.0,2022-08-05 00:10:31.150,192
2,3028.0,2022-08-05 00:10:30.963,192
2,3027.0,2022-08-05 00:10:30.777,192
2,3026.0,2022-08-05 00:10:30.593,192
2,3025.0,2022-08-05 00:10:30.407,192
2,3024.0,2022-08-05 00:10:30.220,192
2,3023.0,2022-08-05 00:10:30.030,192
2,3022.0,2022-08-05 00:10:29.847,192
2,3021.0,2022-08-05 00:10:29.663,192
2,3020.0,2022-08-05 00:10:29.480,192
2,3019.0,2022-08-05 00:10:29.297,192
2,3018.0,2022-08-05 00:10:29.113,192
2,3017.0,2022-08-05 00:10:28.927,192
2,3016.0,2022-08-05 00:10:28.740,192
2,3015.0,2022-08-05 00:10:28.553,192
2,3014.0,2022-08-05 00:10:28.370,192
2,3013.0,2022-08-05 00:10:28.183,192
2,3012.0,2022-08-05 00:10:27.997,192
2,3011.0,2022-08-05 00:10:27.810,192
2,3010.0,2022-08-05 00:10:27.623,192
2,3009.0,2022-08-05 00:10:27.437,192
2,3008.0,2022-08-05 00:10:27.250,192
2,3007.0,2022-08-05 00:10:27.067,192
2,3006.0,2022-08-05 00:10:26.883,192
2,3005.0,2022-08-05 00:10:26.697,192
2,3004.0,2022-08-05 00:10:26.510,192
2,3003.0,2022-08-05 00:10:26.320,192
2,3002.0,2022-08-05 00:10:26.133,192
2,3001.0,2022-08-05 00:10:25.947,192
2,3000.0,2022-08-05 00:10:25.763,192
2,2999.0,2022-08-05 00:10:25.577,192
2,2998.0,2022-08-05 00:10:25.390,192
2,2997.0,2022-08-05 00:10:25.203,192
2,2996.0,2022-08-05 00:10:25.017,192
2,2995.0,2022-08-05 00:10:24.830,192
2,2994.0,2022-08-05 00:10:24.647,192
2,2993.0,2022-08-05 00:10:24.460,192
2,2992.0,2022-08-05 00:10:24.273,192
2,2991.0,2022-08-05 00:10:24.087,192
2,2990.0,2022-08-05 00:10:23.900,192
2,2989.0,2022-08-05 00:10:23.713,192
2,2988.0,2022-08-05 00:10:23.530,192
2,2987.0,2022-08-05 00:10:23.343,192
2,2986.0,2022-08-05 00:10:23.157,192
2,2985.0,2022-08-05 00:10:22.973,192
2,2984.0,2022-08-05 00:10:22.787,192
2,2983.0,2022-08-05 00:10:22.603,192
2,2982.0,2022-08-05 00:10:22.417,192
2,2981.0,2022-08-05 00:10:22.230,192
2,2980.0,2022-08-05 00:10:22.043,192
2,2979.0,2022-08-05 00:10:21.857,192
2,2978.0,2022-08-05 00:10:21.670,192
2,2977.0,2022-08-05 00:10:21.487,192
2,2976.0,2022-08-05 00:10:21.300,192
2,2975.0,2022-08-05 00:10:21.113,192
2,2974.0,2022-08-05 00:10:20.927,192
2,2973.0,2022-08-05 00:10:20.740,192
2,2972.0,2022-08-05 00:10:20.553,192
2,2971.0,2022-08-05 00:10:20.370,192
2,2970.0,2022-08-05 00:10:20.180,192
2,2969.0,2022-08-05 00:10:19.990,192
2,2968.0,2022-08-05 00:10:19.803,192
2,2967.0,2022-08-05 00:10:19.620,192
2,2966.0,2022-08-05 00:10:19.433,192
2,2965.0,2022-08-05 00:10:19.250,192
2,2964.0,2022-08-05 00:10:19.063,192
2,2963.0,2022-08-05 00:10:18.877,192
2,2962.0,2022-08-05 00:10:18.690,192
2,2961.0,2022-08-05 00:10:18.503,192
2,2960.0,2022-08-05 00:10:18.320,192
2,2959.0,2022-08-05 00:10:18.130,192
2,2958.0,2022-08-05 00:10:17.943,192
2,2957.0,2022-08-05 00:10:17.757,192
2,2956.0,2022-08-05 00:10:17.573,192
2,2955.0,2022-08-05 00:10:17.387,192
2,2954.0,2022-08-05 00:10:17.203,192
2,2953.0,2022-08-05 00:10:17.017,192
2,2952.0,2022-08-05 00:10:16.833,192
2,2951.0,2022-08-05 00:10:16.647,192
2,2950.0,2022-08-05 00:10:16.460,192
2,2949.0,2022-08-05 00:10:16.277,192
2,2948.0,2022-08-05 00:10:16.090,192
2,2947.0,2022-08-05 00:10:15.903,192
2,2946.0,2022-08-05 00:10:15.720,192
2,2945.0,2022-08-05 00:10:15.533,192
2,2944.0,2022-08-05 00:10:15.350,192
2,2943.0,2022-08-05 00:10:15.163,192
2,2942.0,2022-08-05 00:10:14.977,192
2,2941.0,2022-08-05 00:10:14.793,192
2,2940.0,2022-08-05 00:10:14.607,192
2,2939.0,2022-08-05 00:10:14.420,192
2,2938.0,2022-08-05 00:10:14.233,192
2,2937.0,2022-08-05 00:10:14.050,192
2,2936.0,2022-08-05 00:10:13.860,192
2,2935.0,2022-08-05 00:10:13.673,192
2,2934.0,2022-08-05 00:10:13.490,192
2,2933.0,2022-08-05 00:10:13.307,192
2,2932.0,2022-08-05 00:10:13.120,192
2,2931.0,2022-08-05 00:10:12.937,192
2,2930.0,2022-08-05 00:10:12.747,192
2,2929.0,2022-08-05 00:10:12.560,192
2,2928.0,2022-08-05 00:10:12.373,192
2,2927.0,2022-08-05 00:10:12.190,192
2,2926.0,2022-08-05 00:10:12.007,192
2,2925.0,2022-08-05 00:10:11.823,192
2,2924.0,2022-08-05 00:10:11.637,192
2,2923.0,2022-08-05 00:10:11.450,192
2,2922.0,2022-08-05 00:10:11.260,192
2,2921.0,2022-08-05 00:10:11.077,192
2,2920.0,2022-08-05 00:10:10.890,192
2,2919.0,2022-08-05 00:10:10.703,192
2,2918.0,2022-08-05 00:10:10.520,192
2,2917.0,2022-08-05 00:10:10.333,192
2,2916.0,2022-08-05 00:10:10.150,192
2,2915.0,2022-08-05 00:10:09.967,192
2,2914.0,2022-08-05 00:10:09.777,192
2,2913.0,2022-08-05 00:10:09.593,192
2,2912.0,2022-08-05 00:10:09.407,192
2,2911.0,2022-08-05 00:10:09.220,192
2,2910.0,2022-08-05 00:10:09.033,192
2,2909.0,2022-08-05 00:10:08.850,192
2,2908.0,2022-08-05 00:10:08.663,192
2,2907.0,2022-08-05 00:10:08.477,192
2,2906.0,2022-08-05 00:10:08.290,192
2,2905.0,2022-08-05 00:10:08.103,192
2,2904.0,2022-08-05 00:10:07.920,192
2,2903.0,2022-08-05 00:10:07.733,192
2,2902.0,2022-08-05 00:10:07.550,192
2,2901.0,2022-08-05 00:10:07.363,192
2,2900.0,2022-08-05 00:10:07.180,192
2,2899.0,2022-08-05 00:10:06.997,192
2,2898.0,2022-08-05 00:10:06.810,192
2,2897.0,2022-08-05 00:10:06.623,192
2,2896.0,2022-08-05 00:10:06.437,192
2,2895.0,2022-08-05 00:10:06.253,192
2,2894.0,2022-08-05 00:10:06.067,192
2,2893.0,2022-08-05 00:10:05.883,192
2,2892.0,2022-08-05 00:10:05.700,192
2,2891.0,2022-08-05 00:10:05.513,192
2,2890.0,2022-08-05 00:10:05.330,192
2,2889.0,2022-08-05 00:10:05.140,192
2,2888.0,2022-08-05 00:10:04.957,192
2,2887.0,2022-08-05 00:10:04.770,192
2,2886.0,2022-08-05 00:10:04.587,192
2,2885.0,2022-08-05 00:10:04.403,192
2,2884.0,2022-08-05 00:10:04.217,192
2,2883.0,2022-08-05 00:10:04.030,192
2,2882.0,2022-08-05 00:10:03.847,192
2,2881.0,2022-08-05 00:10:03.660,192
2,2880.0,2022-08-05 00:10:03.477,192
2,2879.0,2022-08-05 00:10:03.287,192
2,2878.0,2022-08-05 00:10:03.103,192
2,2877.0,2022-08-05 00:10:02.917,192
2,2876.0,2022-08-05 00:10:02.730,192
2,2875.0,2022-08-05 00:10:02.543,192
2,2874.0,2022-08-05 00:10:02.360,192
2,2873.0,2022-08-05 00:10:02.170,192
2,2872.0,2022-08-05 00:10:01.987,192
2,2871.0,2022-08-05 00:10:01.803,192
2,2870.0,2022-08-05 00:10:01.617,192
2,2869.0,2022-08-05 00:10:01.433,192
2,2868.0,2022-08-05 00:10:01.250,192
2,2867.0,2022-08-05 00:10:01.067,192
2,2866.0,2022-08-05 00:10:00.880,192
2,2865.0,2022-08-05 00:10:00.697,192
2,2864.0,2022-08-05 00:10:00.513,192
2,2863.0,2022-08-05 00:10:00.330,192
2,2862.0,2022-08-05 00:10:00.140,192
2,2861.0,2022-08-05 00:09:59.957,192
2,2860.0,2022-08-05 00:09:59.773,192
2,2859.0,2022-08-05 00:09:59.590,192
2,2858.0,2022-08-05 00:09:59.403,192
2,2857.0,2022-08-05 00:09:59.217,192
2,2856.0,2022-08-05 00:09:59.030,192
2,2855.0,2022-08-05 00:09:58.850,192
2,2854.0,2022-08-05 00:09:58.663,192
2,2853.0,2022-08-05 00:09:58.480,192
2,2852.0,2022-08-05 00:09:58.293,192
2,2851.0,2022-08-05 00:09:58.110,192
2,2850.0,2022-08-05 00:09:57.923,192
2,2849.0,2022-08-05 00:09:57.740,192
2,2848.0,2022-08-05 00:09:57.553,192
2,2847.0,2022-08-05 00:09:57.370,192
2,2846.0,2022-08-05 00:09:57.187,192
2,2845.0,2022-08-05 00:09:57.000,192
2,2844.0,2022-08-05 00:09:56.817,192
2,2843.0,2022-08-05 00:09:56.633,192
2,2842.0,2022-08-05 00:09:56.447,192
2,2841.0,2022-08-05 00:09:56.263,192
2,2840.0,2022-08-05 00:09:56.077,192
2,2839.0,2022-08-05 00:09:55.893,192
2,2838.0,2022-08-05 00:09:55.707,192
2,2837.0,2022-08-05 00:09:55.523,192
2,2836.0,2022-08-05 00:09:55.340,192
2,2835.0,2022-08-05 00:09:55.157,192
2,2834.0,2022-08-05 00:09:54.973,192
2,2833.0,2022-08-05 00:09:54.790,192
2,2832.0,2022-08-05 00:09:54.607,192
2,2831.0,2022-08-05 00:09:54.420,192
2,2830.0,2022-08-05 00:09:54.237,192
2,2829.0,2022-08-05 00:09:54.057,192
2,2828.0,2022-08-05 00:09:53.873,192
2,2827.0,2022-08-05 00:09:53.690,192
2,2826.0,2022-08-05 00:09:53.507,192
2,2825.0,2022-08-05 00:09:53.320,192
2,2824.0,2022-08-05 00:09:53.137,192
2,2823.0,2022-08-05 00:09:52.950,192
2,2822.0,2022-08-05 00:09:52.767,192
2,2821.0,2022-08-05 00:09:52.583,192
2,2820.0,2022-08-05 00:09:52.397,192
2,2819.0,2022-08-05 00:09:52.213,192
2,2818.0,2022-08-05 00:09:52.030,192
2,2817.0,2022-08-05 00:09:51.850,192
2,2816.0,2022-08-05 00:09:51.663,192
2,2815.0,2022-08-05 00:09:51.480,192
2,2814.0,2022-08-05 00:09:51.293,192
2,2813.0,2022-08-05 00:09:51.110,192
2,2812.0,2022-08-05 00:09:50.910,192
2,2811.0,2022-08-05 00:09:50.727,192
2,2810.0,2022-08-05 00:09:50.537,192
2,2809.0,2022-08-05 00:09:50.353,192
2,2808.0,2022-08-05 00:09:50.170,192
2,2807.0,2022-08-05 00:09:49.983,192
2,2806.0,2022-08-05 00:09:49.797,192
2,2805.0,2022-08-05 00:09:49.610,192
2,2804.0,2022-08-05 00:09:49.427,192
2,2803.0,2022-08-05 00:09:49.243,192
2,2802.0,2022-08-05 00:09:49.057,192
2,2801.0,2022-08-05 00:09:48.873,192
2,2800.0,2022-08-05 00:09:48.690,192
2,2799.0,2022-08-05 00:09:48.507,192
2,2798.0,2022-08-05 00:09:48.320,192
2,2797.0,2022-08-05 00:09:48.133,192
2,2796.0,2022-08-05 00:09:47.950,192
2,2795.0,2022-08-05 00:09:47.770,192
2,2794.0,2022-08-05 00:09:47.583,192
2,2793.0,2022-08-05 00:09:47.400,192
2,2792.0,2022-08-05 00:09:47.213,192
2,2791.0,2022-08-05 00:09:47.027,192
2,2790.0,2022-08-05 00:09:46.843,192
2,2789.0,2022-08-05 00:09:46.657,192
2,2788.0,2022-08-05 00:09:46.457,192
2,2787.0,2022-08-05 00:09:46.270,192
2,2786.0,2022-08-05 00:09:46.087,192
2,2785.0,2022-08-05 00:09:45.900,192
2,2784.0,2022-08-05 00:09:45.717,192
2,2783.0,2022-08-05 00:09:45.533,192
2,2782.0,2022-08-05 00:09:45.350,192
2,2781.0,2022-08-05 00:09:45.163,192
2,2780.0,2022-08-05 00:09:44.977,192
2,2779.0,2022-08-05 00:09:44.793,192
2,2778.0,2022-08-05 00:09:44.607,192
2,2777.0,2022-08-05 00:09:44.423,192
2,2776.0,2022-08-05 00:09:44.237,192
2,2775.0,2022-08-05 00:09:44.050,192
2,2774.0,2022-08-05 00:09:43.867,192
2,2773.0,2022-08-05 00:09:43.683,192
2,2772.0,2022-08-05 00:09:43.493,192
2,2771.0,2022-08-05 00:09:43.307,192
2,2770.0,2022-08-05 00:09:43.120,192
2,2769.0,2022-08-05 00:09:42.937,192
2,2768.0,2022-08-05 00:09:42.753,192
2,2767.0,2022-08-05 00:09:42.567,192
2,2766.0,2022-08-05 00:09:42.383,192
2,2765.0,2022-08-05 00:09:42.200,192
2,2764.0,2022-08-05 00:09:42.013,192
2,2763.0,2022-08-05 00:09:41.830,192
2,2762.0,2022-08-05 00:09:41.647,192
2,2761.0,2022-08-05 00:09:41.460,192
2,2760.0,2022-08-05 00:09:41.277,192
2,2759.0,2022-08-05 00:09:41.090,192
2,2758.0,2022-08-05 00:09:40.907,192
2,2757.0,2022-08-05 00:09:40.723,192
2,2756.0,2022-08-05 00:09:40.543,192
2,2755.0,2022-08-05 00:09:40.357,192
2,2754.0,2022-08-05 00:09:40.173,192
2,2753.0,2022-08-05 00:09:39.987,192
2,2752.0,2022-08-05 00:09:39.803,192
2,2751.0,2022-08-05 00:09:39.620,192
2,2750.0,2022-08-05 00:09:39.433,192
2,2749.0,2022-08-05 00:09:39.250,192
2,2748.0,2022-08-05 00:09:39.067,192
2,2747.0,2022-08-05 00:09:38.883,192
2,2746.0,2022-08-05 00:09:38.697,192
2,2745.0,2022-08-05 00:09:38.497,192
2,2744.0,2022-08-05 00:09:38.310,192
2,2743.0,2022-08-05 00:09:38.127,192
2,2742.0,2022-08-05 00:09:37.940,192
2,2741.0,2022-08-05 00:09:37.750,192
2,2740.0,2022-08-05 00:09:37.563,192
2,2739.0,2022-08-05 00:09:37.380,192
2,2738.0,2022-08-05 00:09:37.197,192
2,2737.0,2022-08-05 00:09:37.010,192
2,2736.0,2022-08-05 00:09:36.823,192
2,2735.0,2022-08-05 00:09:36.637,192
2,2734.0,2022-08-05 00:09:36.453,192
2,2733.0,2022-08-05 00:09:36.263,192
2,2732.0,2022-08-05 00:09:36.077,192
2,2731.0,2022-08-05 00:09:35.893,192
2,2730.0,2022-08-05 00:09:35.707,192
2,2729.0,2022-08-05 00:09:35.520,192
2,2728.0,2022-08-05 00:09:35.333,192
2,2727.0,2022-08-05 00:09:35.147,192
2,2726.0,2022-08-05 00:09:34.960,192
2,2725.0,2022-08-05 00:09:34.773,192
2,2724.0,2022-08-05 00:09:34.587,192
2,2723.0,2022-08-05 00:09:34.397,192
2,2722.0,2022-08-05 00:09:34.210,192
2,2721.0,2022-08-05 00:09:34.023,192
2,2720.0,2022-08-05 00:09:33.837,192
2,2719.0,2022-08-05 00:09:33.650,192
2,2718.0,2022-08-05 00:09:33.463,192
2,2717.0,2022-08-05 00:09:33.280,192
2,2716.0,2022-08-05 00:09:33.093,192
2,2715.0,2022-08-05 00:09:32.903,192
2,2714.0,2022-08-05 00:09:32.717,192
2,2713.0,2022-08-05 00:09:32.537,192
2,2712.0,2022-08-05 00:09:32.350,192
2,2711.0,2022-08-05 00:09:32.163,192
2,2710.0,2022-08-05 00:09:31.983,192
2,2709.0,2022-08-05 00:09:31.793,192
2,2708.0,2022-08-05 00:09:31.607,192
2,2707.0,2022-08-05 00:09:31.420,192
2,2706.0,2022-08-05 00:09:31.233,192
2,2705.0,2022-08-05 00:09:31.050,192
2,2704.0,2022-08-05 00:09:30.867,192
2,2703.0,2022-08-05 00:09:30.680,192
2,2702.0,2022-08-05 00:09:30.493,192
2,2701.0,2022-08-05 00:09:30.307,192
2,2700.0,2022-08-05 00:09:30.123,192
2,2699.0,2022-08-05 00:09:29.940,192
2,2698.0,2022-08-05 00:09:29.753,192
2,2697.0,2022-08-05 00:09:29.570,192
2,2696.0,2022-08-05 00:09:29.387,192
2,2695.0,2022-08-05 00:09:29.203,192
2,2694.0,2022-08-05 00:09:29.017,192
2,2693.0,2022-08-05 00:09:28.833,192
2,2692.0,2022-08-05 00:09:28.643,192
2,2691.0,2022-08-05 00:09:28.457,192
2,2690.0,2022-08-05 00:09:28.273,192
2,2689.0,2022-08-05 00:09:28.087,192
2,2688.0,2022-08-05 00:09:27.903,192
2,2687.0,2022-08-05 00:09:27.720,192
2,2686.0,2022-08-05 00:09:27.537,192
2,2685.0,2022-08-05 00:09:27.350,192
2,2684.0,2022-08-05 00:09:27.167,192
2,2683.0,2022-08-05 00:09:26.980,192
2,2682.0,2022-08-05 00:09:26.797,192
2,2681.0,2022-08-05 00:09:26.607,192
2,2680.0,2022-08-05 00:09:26.420,192
2,2679.0,2022-08-05 00:09:26.233,192
2,2678.0,2022-08-05 00:09:26.050,192
2,2677.0,2022-08-05 00:09:25.863,192
2,2676.0,2022-08-05 00:09:25.680,192
2,2675.0,2022-08-05 00:09:25.493,192
2,2674.0,2022-08-05 00:09:25.307,192
2,2673.0,2022-08-05 00:09:25.127,192
2,2672.0,2022-08-05 00:09:24.933,192
2,2671.0,2022-08-05 00:09:24.743,192
2,2670.0,2022-08-05 00:09:24.557,192
2,2669.0,2022-08-05 00:09:24.370,192
2,2668.0,2022-08-05 00:09:24.187,192
2,2667.0,2022-08-05 00:09:24.000,192
2,2666.0,2022-08-05 00:09:23.813,192
2,2665.0,2022-08-05 00:09:23.627,192
2,2664.0,2022-08-05 00:09:23.440,192
2,2663.0,2022-08-05 00:09:23.257,192
2,2662.0,2022-08-05 00:09:23.070,192
2,2661.0,2022-08-05 00:09:22.880,192
2,2660.0,2022-08-05 00:09:22.693,192
2,2659.0,2022-08-05 00:09:22.507,192
2,2658.0,2022-08-05 00:09:22.323,192
2,2657.0,2022-08-05 00:09:22.137,192
2,2656.0,2022-08-05 00:09:21.953,192
2,2655.0,2022-08-05 00:09:21.767,192
2,2654.0,2022-08-05 00:09:21.583,192
2,2653.0,2022-08-05 00:09:21.397,192
2,2652.0,2022-08-05 00:09:21.210,192
2,2651.0,2022-08-05 00:09:21.023,192
2,2650.0,2022-08-05 00:09:20.840,192
2,2649.0,2022-08-05 00:09:20.657,192
2,2648.0,2022-08-05 00:09:20.470,192
2,2647.0,2022-08-05 00:09:20.287,192
2,2646.0,2022-08-05 00:09:20.103,192
2,2645.0,2022-08-05 00:09:19.917,192
2,2644.0,2022-08-05 00:09:19.733,192
2,2643.0,2022-08-05 00:09:19.550,192
2,2642.0,2022-08-05 00:09:19.360,192
2,2641.0,2022-08-05 00:09:19.173,192
2,2640.0,2022-08-05 00:09:18.990,192
2,2639.0,2022-08-05 00:09:18.807,192
2,2638.0,2022-08-05 00:09:18.620,192
2,2637.0,2022-08-05 00:09:18.437,192
2,2636.0,2022-08-05 00:09:18.253,192
2,2635.0,2022-08-05 00:09:18.070,192
2,2634.0,2022-08-05 00:09:17.883,192
2,2633.0,2022-08-05 00:09:17.700,192
2,2632.0,2022-08-05 00:09:17.513,192
2,2631.0,2022-08-05 00:09:17.327,192
2,2630.0,2022-08-05 00:09:17.143,192
2,2629.0,2022-08-05 00:09:16.957,192
2,2628.0,2022-08-05 00:09:16.770,192
2,2627.0,2022-08-05 00:09:16.587,192
2,2626.0,2022-08-05 00:09:16.403,192
2,2625.0,2022-08-05 00:09:16.217,192
2,2624.0,2022-08-05 00:09:16.030,192
2,2623.0,2022-08-05 00:09:15.847,192
2,2622.0,2022-08-05 00:09:15.663,192
2,2621.0,2022-08-05 00:09:15.477,192
2,2620.0,2022-08-05 00:09:15.290,192
2,2619.0,2022-08-05 00:09:15.107,192
2,2618.0,2022-08-05 00:09:14.920,192
2,2617.0,2022-08-05 00:09:14.733,192
2,2616.0,2022-08-05 00:09:14.550,192
2,2615.0,2022-08-05 00:09:14.363,192
2,2614.0,2022-08-05 00:09:14.180,192
2,2613.0,2022-08-05 00:09:13.993,192
2,2612.0,2022-08-05 00:09:13.810,192
2,2611.0,2022-08-05 00:09:13.623,192
2,2610.0,2022-08-05 00:09:13.437,192
2,2609.0,2022-08-05 00:09:13.253,192
2,2608.0,2022-08-05 00:09:13.067,192
2,2607.0,2022-08-05 00:09:12.883,192
2,2606.0,2022-08-05 00:09:12.697,192
2,2605.0,2022-08-05 00:09:12.513,192
2,2604.0,2022-08-05 00:09:12.327,192
2,2603.0,2022-08-05 00:09:12.143,192
2,2602.0,2022-08-05 00:09:11.960,192
2,2601.0,2022-08-05 00:09:11.773,192
2,2600.0,2022-08-05 00:09:11.587,192
2,2599.0,2022-08-05 00:09:11.397,192
2,2598.0,2022-08-05 00:09:11.210,192
2,2597.0,2022-08-05 00:09:11.027,192
2,2596.0,2022-08-05 00:09:10.837,192
2,2595.0,2022-08-05 00:09:10.650,192
2,2594.0,2022-08-05 00:09:10.463,192
2,2593.0,2022-08-05 00:09:10.277,192
2,2592.0,2022-08-05 00:09:10.090,192
2,2591.0,2022-08-05 00:09:09.903,192
2,2590.0,2022-08-05 00:09:09.717,192
2,2589.0,2022-08-05 00:09:09.533,192
2,2588.0,2022-08-05 00:09:09.350,192
2,2587.0,2022-08-05 00:09:09.163,192
2,2586.0,2022-08-05 00:09:08.977,192
2,2585.0,2022-08-05 00:09:08.793,192
2,2584.0,2022-08-05 00:09:08.607,192
2,2583.0,2022-08-05 00:09:08.417,192
2,2582.0,2022-08-05 00:09:08.230,192
2,2581.0,2022-08-05 00:09:08.043,192
2,2580.0,2022-08-05 00:09:07.860,192
2,2579.0,2022-08-05 00:09:07.677,192
2,2578.0,2022-08-05 00:09:07.490,192
2,2577.0,2022-08-05 00:09:07.303,192
2,2576.0,2022-08-05 00:09:07.120,192
2,2575.0,2022-08-05 00:09:06.933,192
2,2574.0,2022-08-05 00:09:06.750,192
2,2573.0,2022-08-05 00:09:06.563,192
2,2572.0,2022-08-05 00:09:06.380,192
2,2571.0,2022-08-05 00:09:06.190,192
2,2570.0,2022-08-05 00:09:06.007,192
2,2569.0,2022-08-05 00:09:05.820,192
2,2568.0,2022-08-05 00:09:05.633,192
2,2567.0,2022-08-05 00:09:05.447,192
2,2566.0,2022-08-05 00:09:05.260,192
2,2565.0,2022-08-05 00:09:05.073,192
2,2564.0,2022-08-05 00:09:04.890,192
2,2563.0,2022-08-05 00:09:04.703,192
2,2562.0,2022-08-05 00:09:04.520,192
2,2561.0,2022-08-05 00:09:04.330,192
2,2560.0,2022-08-05 00:09:04.147,192
2,2559.0,2022-08-05 00:09:03.963,192
2,2558.0,2022-08-05 00:09:03.777,192
2,2557.0,2022-08-05 00:09:03.593,192
2,2556.0,2022-08-05 00:09:03.407,192
2,2555.0,2022-08-05 00:09:03.220,192
2,2554.0,2022-08-05 00:09:03.033,192
2,2553.0,2022-08-05 00:09:02.847,192
2,2552.0,2022-08-05 00:09:02.660,192
2,2551.0,2022-08-05 00:09:02.477,192
2,2550.0,2022-08-05 00:09:02.290,192
2,2549.0,2022-08-05 00:09:02.107,192
2,2548.0,2022-08-05 00:09:01.920,192
2,2547.0,2022-08-05 00:09:01.737,192
2,2546.0,2022-08-05 00:09:01.553,192
2,2545.0,2022-08-05 00:09:01.370,192
2,2544.0,2022-08-05 00:09:01.180,192
2,2543.0,2022-08-05 00:09:00.993,192
2,2542.0,2022-08-05 00:09:00.803,192
2,2541.0,2022-08-05 00:09:00.620,192
2,2540.0,2022-08-05 00:09:00.437,192
2,2539.0,2022-08-05 00:09:00.247,192
2,2538.0,2022-08-05 00:09:00.060,192
2,2537.0,2022-08-05 00:08:59.873,192
2,2536.0,2022-08-05 00:08:59.687,192
2,2535.0,2022-08-05 00:08:59.500,192
2,2534.0,2022-08-05 00:08:59.310,192
2,2533.0,2022-08-05 00:08:59.123,192
2,2532.0,2022-08-05 00:08:58.940,192
2,2531.0,2022-08-05 00:08:58.753,192
2,2530.0,2022-08-05 00:08:58.563,192
2,2529.0,2022-08-05 00:08:58.380,192
2,2528.0,2022-08-05 00:08:58.193,192
2,2527.0,2022-08-05 00:08:58.007,192
2,2526.0,2022-08-05 00:08:57.820,192
2,2525.0,2022-08-05 00:08:57.633,192
2,2524.0,2022-08-05 00:08:57.447,192
2,2523.0,2022-08-05 00:08:57.260,192
2,2522.0,2022-08-05 00:08:57.073,192
2,2521.0,2022-08-05 00:08:56.890,192
2,2520.0,2022-08-05 00:08:56.707,192
2,2519.0,2022-08-05 00:08:56.520,192
2,2518.0,2022-08-05 00:08:56.333,192
2,2517.0,2022-08-05 00:08:56.150,192
2,2516.0,2022-08-05 00:08:55.963,192
2,2515.0,2022-08-05 00:08:55.773,192
2,2514.0,2022-08-05 00:08:55.587,192
2,2513.0,2022-08-05 00:08:55.403,192
2,2512.0,2022-08-05 00:08:55.217,192
2,2511.0,2022-08-05 00:08:55.030,192
2,2510.0,2022-08-05 00:08:54.847,192
2,2509.0,2022-08-05 00:08:54.663,192
2,2508.0,2022-08-05 00:08:54.477,192
2,2507.0,2022-08-05 00:08:54.290,192
2,2506.0,2022-08-05 00:08:54.103,192
2,2505.0,2022-08-05 00:08:53.917,192
2,2504.0,2022-08-05 00:08:53.730,192
2,2503.0,2022-08-05 00:08:53.543,192
2,2502.0,2022-08-05 00:08:53.357,192
2,2501.0,2022-08-05 00:08:53.173,192
2,2500.0,2022-08-05 00:08:52.990,192
2,2499.0,2022-08-05 00:08:52.807,192
2,2498.0,2022-08-05 00:08:52.623,192
2,2497.0,2022-08-05 00:08:52.440,192
2,2496.0,2022-08-05 00:08:52.253,192
2,2495.0,2022-08-05 00:08:52.067,192
2,2494.0,2022-08-05 00:08:51.877,192
2,2493.0,2022-08-05 00:08:51.693,192
2,2492.0,2022-08-05 00:08:51.507,192
2,2491.0,2022-08-05 00:08:51.323,192
2,2490.0,2022-08-05 00:08:51.137,192
2,2489.0,2022-08-05 00:08:50.950,192
2,2488.0,2022-08-05 00:08:50.767,192
2,2487.0,2022-08-05 00:08:50.580,192
2,2486.0,2022-08-05 00:08:50.393,192
2,2485.0,2022-08-05 00:08:50.210,192
2,2484.0,2022-08-05 00:08:50.027,192
2,2483.0,2022-08-05 00:08:49.840,192
2,2482.0,2022-08-05 00:08:49.653,192
2,2481.0,2022-08-05 00:08:49.470,192
2,2480.0,2022-08-05 00:08:49.287,192
2,2479.0,2022-08-05 00:08:49.100,192
2,2478.0,2022-08-05 00:08:48.917,192
2,2477.0,2022-08-05 00:08:48.733,192
2,2476.0,2022-08-05 00:08:48.547,192
2,2475.0,2022-08-05 00:08:48.360,192
2,2474.0,2022-08-05 00:08:48.177,192
2,2473.0,2022-08-05 00:08:47.990,192
2,2472.0,2022-08-05 00:08:47.803,192
2,2471.0,2022-08-05 00:08:47.620,192
2,2470.0,2022-08-05 00:08:47.433,192
2,2469.0,2022-08-05 00:08:47.250,192
2,2468.0,2022-08-05 00:08:47.067,192
2,2467.0,2022-08-05 00:08:46.880,192
2,2466.0,2022-08-05 00:08:46.697,192
2,2465.0,2022-08-05 00:08:46.513,192
2,2464.0,2022-08-05 00:08:46.327,192
2,2463.0,2022-08-05 00:08:46.143,192
2,2462.0,2022-08-05 00:08:45.957,192
2,2461.0,2022-08-05 00:08:45.773,192
2,2460.0,2022-08-05 00:08:45.587,192
2,2459.0,2022-08-05 00:08:45.403,192
2,2458.0,2022-08-05 00:08:45.220,192
2,2457.0,2022-08-05 00:08:45.033,192
2,2456.0,2022-08-05 00:08:44.850,192
2,2455.0,2022-08-05 00:08:44.667,192
2,2454.0,2022-08-05 00:08:44.483,192
2,2453.0,2022-08-05 00:08:44.297,192
2,2452.0,2022-08-05 00:08:44.113,192
2,2451.0,2022-08-05 00:08:43.927,192
2,2450.0,2022-08-05 00:08:43.743,192
2,2449.0,2022-08-05 00:08:43.557,192
2,2448.0,2022-08-05 00:08:43.370,192
2,2447.0,2022-08-05 00:08:43.183,192
2,2446.0,2022-08-05 00:08:43.000,192
2,2445.0,2022-08-05 00:08:42.817,192
2,2444.0,2022-08-05 00:08:42.633,192
2,2443.0,2022-08-05 00:08:42.447,192
2,2442.0,2022-08-05 00:08:42.263,192
2,2441.0,2022-08-05 00:08:42.077,192
2,2440.0,2022-08-05 00:08:41.893,192
2,2439.0,2022-08-05 00:08:41.710,192
2,2438.0,2022-08-05 00:08:41.523,192
2,2437.0,2022-08-05 00:08:41.337,192
2,2436.0,2022-08-05 00:08:41.153,192
2,2435.0,2022-08-05 00:08:40.970,192
2,2434.0,2022-08-05 00:08:40.783,192
2,2433.0,2022-08-05 00:08:40.600,192
2,2432.0,2022-08-05 00:08:40.417,192
2,2431.0,2022-08-05 00:08:40.233,192
2,2430.0,2022-08-05 00:08:40.047,192
2,2429.0,2022-08-05 00:08:39.860,192
2,2428.0,2022-08-05 00:08:39.673,192
2,2427.0,2022-08-05 00:08:39.483,192
2,2426.0,2022-08-05 00:08:39.300,192
2,2425.0,2022-08-05 00:08:39.117,192
2,2424.0,2022-08-05 00:08:38.930,192
2,2423.0,2022-08-05 00:08:38.743,192
2,2422.0,2022-08-05 00:08:38.563,192
2,2421.0,2022-08-05 00:08:38.377,192
2,2420.0,2022-08-05 00:08:38.193,192
2,2419.0,2022-08-05 00:08:38.003,192
2,2418.0,2022-08-05 00:08:37.820,192
2,2417.0,2022-08-05 00:08:37.637,192
2,2416.0,2022-08-05 00:08:37.447,192
2,2415.0,2022-08-05 00:08:37.260,192
2,2414.0,2022-08-05 00:08:37.073,192
2,2413.0,2022-08-05 00:08:36.887,192
2,2412.0,2022-08-05 00:08:36.703,192
2,2411.0,2022-08-05 00:08:36.513,192
2,2410.0,2022-08-05 00:08:36.313,192
2,2409.0,2022-08-05 00:08:36.130,192
2,2408.0,2022-08-05 00:08:35.943,192
2,2407.0,2022-08-05 00:08:35.757,192
2,2406.0,2022-08-05 00:08:35.570,192
2,2405.0,2022-08-05 00:08:35.387,192
2,2404.0,2022-08-05 00:08:35.200,192
2,2403.0,2022-08-05 00:08:35.013,192
2,2402.0,2022-08-05 00:08:34.827,192
2,2401.0,2022-08-05 00:08:34.643,192
2,2400.0,2022-08-05 00:08:34.460,192
2,2399.0,2022-08-05 00:08:34.277,192
2,2398.0,2022-08-05 00:08:34.090,192
2,2397.0,2022-08-05 00:08:33.907,192
2,2396.0,2022-08-05 00:08:33.723,192
2,2395.0,2022-08-05 00:08:33.537,192
2,2394.0,2022-08-05 00:08:33.353,192
2,2393.0,2022-08-05 00:08:33.170,192
2,2392.0,2022-08-05 00:08:32.983,192
2,2391.0,2022-08-05 00:08:32.797,192
2,2390.0,2022-08-05 00:08:32.613,192
2,2389.0,2022-08-05 00:08:32.430,192
2,2388.0,2022-08-05 00:08:32.243,192
2,2387.0,2022-08-05 00:08:32.057,192
2,2386.0,2022-08-05 00:08:31.870,192
2,2385.0,2022-08-05 00:08:31.687,192
2,2384.0,2022-08-05 00:08:31.500,192
2,2383.0,2022-08-05 00:08:31.317,192
2,2382.0,2022-08-05 00:08:31.133,192
2,2381.0,2022-08-05 00:08:30.947,192
2,2380.0,2022-08-05 00:08:30.763,192
2,2379.0,2022-08-05 00:08:30.573,192
2,2378.0,2022-08-05 00:08:30.390,192
2,2377.0,2022-08-05 00:08:30.203,192
2,2376.0,2022-08-05 00:08:30.017,192
2,2375.0,2022-08-05 00:08:29.830,192
2,2374.0,2022-08-05 00:08:29.647,192
2,2373.0,2022-08-05 00:08:29.460,192
2,2372.0,2022-08-05 00:08:29.277,192
2,2371.0,2022-08-05 00:08:29.090,192
2,2370.0,2022-08-05 00:08:28.907,192
2,2369.0,2022-08-05 00:08:28.720,192
2,2368.0,2022-08-05 00:08:28.537,192
2,2367.0,2022-08-05 00:08:28.353,192
2,2366.0,2022-08-05 00:08:28.167,192
2,2365.0,2022-08-05 00:08:27.983,192
2,2364.0,2022-08-05 00:08:27.797,192
2,2363.0,2022-08-05 00:08:27.610,192
2,2362.0,2022-08-05 00:08:27.423,192
2,2361.0,2022-08-05 00:08:27.240,192
2,2360.0,2022-08-05 00:08:27.053,192
2,2359.0,2022-08-05 00:08:26.870,192
2,2358.0,2022-08-05 00:08:26.687,192
2,2357.0,2022-08-05 00:08:26.500,192
2,2356.0,2022-08-05 00:08:26.317,192
2,2355.0,2022-08-05 00:08:26.130,192
2,2354.0,2022-08-05 00:08:25.943,192
2,2353.0,2022-08-05 00:08:25.757,192
2,2352.0,2022-08-05 00:08:25.573,192
2,2351.0,2022-08-05 00:08:25.387,192
2,2350.0,2022-08-05 00:08:25.200,192
2,2349.0,2022-08-05 00:08:25.013,192
2,2348.0,2022-08-05 00:08:24.830,192
2,2347.0,2022-08-05 00:08:24.643,192
2,2346.0,2022-08-05 00:08:24.460,192
2,2345.0,2022-08-05 00:08:24.277,192
2,2344.0,2022-08-05 00:08:24.090,192
2,2343.0,2022-08-05 00:08:23.907,192
2,2342.0,2022-08-05 00:08:23.720,192
2,2341.0,2022-08-05 00:08:23.537,192
2,2340.0,2022-08-05 00:08:23.353,192
2,2339.0,2022-08-05 00:08:23.170,192
2,2338.0,2022-08-05 00:08:22.987,192
2,2337.0,2022-08-05 00:08:22.800,192
2,2336.0,2022-08-05 00:08:22.617,192
2,2335.0,2022-08-05 00:08:22.430,192
2,2334.0,2022-08-05 00:08:22.247,192
2,2333.0,2022-08-05 00:08:22.063,192
2,2332.0,2022-08-05 00:08:21.880,192
2,2331.0,2022-08-05 00:08:21.693,192
2,2330.0,2022-08-05 00:08:21.510,192
2,2329.0,2022-08-05 00:08:21.327,192
2,2328.0,2022-08-05 00:08:21.140,192
2,2327.0,2022-08-05 00:08:20.957,192
2,2326.0,2022-08-05 00:08:20.770,192
2,2325.0,2022-08-05 00:08:20.583,192
2,2324.0,2022-08-05 00:08:20.397,192
2,2323.0,2022-08-05 00:08:20.213,192
2,2322.0,2022-08-05 00:08:20.027,192
2,2321.0,2022-08-05 00:08:19.840,192
2,2320.0,2022-08-05 00:08:19.653,192
2,2319.0,2022-08-05 00:08:19.470,192
2,2318.0,2022-08-05 00:08:19.283,192
2,2317.0,2022-08-05 00:08:19.097,192
2,2316.0,2022-08-05 00:08:18.910,192
2,2315.0,2022-08-05 00:08:18.723,192
2,2314.0,2022-08-05 00:08:18.540,192
2,2313.0,2022-08-05 00:08:18.357,192
2,2312.0,2022-08-05 00:08:18.170,192
2,2311.0,2022-08-05 00:08:17.987,192
2,2310.0,2022-08-05 00:08:17.800,192
2,2309.0,2022-08-05 00:08:17.617,192
2,2308.0,2022-08-05 00:08:17.430,192
2,2307.0,2022-08-05 00:08:17.243,192
2,2306.0,2022-08-05 00:08:17.060,192
2,2305.0,2022-08-05 00:08:16.873,192
2,2304.0,2022-08-05 00:08:16.683,192
2,2303.0,2022-08-05 00:08:16.503,192
2,2302.0,2022-08-05 00:08:16.313,192
2,2301.0,2022-08-05 00:08:16.127,192
2,2300.0,2022-08-05 00:08:15.943,192
2,2299.0,2022-08-05 00:08:15.753,192
2,2298.0,2022-08-05 00:08:15.570,192
2,2297.0,2022-08-05 00:08:15.383,192
2,2296.0,2022-08-05 00:08:15.193,192
2,2295.0,2022-08-05 00:08:15.007,192
2,2294.0,2022-08-05 00:08:14.820,192
2,2293.0,2022-08-05 00:08:14.637,192
2,2292.0,2022-08-05 00:08:14.447,192
2,2291.0,2022-08-05 00:08:14.263,192
2,2290.0,2022-08-05 00:08:14.077,192
2,2289.0,2022-08-05 00:08:13.893,192
2,2288.0,2022-08-05 00:08:13.710,192
2,2287.0,2022-08-05 00:08:13.527,192
2,2286.0,2022-08-05 00:08:13.340,192
2,2285.0,2022-08-05 00:08:13.157,192
2,2284.0,2022-08-05 00:08:12.973,192
2,2283.0,2022-08-05 00:08:12.790,192
2,2282.0,2022-08-05 00:08:12.603,192
2,2281.0,2022-08-05 00:08:12.417,192
2,2280.0,2022-08-05 00:08:12.233,192
2,2279.0,2022-08-05 00:08:12.047,192
2,2278.0,2022-08-05 00:08:11.863,192
2,2277.0,2022-08-05 00:08:11.680,192
2,2276.0,2022-08-05 00:08:11.493,192
2,2275.0,2022-08-05 00:08:11.303,192
2,2274.0,2022-08-05 00:08:11.120,192
2,2273.0,2022-08-05 00:08:10.937,192
2,2272.0,2022-08-05 00:08:10.750,192
2,2271.0,2022-08-05 00:08:10.563,192
2,2270.0,2022-08-05 00:08:10.380,192
2,2269.0,2022-08-05 00:08:10.193,192
2,2268.0,2022-08-05 00:08:10.007,192
2,2267.0,2022-08-05 00:08:09.820,192
2,2266.0,2022-08-05 00:08:09.637,192
2,2265.0,2022-08-05 00:08:09.453,192
2,2264.0,2022-08-05 00:08:09.263,192
2,2263.0,2022-08-05 00:08:09.080,192
2,2262.0,2022-08-05 00:08:08.897,192
2,2261.0,2022-08-05 00:08:08.710,192
2,2260.0,2022-08-05 00:08:08.527,192
2,2259.0,2022-08-05 00:08:08.343,192
2,2258.0,2022-08-05 00:08:08.157,192
2,2257.0,2022-08-05 00:08:07.970,192
2,2256.0,2022-08-05 00:08:07.787,192
2,2255.0,2022-08-05 00:08:07.600,192
2,2254.0,2022-08-05 00:08:07.417,192
2,2253.0,2022-08-05 00:08:07.230,192
2,2252.0,2022-08-05 00:08:07.043,192
2,2251.0,2022-08-05 00:08:06.860,192
2,2250.0,2022-08-05 00:08:06.673,192
2,2249.0,2022-08-05 00:08:06.487,192
2,2248.0,2022-08-05 00:08:06.300,192
2,2247.0,2022-08-05 00:08:06.117,192
2,2246.0,2022-08-05 00:08:05.930,192
2,2245.0,2022-08-05 00:08:05.743,192
2,2244.0,2022-08-05 00:08:05.557,192
2,2243.0,2022-08-05 00:08:05.370,192
2,2242.0,2022-08-05 00:08:05.183,192
2,2241.0,2022-08-05 00:08:04.997,192
2,2240.0,2022-08-05 00:08:04.813,192
2,2239.0,2022-08-05 00:08:04.627,192
2,2238.0,2022-08-05 00:08:04.443,192
2,2237.0,2022-08-05 00:08:04.260,192
2,2236.0,2022-08-05 00:08:04.073,192
2,2235.0,2022-08-05 00:08:03.890,192
2,2234.0,2022-08-05 00:08:03.707,192
2,2233.0,2022-08-05 00:08:03.520,192
2,2232.0,2022-08-05 00:08:03.333,192
2,2231.0,2022-08-05 00:08:03.150,192
2,2230.0,2022-08-05 00:08:02.967,192
2,2229.0,2022-08-05 00:08:02.783,192
2,2228.0,2022-08-05 00:08:02.597,192
2,2227.0,2022-08-05 00:08:02.410,192
2,2226.0,2022-08-05 00:08:02.227,192
2,2225.0,2022-08-05 00:08:02.040,192
2,2224.0,2022-08-05 00:08:01.853,192
2,2223.0,2022-08-05 00:08:01.667,192
2,2222.0,2022-08-05 00:08:01.480,192
2,2221.0,2022-08-05 00:08:01.297,192
2,2220.0,2022-08-05 00:08:01.110,192
2,2219.0,2022-08-05 00:08:00.927,192
2,2218.0,2022-08-05 00:08:00.740,192
2,2217.0,2022-08-05 00:08:00.557,192
2,2216.0,2022-08-05 00:08:00.370,192
2,2215.0,2022-08-05 00:08:00.183,192
2,2214.0,2022-08-05 00:08:00.000,192
2,2213.0,2022-08-05 00:07:59.813,192
2,2212.0,2022-08-05 00:07:59.630,192
2,2211.0,2022-08-05 00:07:59.443,192
2,2210.0,2022-08-05 00:07:59.260,192
2,2209.0,2022-08-05 00:07:59.077,192
2,2208.0,2022-08-05 00:07:58.890,192
2,2207.0,2022-08-05 00:07:58.707,192
2,2206.0,2022-08-05 00:07:58.520,192
2,2205.0,2022-08-05 00:07:58.337,192
2,2204.0,2022-08-05 00:07:58.150,192
2,2203.0,2022-08-05 00:07:57.967,192
2,2202.0,2022-08-05 00:07:57.783,192
2,2201.0,2022-08-05 00:07:57.600,192
2,2200.0,2022-08-05 00:07:57.413,192
2,2199.0,2022-08-05 00:07:57.230,192
2,2198.0,2022-08-05 00:07:57.043,192
2,2197.0,2022-08-05 00:07:56.860,192
2,2196.0,2022-08-05 00:07:56.673,192
2,2195.0,2022-08-05 00:07:56.490,192
2,2194.0,2022-08-05 00:07:56.300,192
2,2193.0,2022-08-05 00:07:56.117,192
2,2192.0,2022-08-05 00:07:55.930,192
2,2191.0,2022-08-05 00:07:55.747,192
2,2190.0,2022-08-05 00:07:55.563,192
2,2189.0,2022-08-05 00:07:55.377,192
2,2188.0,2022-08-05 00:07:55.190,192
2,2187.0,2022-08-05 00:07:55.000,192
2,2186.0,2022-08-05 00:07:54.817,192
2,2185.0,2022-08-05 00:07:54.630,192
2,2184.0,2022-08-05 00:07:54.443,192
2,2183.0,2022-08-05 00:07:54.260,192
2,2182.0,2022-08-05 00:07:54.073,192
2,2181.0,2022-08-05 00:07:53.887,192
2,2180.0,2022-08-05 00:07:53.703,192
2,2179.0,2022-08-05 00:07:53.517,192
2,2178.0,2022-08-05 00:07:53.337,192
2,2177.0,2022-08-05 00:07:53.150,192
2,2176.0,2022-08-05 00:07:52.963,192
2,2175.0,2022-08-05 00:07:52.780,192
2,2174.0,2022-08-05 00:07:52.593,192
2,2173.0,2022-08-05 00:07:52.410,192
2,2172.0,2022-08-05 00:07:52.223,192
2,2171.0,2022-08-05 00:07:52.037,192
2,2170.0,2022-08-05 00:07:51.850,192
2,2169.0,2022-08-05 00:07:51.667,192
2,2168.0,2022-08-05 00:07:51.480,192
2,2167.0,2022-08-05 00:07:51.297,192
2,2166.0,2022-08-05 00:07:51.110,192
2,2165.0,2022-08-05 00:07:50.923,192
2,2164.0,2022-08-05 00:07:50.740,192
2,2163.0,2022-08-05 00:07:50.547,192
2,2162.0,2022-08-05 00:07:50.353,192
2,2161.0,2022-08-05 00:07:50.167,192
2,2160.0,2022-08-05 00:07:49.987,192
2,2159.0,2022-08-05 00:07:49.800,192
2,2158.0,2022-08-05 00:07:49.617,192
2,2157.0,2022-08-05 00:07:49.430,192
2,2156.0,2022-08-05 00:07:49.250,192
2,2155.0,2022-08-05 00:07:49.067,192
2,2154.0,2022-08-05 00:07:48.880,192
2,2153.0,2022-08-05 00:07:48.693,192
2,2152.0,2022-08-05 00:07:48.513,192
2,2151.0,2022-08-05 00:07:48.330,192
2,2150.0,2022-08-05 00:07:48.143,192
2,2149.0,2022-08-05 00:07:47.957,192
2,2148.0,2022-08-05 00:07:47.773,192
2,2147.0,2022-08-05 00:07:47.590,192
2,2146.0,2022-08-05 00:07:47.407,192
2,2145.0,2022-08-05 00:07:47.223,192
2,2144.0,2022-08-05 00:07:47.033,192
2,2143.0,2022-08-05 00:07:46.850,192
2,2142.0,2022-08-05 00:07:46.667,192
2,2141.0,2022-08-05 00:07:46.483,192
2,2140.0,2022-08-05 00:07:46.297,192
2,2139.0,2022-08-05 00:07:46.110,192
2,2138.0,2022-08-05 00:07:45.927,192
2,2137.0,2022-08-05 00:07:45.743,192
2,2136.0,2022-08-05 00:07:45.560,192
2,2135.0,2022-08-05 00:07:45.373,192
2,2134.0,2022-08-05 00:07:45.190,192
2,2133.0,2022-08-05 00:07:45.003,192
2,2132.0,2022-08-05 00:07:44.820,192
2,2131.0,2022-08-05 00:07:44.633,192
2,2130.0,2022-08-05 00:07:44.450,192
2,2129.0,2022-08-05 00:07:44.267,192
2,2128.0,2022-08-05 00:07:44.083,192
2,2127.0,2022-08-05 00:07:43.897,192
2,2126.0,2022-08-05 00:07:43.713,192
2,2125.0,2022-08-05 00:07:43.527,192
2,2124.0,2022-08-05 00:07:43.343,192
2,2123.0,2022-08-05 00:07:43.160,192
2,2122.0,2022-08-05 00:07:42.973,192
2,2121.0,2022-08-05 00:07:42.787,192
2,2120.0,2022-08-05 00:07:42.600,192
2,2119.0,2022-08-05 00:07:42.417,192
2,2118.0,2022-08-05 00:07:42.230,192
2,2117.0,2022-08-05 00:07:42.043,192
2,2116.0,2022-08-05 00:07:41.857,192
2,2115.0,2022-08-05 00:07:41.677,192
2,2114.0,2022-08-05 00:07:41.490,192
2,2113.0,2022-08-05 00:07:41.307,192
2,2112.0,2022-08-05 00:07:41.120,192
2,2111.0,2022-08-05 00:07:40.933,192
2,2110.0,2022-08-05 00:07:40.750,192
2,2109.0,2022-08-05 00:07:40.567,192
2,2108.0,2022-08-05 00:07:40.380,192
2,2107.0,2022-08-05 00:07:40.197,192
2,2106.0,2022-08-05 00:07:40.013,192
2,2105.0,2022-08-05 00:07:39.827,192
2,2104.0,2022-08-05 00:07:39.643,192
2,2103.0,2022-08-05 00:07:39.460,192
2,2102.0,2022-08-05 00:07:39.273,192
2,2101.0,2022-08-05 00:07:39.087,192
2,2100.0,2022-08-05 00:07:38.903,192
2,2099.0,2022-08-05 00:07:38.717,192
2,2098.0,2022-08-05 00:07:38.533,192
2,2097.0,2022-08-05 00:07:38.350,192
2,2096.0,2022-08-05 00:07:38.167,192
2,2095.0,2022-08-05 00:07:37.983,192
2,2094.0,2022-08-05 00:07:37.797,192
2,2093.0,2022-08-05 00:07:37.613,192
2,2092.0,2022-08-05 00:07:37.430,192
2,2091.0,2022-08-05 00:07:37.243,192
2,2090.0,2022-08-05 00:07:37.060,192
2,2089.0,2022-08-05 00:07:36.873,192
2,2088.0,2022-08-05 00:07:36.690,192
2,2087.0,2022-08-05 00:07:36.507,192
2,2086.0,2022-08-05 00:07:36.320,192
2,2085.0,2022-08-05 00:07:36.137,192
2,2084.0,2022-08-05 00:07:35.953,192
2,2083.0,2022-08-05 00:07:35.767,192
2,2082.0,2022-08-05 00:07:35.583,192
2,2081.0,2022-08-05 00:07:35.397,192
2,2080.0,2022-08-05 00:07:35.213,192
2,2079.0,2022-08-05 00:07:35.027,192
2,2078.0,2022-08-05 00:07:34.840,192
2,2077.0,2022-08-05 00:07:34.657,192
2,2076.0,2022-08-05 00:07:34.473,192
2,2075.0,2022-08-05 00:07:34.290,192
2,2074.0,2022-08-05 00:07:34.107,192
2,2073.0,2022-08-05 00:07:33.920,192
2,2072.0,2022-08-05 00:07:33.737,192
2,2071.0,2022-08-05 00:07:33.553,192
2,2070.0,2022-08-05 00:07:33.367,192
2,2069.0,2022-08-05 00:07:33.180,192
2,2068.0,2022-08-05 00:07:32.997,192
2,2067.0,2022-08-05 00:07:32.813,192
2,2066.0,2022-08-05 00:07:32.630,192
2,2065.0,2022-08-05 00:07:32.447,192
2,2064.0,2022-08-05 00:07:32.260,192
2,2063.0,2022-08-05 00:07:32.077,192
2,2062.0,2022-08-05 00:07:31.893,192
2,2061.0,2022-08-05 00:07:31.707,192
2,2060.0,2022-08-05 00:07:31.523,192
2,2059.0,2022-08-05 00:07:31.340,192
2,2058.0,2022-08-05 00:07:31.157,192
2,2057.0,2022-08-05 00:07:30.973,192
2,2056.0,2022-08-05 00:07:30.787,192
2,2055.0,2022-08-05 00:07:30.600,192
2,2054.0,2022-08-05 00:07:30.417,192
2,2053.0,2022-08-05 00:07:30.230,192
2,2052.0,2022-08-05 00:07:30.047,192
2,2051.0,2022-08-05 00:07:29.863,192
2,2050.0,2022-08-05 00:07:29.677,192
2,2049.0,2022-08-05 00:07:29.493,192
2,2048.0,2022-08-05 00:07:29.307,192
2,2047.0,2022-08-05 00:07:29.127,192
2,2046.0,2022-08-05 00:07:28.940,192
2,2045.0,2022-08-05 00:07:28.760,192
2,2044.0,2022-08-05 00:07:28.573,192
2,2043.0,2022-08-05 00:07:28.390,192
2,2042.0,2022-08-05 00:07:28.203,192
2,2041.0,2022-08-05 00:07:28.020,192
2,2040.0,2022-08-05 00:07:27.837,192
2,2039.0,2022-08-05 00:07:27.650,192
2,2038.0,2022-08-05 00:07:27.467,192
2,2037.0,2022-08-05 00:07:27.280,192
2,2036.0,2022-08-05 00:07:27.097,192
2,2035.0,2022-08-05 00:07:26.910,192
2,2034.0,2022-08-05 00:07:26.727,192
2,2033.0,2022-08-05 00:07:26.543,192
2,2032.0,2022-08-05 00:07:26.360,192
2,2031.0,2022-08-05 00:07:26.177,192
2,2030.0,2022-08-05 00:07:25.993,192
2,2029.0,2022-08-05 00:07:25.810,192
2,2028.0,2022-08-05 00:07:25.627,192
2,2027.0,2022-08-05 00:07:25.440,192
2,2026.0,2022-08-05 00:07:25.257,192
2,2025.0,2022-08-05 00:07:25.070,192
2,2024.0,2022-08-05 00:07:24.883,192
2,2023.0,2022-08-05 00:07:24.700,192
2,2022.0,2022-08-05 00:07:24.517,192
2,2021.0,2022-08-05 00:07:24.333,192
2,2020.0,2022-08-05 00:07:24.147,192
2,2019.0,2022-08-05 00:07:23.960,192
2,2018.0,2022-08-05 00:07:23.777,192
2,2017.0,2022-08-05 00:07:23.593,192
2,2016.0,2022-08-05 00:07:23.410,192
2,2015.0,2022-08-05 00:07:23.223,192
2,2014.0,2022-08-05 00:07:23.040,192
2,2013.0,2022-08-05 00:07:22.857,192
2,2012.0,2022-08-05 00:07:22.670,192
2,2011.0,2022-08-05 00:07:22.487,192
2,2010.0,2022-08-05 00:07:22.300,192
2,2009.0,2022-08-05 00:07:22.117,192
2,2008.0,2022-08-05 00:07:21.930,192
2,2007.0,2022-08-05 00:07:21.747,192
2,2006.0,2022-08-05 00:07:21.560,192
2,2005.0,2022-08-05 00:07:21.377,192
2,2004.0,2022-08-05 00:07:21.190,192
2,2003.0,2022-08-05 00:07:21.007,192
2,2002.0,2022-08-05 00:07:20.823,192
2,2001.0,2022-08-05 00:07:20.643,192
2,2000.0,2022-08-05 00:07:20.440,192
2,1999.0,2022-08-05 00:07:20.253,192
2,1998.0,2022-08-05 00:07:20.067,192
2,1997.0,2022-08-05 00:07:19.883,192
2,1996.0,2022-08-05 00:07:19.700,192
2,1995.0,2022-08-05 00:07:19.513,192
2,1994.0,2022-08-05 00:07:19.330,192
2,1993.0,2022-08-05 00:07:19.147,192
2,1992.0,2022-08-05 00:07:18.963,192
2,1991.0,2022-08-05 00:07:18.777,192
2,1990.0,2022-08-05 00:07:18.597,192
2,1989.0,2022-08-05 00:07:18.410,192
2,1988.0,2022-08-05 00:07:18.227,192
2,1987.0,2022-08-05 00:07:18.043,192
2,1986.0,2022-08-05 00:07:17.857,192
2,1985.0,2022-08-05 00:07:17.673,192
2,1984.0,2022-08-05 00:07:17.490,192
2,1983.0,2022-08-05 00:07:17.307,192
2,1982.0,2022-08-05 00:07:17.123,192
2,1981.0,2022-08-05 00:07:16.937,192
2,1980.0,2022-08-05 00:07:16.753,192
2,1979.0,2022-08-05 00:07:16.570,192
2,1978.0,2022-08-05 00:07:16.383,192
2,1977.0,2022-08-05 00:07:16.197,192
2,1976.0,2022-08-05 00:07:16.010,192
2,1975.0,2022-08-05 00:07:15.827,192
2,1974.0,2022-08-05 00:07:15.640,192
2,1973.0,2022-08-05 00:07:15.453,192
2,1972.0,2022-08-05 00:07:15.270,192
2,1971.0,2022-08-05 00:07:15.087,192
2,1970.0,2022-08-05 00:07:14.900,192
2,1969.0,2022-08-05 00:07:14.717,192
2,1968.0,2022-08-05 00:07:14.533,192
2,1967.0,2022-08-05 00:07:14.347,192
2,1966.0,2022-08-05 00:07:14.160,192
2,1965.0,2022-08-05 00:07:13.977,192
2,1964.0,2022-08-05 00:07:13.790,192
2,1963.0,2022-08-05 00:07:13.607,192
2,1962.0,2022-08-05 00:07:13.420,192
2,1961.0,2022-08-05 00:07:13.233,192
2,1960.0,2022-08-05 00:07:13.050,192
2,1959.0,2022-08-05 00:07:12.867,192
2,1958.0,2022-08-05 00:07:12.680,192
2,1957.0,2022-08-05 00:07:12.493,192
2,1956.0,2022-08-05 00:07:12.307,192
2,1955.0,2022-08-05 00:07:12.123,192
2,1954.0,2022-08-05 00:07:11.937,192
2,1953.0,2022-08-05 00:07:11.753,192
2,1952.0,2022-08-05 00:07:11.567,192
2,1951.0,2022-08-05 00:07:11.380,192
2,1950.0,2022-08-05 00:07:11.197,192
2,1949.0,2022-08-05 00:07:11.010,192
2,1948.0,2022-08-05 00:07:10.823,192
2,1947.0,2022-08-05 00:07:10.637,192
2,1946.0,2022-08-05 00:07:10.450,192
2,1945.0,2022-08-05 00:07:10.267,192
2,1944.0,2022-08-05 00:07:10.077,192
2,1943.0,2022-08-05 00:07:09.890,192
2,1942.0,2022-08-05 00:07:09.703,192
2,1941.0,2022-08-05 00:07:09.517,192
2,1940.0,2022-08-05 00:07:09.333,192
2,1939.0,2022-08-05 00:07:09.147,192
2,1938.0,2022-08-05 00:07:08.960,192
2,1937.0,2022-08-05 00:07:08.777,192
2,1936.0,2022-08-05 00:07:08.593,192
2,1935.0,2022-08-05 00:07:08.410,192
2,1934.0,2022-08-05 00:07:08.223,192
2,1933.0,2022-08-05 00:07:08.040,192
2,1932.0,2022-08-05 00:07:07.853,192
2,1931.0,2022-08-05 00:07:07.670,192
2,1930.0,2022-08-05 00:07:07.487,192
2,1929.0,2022-08-05 00:07:07.307,192
2,1928.0,2022-08-05 00:07:07.120,192
2,1927.0,2022-08-05 00:07:06.927,192
2,1926.0,2022-08-05 00:07:06.737,192
2,1925.0,2022-08-05 00:07:06.553,192
2,1924.0,2022-08-05 00:07:06.367,192
2,1923.0,2022-08-05 00:07:06.183,192
2,1922.0,2022-08-05 00:07:05.980,192
2,1921.0,2022-08-05 00:07:05.797,192
2,1920.0,2022-08-05 00:07:05.613,192
2,1919.0,2022-08-05 00:07:05.427,192
2,1918.0,2022-08-05 00:07:05.240,192
2,1917.0,2022-08-05 00:07:05.053,192
2,1916.0,2022-08-05 00:07:04.867,192
2,1915.0,2022-08-05 00:07:04.687,192
2,1914.0,2022-08-05 00:07:04.500,192
2,1913.0,2022-08-05 00:07:04.317,192
2,1912.0,2022-08-05 00:07:04.130,192
2,1911.0,2022-08-05 00:07:03.947,192
2,1910.0,2022-08-05 00:07:03.760,192
2,1909.0,2022-08-05 00:07:03.577,192
2,1908.0,2022-08-05 00:07:03.393,192
2,1907.0,2022-08-05 00:07:03.203,192
2,1906.0,2022-08-05 00:07:03.020,192
2,1905.0,2022-08-05 00:07:02.833,192
2,1904.0,2022-08-05 00:07:02.637,192
2,1903.0,2022-08-05 00:07:02.453,192
2,1902.0,2022-08-05 00:07:02.270,192
2,1901.0,2022-08-05 00:07:02.087,192
2,1900.0,2022-08-05 00:07:01.903,192
2,1899.0,2022-08-05 00:07:01.720,192
2,1898.0,2022-08-05 00:07:01.533,192
2,1897.0,2022-08-05 00:07:01.347,192
2,1896.0,2022-08-05 00:07:01.163,192
2,1895.0,2022-08-05 00:07:00.980,192
2,1894.0,2022-08-05 00:07:00.793,192
2,1893.0,2022-08-05 00:07:00.607,192
2,1892.0,2022-08-05 00:07:00.423,192
2,1891.0,2022-08-05 00:07:00.237,192
2,1890.0,2022-08-05 00:07:00.053,192
2,1889.0,2022-08-05 00:06:59.870,192
2,1888.0,2022-08-05 00:06:59.683,192
2,1887.0,2022-08-05 00:06:59.497,192
2,1886.0,2022-08-05 00:06:59.310,192
2,1885.0,2022-08-05 00:06:59.123,192
2,1884.0,2022-08-05 00:06:58.943,192
2,1883.0,2022-08-05 00:06:58.753,192
2,1882.0,2022-08-05 00:06:58.567,192
2,1881.0,2022-08-05 00:06:58.380,192
2,1880.0,2022-08-05 00:06:58.197,192
2,1879.0,2022-08-05 00:06:58.007,192
2,1878.0,2022-08-05 00:06:57.820,192
2,1877.0,2022-08-05 00:06:57.637,192
2,1876.0,2022-08-05 00:06:57.450,192
2,1875.0,2022-08-05 00:06:57.263,192
2,1874.0,2022-08-05 00:06:57.077,192
2,1873.0,2022-08-05 00:06:56.890,192
2,1872.0,2022-08-05 00:06:56.707,192
2,1871.0,2022-08-05 00:06:56.523,192
2,1870.0,2022-08-05 00:06:56.337,192
2,1869.0,2022-08-05 00:06:56.153,192
2,1868.0,2022-08-05 00:06:55.970,192
2,1867.0,2022-08-05 00:06:55.783,192
2,1866.0,2022-08-05 00:06:55.600,192
2,1865.0,2022-08-05 00:06:55.413,192
2,1864.0,2022-08-05 00:06:55.230,192
2,1863.0,2022-08-05 00:06:55.040,192
2,1862.0,2022-08-05 00:06:54.857,192
2,1861.0,2022-08-05 00:06:54.670,192
2,1860.0,2022-08-05 00:06:54.483,192
2,1859.0,2022-08-05 00:06:54.300,192
2,1858.0,2022-08-05 00:06:54.113,192
2,1857.0,2022-08-05 00:06:53.930,192
2,1856.0,2022-08-05 00:06:53.747,192
2,1855.0,2022-08-05 00:06:53.560,192
2,1854.0,2022-08-05 00:06:53.377,192
2,1853.0,2022-08-05 00:06:53.190,192
2,1852.0,2022-08-05 00:06:53.010,192
2,1851.0,2022-08-05 00:06:52.827,192
2,1850.0,2022-08-05 00:06:52.643,192
2,1849.0,2022-08-05 00:06:52.457,192
2,1848.0,2022-08-05 00:06:52.270,192
2,1847.0,2022-08-05 00:06:52.087,192
2,1846.0,2022-08-05 00:06:51.903,192
2,1845.0,2022-08-05 00:06:51.720,192
2,1844.0,2022-08-05 00:06:51.533,192
2,1843.0,2022-08-05 00:06:51.343,192
2,1842.0,2022-08-05 00:06:51.160,192
2,1841.0,2022-08-05 00:06:50.977,192
2,1840.0,2022-08-05 00:06:50.790,192
2,1839.0,2022-08-05 00:06:50.600,192
2,1838.0,2022-08-05 00:06:50.413,192
2,1837.0,2022-08-05 00:06:50.227,192
2,1836.0,2022-08-05 00:06:50.043,192
2,1835.0,2022-08-05 00:06:49.860,192
2,1834.0,2022-08-05 00:06:49.673,192
2,1833.0,2022-08-05 00:06:49.487,192
2,1832.0,2022-08-05 00:06:49.300,192
2,1831.0,2022-08-05 00:06:49.113,192
2,1830.0,2022-08-05 00:06:48.930,192
2,1829.0,2022-08-05 00:06:48.747,192
2,1828.0,2022-08-05 00:06:48.560,192
2,1827.0,2022-08-05 00:06:48.377,192
2,1826.0,2022-08-05 00:06:48.190,192
2,1825.0,2022-08-05 00:06:48.007,192
2,1824.0,2022-08-05 00:06:47.823,192
2,1823.0,2022-08-05 00:06:47.637,192
2,1822.0,2022-08-05 00:06:47.453,192
2,1821.0,2022-08-05 00:06:47.270,192
2,1820.0,2022-08-05 00:06:47.087,192
2,1819.0,2022-08-05 00:06:46.903,192
2,1818.0,2022-08-05 00:06:46.720,192
2,1817.0,2022-08-05 00:06:46.537,192
2,1816.0,2022-08-05 00:06:46.350,192
2,1815.0,2022-08-05 00:06:46.163,192
2,1814.0,2022-08-05 00:06:45.980,192
2,1813.0,2022-08-05 00:06:45.797,192
2,1812.0,2022-08-05 00:06:45.610,192
2,1811.0,2022-08-05 00:06:45.427,192
2,1810.0,2022-08-05 00:06:45.243,192
2,1809.0,2022-08-05 00:06:45.060,192
2,1808.0,2022-08-05 00:06:44.873,192
2,1807.0,2022-08-05 00:06:44.687,192
2,1806.0,2022-08-05 00:06:44.500,192
2,1805.0,2022-08-05 00:06:44.313,192
2,1804.0,2022-08-05 00:06:44.130,192
2,1803.0,2022-08-05 00:06:43.943,192
2,1802.0,2022-08-05 00:06:43.757,192
2,1801.0,2022-08-05 00:06:43.573,192
2,1800.0,2022-08-05 00:06:43.387,192
2,1799.0,2022-08-05 00:06:43.200,192
2,1798.0,2022-08-05 00:06:43.013,192
2,1797.0,2022-08-05 00:06:42.827,192
2,1796.0,2022-08-05 00:06:42.643,192
2,1795.0,2022-08-05 00:06:42.457,192
2,1794.0,2022-08-05 00:06:42.273,192
2,1793.0,2022-08-05 00:06:42.090,192
2,1792.0,2022-08-05 00:06:41.903,192
2,1791.0,2022-08-05 00:06:41.720,192
2,1790.0,2022-08-05 00:06:41.537,192
2,1789.0,2022-08-05 00:06:41.350,192
2,1788.0,2022-08-05 00:06:41.163,192
2,1787.0,2022-08-05 00:06:40.980,192
2,1786.0,2022-08-05 00:06:40.790,192
2,1785.0,2022-08-05 00:06:40.603,192
2,1784.0,2022-08-05 00:06:40.417,192
2,1783.0,2022-08-05 00:06:40.233,192
2,1782.0,2022-08-05 00:06:40.050,192
2,1781.0,2022-08-05 00:06:39.867,192
2,1780.0,2022-08-05 00:06:39.680,192
2,1779.0,2022-08-05 00:06:39.497,192
2,1778.0,2022-08-05 00:06:39.310,192
2,1777.0,2022-08-05 00:06:39.123,192
2,1776.0,2022-08-05 00:06:38.940,192
2,1775.0,2022-08-05 00:06:38.757,192
2,1774.0,2022-08-05 00:06:38.570,192
2,1773.0,2022-08-05 00:06:38.387,192
2,1772.0,2022-08-05 00:06:38.200,192
2,1771.0,2022-08-05 00:06:38.013,192
2,1770.0,2022-08-05 00:06:37.830,192
2,1769.0,2022-08-05 00:06:37.643,192
2,1768.0,2022-08-05 00:06:37.457,192
2,1767.0,2022-08-05 00:06:37.270,192
2,1766.0,2022-08-05 00:06:37.083,192
2,1765.0,2022-08-05 00:06:36.900,192
2,1764.0,2022-08-05 00:06:36.710,192
2,1763.0,2022-08-05 00:06:36.527,192
2,1762.0,2022-08-05 00:06:36.340,192
2,1761.0,2022-08-05 00:06:36.157,192
2,1760.0,2022-08-05 00:06:35.970,192
2,1759.0,2022-08-05 00:06:35.787,192
2,1758.0,2022-08-05 00:06:35.603,192
2,1757.0,2022-08-05 00:06:35.417,192
2,1756.0,2022-08-05 00:06:35.233,192
2,1755.0,2022-08-05 00:06:35.050,192
2,1754.0,2022-08-05 00:06:34.867,192
2,1753.0,2022-08-05 00:06:34.683,192
2,1752.0,2022-08-05 00:06:34.497,192
2,1751.0,2022-08-05 00:06:34.313,192
2,1750.0,2022-08-05 00:06:34.127,192
2,1749.0,2022-08-05 00:06:33.940,192
2,1748.0,2022-08-05 00:06:33.740,192
2,1747.0,2022-08-05 00:06:33.553,192
2,1746.0,2022-08-05 00:06:33.367,192
2,1745.0,2022-08-05 00:06:33.180,192
2,1744.0,2022-08-05 00:06:32.993,192
2,1743.0,2022-08-05 00:06:32.810,192
2,1742.0,2022-08-05 00:06:32.623,192
2,1741.0,2022-08-05 00:06:32.440,192
2,1740.0,2022-08-05 00:06:32.257,192
2,1739.0,2022-08-05 00:06:32.073,192
2,1738.0,2022-08-05 00:06:31.887,192
2,1737.0,2022-08-05 00:06:31.703,192
2,1736.0,2022-08-05 00:06:31.517,192
2,1735.0,2022-08-05 00:06:31.333,192
2,1734.0,2022-08-05 00:06:31.147,192
2,1733.0,2022-08-05 00:06:30.963,192
2,1732.0,2022-08-05 00:06:30.777,192
2,1731.0,2022-08-05 00:06:30.590,192
2,1730.0,2022-08-05 00:06:30.400,192
2,1729.0,2022-08-05 00:06:30.213,192
2,1728.0,2022-08-05 00:06:30.030,192
2,1727.0,2022-08-05 00:06:29.843,192
2,1726.0,2022-08-05 00:06:29.657,192
2,1725.0,2022-08-05 00:06:29.470,192
2,1724.0,2022-08-05 00:06:29.287,192
2,1723.0,2022-08-05 00:06:29.100,192
2,1722.0,2022-08-05 00:06:28.917,192
2,1721.0,2022-08-05 00:06:28.730,192
2,1720.0,2022-08-05 00:06:28.540,192
2,1719.0,2022-08-05 00:06:28.357,192
2,1718.0,2022-08-05 00:06:28.167,192
2,1717.0,2022-08-05 00:06:27.983,192
2,1716.0,2022-08-05 00:06:27.800,192
2,1715.0,2022-08-05 00:06:27.617,192
2,1714.0,2022-08-05 00:06:27.430,192
2,1713.0,2022-08-05 00:06:27.243,192
2,1712.0,2022-08-05 00:06:27.053,192
2,1711.0,2022-08-05 00:06:26.870,192
2,1710.0,2022-08-05 00:06:26.687,192
2,1709.0,2022-08-05 00:06:26.497,192
2,1708.0,2022-08-05 00:06:26.313,192
2,1707.0,2022-08-05 00:06:26.127,192
2,1706.0,2022-08-05 00:06:25.937,192
2,1705.0,2022-08-05 00:06:25.753,192
2,1704.0,2022-08-05 00:06:25.570,192
2,1703.0,2022-08-05 00:06:25.383,192
2,1702.0,2022-08-05 00:06:25.200,192
2,1701.0,2022-08-05 00:06:25.013,192
2,1700.0,2022-08-05 00:06:24.830,192
2,1699.0,2022-08-05 00:06:24.643,192
2,1698.0,2022-08-05 00:06:24.457,192
2,1697.0,2022-08-05 00:06:24.273,192
2,1696.0,2022-08-05 00:06:24.087,192
2,1695.0,2022-08-05 00:06:23.900,192
2,1694.0,2022-08-05 00:06:23.717,192
2,1693.0,2022-08-05 00:06:23.527,192
2,1692.0,2022-08-05 00:06:23.343,192
2,1691.0,2022-08-05 00:06:23.160,192
2,1690.0,2022-08-05 00:06:22.973,192
2,1689.0,2022-08-05 00:06:22.787,192
2,1688.0,2022-08-05 00:06:22.603,192
2,1687.0,2022-08-05 00:06:22.417,192
2,1686.0,2022-08-05 00:06:22.233,192
2,1685.0,2022-08-05 00:06:22.047,192
2,1684.0,2022-08-05 00:06:21.867,192
2,1683.0,2022-08-05 00:06:21.683,192
2,1682.0,2022-08-05 00:06:21.497,192
2,1681.0,2022-08-05 00:06:21.310,192
2,1680.0,2022-08-05 00:06:21.127,192
2,1679.0,2022-08-05 00:06:20.943,192
2,1678.0,2022-08-05 00:06:20.757,192
2,1677.0,2022-08-05 00:06:20.573,192
2,1676.0,2022-08-05 00:06:20.390,192
2,1675.0,2022-08-05 00:06:20.203,192
2,1674.0,2022-08-05 00:06:20.017,192
2,1673.0,2022-08-05 00:06:19.833,192
2,1672.0,2022-08-05 00:06:19.650,192
2,1671.0,2022-08-05 00:06:19.463,192
2,1670.0,2022-08-05 00:06:19.280,192
2,1669.0,2022-08-05 00:06:19.097,192
2,1668.0,2022-08-05 00:06:18.897,192
2,1667.0,2022-08-05 00:06:18.710,192
2,1666.0,2022-08-05 00:06:18.523,192
2,1665.0,2022-08-05 00:06:18.333,192
2,1664.0,2022-08-05 00:06:18.147,192
2,1663.0,2022-08-05 00:06:17.960,192
2,1662.0,2022-08-05 00:06:17.777,192
2,1661.0,2022-08-05 00:06:17.593,192
2,1660.0,2022-08-05 00:06:17.407,192
2,1659.0,2022-08-05 00:06:17.223,192
2,1658.0,2022-08-05 00:06:17.037,192
2,1657.0,2022-08-05 00:06:16.853,192
2,1656.0,2022-08-05 00:06:16.670,192
2,1655.0,2022-08-05 00:06:16.480,192
2,1654.0,2022-08-05 00:06:16.297,192
2,1653.0,2022-08-05 00:06:16.113,192
2,1652.0,2022-08-05 00:06:15.927,192
2,1651.0,2022-08-05 00:06:15.740,192
2,1650.0,2022-08-05 00:06:15.557,192
2,1649.0,2022-08-05 00:06:15.373,192
2,1648.0,2022-08-05 00:06:15.187,192
2,1647.0,2022-08-05 00:06:15.003,192
2,1646.0,2022-08-05 00:06:14.817,192
2,1645.0,2022-08-05 00:06:14.630,192
2,1644.0,2022-08-05 00:06:14.447,192
2,1643.0,2022-08-05 00:06:14.260,192
2,1642.0,2022-08-05 00:06:14.077,192
2,1641.0,2022-08-05 00:06:13.890,192
2,1640.0,2022-08-05 00:06:13.707,192
2,1639.0,2022-08-05 00:06:13.523,192
2,1638.0,2022-08-05 00:06:13.337,192
2,1637.0,2022-08-05 00:06:13.150,192
2,1636.0,2022-08-05 00:06:12.963,192
2,1635.0,2022-08-05 00:06:12.780,192
2,1634.0,2022-08-05 00:06:12.597,192
2,1633.0,2022-08-05 00:06:12.410,192
2,1632.0,2022-08-05 00:06:12.227,192
2,1631.0,2022-08-05 00:06:12.043,192
2,1630.0,2022-08-05 00:06:11.860,192
2,1629.0,2022-08-05 00:06:11.673,192
2,1628.0,2022-08-05 00:06:11.490,192
2,1627.0,2022-08-05 00:06:11.303,192
2,1626.0,2022-08-05 00:06:11.120,192
2,1625.0,2022-08-05 00:06:10.933,192
2,1624.0,2022-08-05 00:06:10.750,192
2,1623.0,2022-08-05 00:06:10.563,192
2,1622.0,2022-08-05 00:06:10.380,192
2,1621.0,2022-08-05 00:06:10.197,192
2,1620.0,2022-08-05 00:06:10.010,192
2,1619.0,2022-08-05 00:06:09.827,192
2,1618.0,2022-08-05 00:06:09.643,192
2,1617.0,2022-08-05 00:06:09.457,192
2,1616.0,2022-08-05 00:06:09.270,192
2,1615.0,2022-08-05 00:06:09.087,192
2,1614.0,2022-08-05 00:06:08.903,192
2,1613.0,2022-08-05 00:06:08.720,192
2,1612.0,2022-08-05 00:06:08.533,192
2,1611.0,2022-08-05 00:06:08.353,192
2,1610.0,2022-08-05 00:06:08.167,192
2,1609.0,2022-08-05 00:06:07.980,192
2,1608.0,2022-08-05 00:06:07.797,192
2,1607.0,2022-08-05 00:06:07.607,192
2,1606.0,2022-08-05 00:06:07.423,192
2,1605.0,2022-08-05 00:06:07.233,192
2,1604.0,2022-08-05 00:06:07.047,192
2,1603.0,2022-08-05 00:06:06.863,192
2,1602.0,2022-08-05 00:06:06.680,192
2,1601.0,2022-08-05 00:06:06.493,192
2,1600.0,2022-08-05 00:06:06.307,192
2,1599.0,2022-08-05 00:06:06.123,192
2,1598.0,2022-08-05 00:06:05.937,192
2,1597.0,2022-08-05 00:06:05.753,192
2,1596.0,2022-08-05 00:06:05.570,192
2,1595.0,2022-08-05 00:06:05.383,192
2,1594.0,2022-08-05 00:06:05.197,192
2,1593.0,2022-08-05 00:06:05.010,192
2,1592.0,2022-08-05 00:06:04.827,192
2,1591.0,2022-08-05 00:06:04.640,192
2,1590.0,2022-08-05 00:06:04.453,192
2,1589.0,2022-08-05 00:06:04.270,192
2,1588.0,2022-08-05 00:06:04.087,192
2,1587.0,2022-08-05 00:06:03.903,192
2,1586.0,2022-08-05 00:06:03.717,192
2,1585.0,2022-08-05 00:06:03.530,192
2,1584.0,2022-08-05 00:06:03.347,192
2,1583.0,2022-08-05 00:06:03.163,192
2,1582.0,2022-08-05 00:06:02.977,192
2,1581.0,2022-08-05 00:06:02.787,192
2,1580.0,2022-08-05 00:06:02.603,192
2,1579.0,2022-08-05 00:06:02.420,192
2,1578.0,2022-08-05 00:06:02.233,192
2,1577.0,2022-08-05 00:06:02.047,192
2,1576.0,2022-08-05 00:06:01.860,192
2,1575.0,2022-08-05 00:06:01.673,192
2,1574.0,2022-08-05 00:06:01.487,192
2,1573.0,2022-08-05 00:06:01.303,192
2,1572.0,2022-08-05 00:06:01.117,192
2,1571.0,2022-08-05 00:06:00.930,192
2,1570.0,2022-08-05 00:06:00.743,192
2,1569.0,2022-08-05 00:06:00.560,192
2,1568.0,2022-08-05 00:06:00.373,192
2,1567.0,2022-08-05 00:06:00.187,192
2,1566.0,2022-08-05 00:06:00.003,192
2,1565.0,2022-08-05 00:05:59.820,192
2,1564.0,2022-08-05 00:05:59.633,192
2,1563.0,2022-08-05 00:05:59.450,192
2,1562.0,2022-08-05 00:05:59.263,192
2,1561.0,2022-08-05 00:05:59.077,192
2,1560.0,2022-08-05 00:05:58.893,192
2,1559.0,2022-08-05 00:05:58.707,192
2,1558.0,2022-08-05 00:05:58.520,192
2,1557.0,2022-08-05 00:05:58.333,192
2,1556.0,2022-08-05 00:05:58.150,192
2,1555.0,2022-08-05 00:05:57.967,192
2,1554.0,2022-08-05 00:05:57.780,192
2,1553.0,2022-08-05 00:05:57.593,192
2,1552.0,2022-08-05 00:05:57.407,192
2,1551.0,2022-08-05 00:05:57.223,192
2,1550.0,2022-08-05 00:05:57.037,192
2,1549.0,2022-08-05 00:05:56.850,192
2,1548.0,2022-08-05 00:05:56.667,192
2,1547.0,2022-08-05 00:05:56.480,192
2,1546.0,2022-08-05 00:05:56.297,192
2,1545.0,2022-08-05 00:05:56.110,192
2,1544.0,2022-08-05 00:05:55.927,192
2,1543.0,2022-08-05 00:05:55.743,192
2,1542.0,2022-08-05 00:05:55.560,192
2,1541.0,2022-08-05 00:05:55.373,192
2,1540.0,2022-08-05 00:05:55.190,192
2,1539.0,2022-08-05 00:05:55.003,192
2,1538.0,2022-08-05 00:05:54.820,192
2,1537.0,2022-08-05 00:05:54.633,192
2,1536.0,2022-08-05 00:05:54.450,192
2,1535.0,2022-08-05 00:05:54.263,192
2,1534.0,2022-08-05 00:05:54.077,192
2,1533.0,2022-08-05 00:05:53.887,192
2,1532.0,2022-08-05 00:05:53.703,192
2,1531.0,2022-08-05 00:05:53.517,192
2,1530.0,2022-08-05 00:05:53.330,192
2,1529.0,2022-08-05 00:05:53.143,192
2,1528.0,2022-08-05 00:05:52.960,192
2,1527.0,2022-08-05 00:05:52.777,192
2,1526.0,2022-08-05 00:05:52.593,192
2,1525.0,2022-08-05 00:05:52.407,192
2,1524.0,2022-08-05 00:05:52.220,192
2,1523.0,2022-08-05 00:05:52.033,192
2,1522.0,2022-08-05 00:05:51.847,192
2,1521.0,2022-08-05 00:05:51.660,192
2,1520.0,2022-08-05 00:05:51.477,192
2,1519.0,2022-08-05 00:05:51.287,192
2,1518.0,2022-08-05 00:05:51.103,192
2,1517.0,2022-08-05 00:05:50.917,192
2,1516.0,2022-08-05 00:05:50.730,192
2,1515.0,2022-08-05 00:05:50.547,192
2,1514.0,2022-08-05 00:05:50.363,192
2,1513.0,2022-08-05 00:05:50.177,192
2,1512.0,2022-08-05 00:05:49.990,192
2,1511.0,2022-08-05 00:05:49.807,192
2,1510.0,2022-08-05 00:05:49.623,192
2,1509.0,2022-08-05 00:05:49.440,192
2,1508.0,2022-08-05 00:05:49.257,192
2,1507.0,2022-08-05 00:05:49.070,192
2,1506.0,2022-08-05 00:05:48.887,192
2,1505.0,2022-08-05 00:05:48.700,192
2,1504.0,2022-08-05 00:05:48.517,192
2,1503.0,2022-08-05 00:05:48.327,192
2,1502.0,2022-08-05 00:05:48.140,192
2,1501.0,2022-08-05 00:05:47.957,192
2,1500.0,2022-08-05 00:05:47.770,192
2,1499.0,2022-08-05 00:05:47.583,192
2,1498.0,2022-08-05 00:05:47.400,192
2,1497.0,2022-08-05 00:05:47.217,192
2,1496.0,2022-08-05 00:05:47.030,192
2,1495.0,2022-08-05 00:05:46.847,192
2,1494.0,2022-08-05 00:05:46.663,192
2,1493.0,2022-08-05 00:05:46.477,192
2,1492.0,2022-08-05 00:05:46.290,192
2,1491.0,2022-08-05 00:05:46.103,192
2,1490.0,2022-08-05 00:05:45.917,192
2,1489.0,2022-08-05 00:05:45.730,192
2,1488.0,2022-08-05 00:05:45.547,192
2,1487.0,2022-08-05 00:05:45.363,192
2,1486.0,2022-08-05 00:05:45.177,192
2,1485.0,2022-08-05 00:05:44.990,192
2,1484.0,2022-08-05 00:05:44.807,192
2,1483.0,2022-08-05 00:05:44.620,192
2,1482.0,2022-08-05 00:05:44.437,192
2,1481.0,2022-08-05 00:05:44.253,192
2,1480.0,2022-08-05 00:05:44.067,192
2,1479.0,2022-08-05 00:05:43.880,192
2,1478.0,2022-08-05 00:05:43.697,192
2,1477.0,2022-08-05 00:05:43.510,192
2,1476.0,2022-08-05 00:05:43.323,192
2,1475.0,2022-08-05 00:05:43.140,192
2,1474.0,2022-08-05 00:05:42.953,192
2,1473.0,2022-08-05 00:05:42.767,192
2,1472.0,2022-08-05 00:05:42.580,192
2,1471.0,2022-08-05 00:05:42.393,192
2,1470.0,2022-08-05 00:05:42.207,192
2,1469.0,2022-08-05 00:05:42.020,192
2,1468.0,2022-08-05 00:05:41.833,192
2,1467.0,2022-08-05 00:05:41.650,192
2,1466.0,2022-08-05 00:05:41.463,192
2,1465.0,2022-08-05 00:05:41.277,192
2,1464.0,2022-08-05 00:05:41.093,192
2,1463.0,2022-08-05 00:05:40.903,192
2,1462.0,2022-08-05 00:05:40.720,192
2,1461.0,2022-08-05 00:05:40.533,192
2,1460.0,2022-08-05 00:05:40.350,192
2,1459.0,2022-08-05 00:05:40.163,192
2,1458.0,2022-08-05 00:05:39.980,192
2,1457.0,2022-08-05 00:05:39.797,192
2,1456.0,2022-08-05 00:05:39.610,192
2,1455.0,2022-08-05 00:05:39.427,192
2,1454.0,2022-08-05 00:05:39.240,192
2,1453.0,2022-08-05 00:05:39.053,192
2,1452.0,2022-08-05 00:05:38.867,192
2,1451.0,2022-08-05 00:05:38.683,192
2,1450.0,2022-08-05 00:05:38.497,192
2,1449.0,2022-08-05 00:05:38.313,192
2,1448.0,2022-08-05 00:05:38.127,192
2,1447.0,2022-08-05 00:05:37.940,192
2,1446.0,2022-08-05 00:05:37.757,192
2,1445.0,2022-08-05 00:05:37.573,192
2,1444.0,2022-08-05 00:05:37.390,192
2,1443.0,2022-08-05 00:05:37.203,192
2,1442.0,2022-08-05 00:05:37.020,192
2,1441.0,2022-08-05 00:05:36.837,192
2,1440.0,2022-08-05 00:05:36.653,192
2,1439.0,2022-08-05 00:05:36.467,192
2,1438.0,2022-08-05 00:05:36.280,192
2,1437.0,2022-08-05 00:05:36.093,192
2,1436.0,2022-08-05 00:05:35.910,192
2,1435.0,2022-08-05 00:05:35.723,192
2,1434.0,2022-08-05 00:05:35.537,192
2,1433.0,2022-08-05 00:05:35.353,192
2,1432.0,2022-08-05 00:05:35.167,192
2,1431.0,2022-08-05 00:05:34.980,192
2,1430.0,2022-08-05 00:05:34.793,192
2,1429.0,2022-08-05 00:05:34.610,192
2,1428.0,2022-08-05 00:05:34.423,192
2,1427.0,2022-08-05 00:05:34.240,192
2,1426.0,2022-08-05 00:05:34.057,192
2,1425.0,2022-08-05 00:05:33.870,192
2,1424.0,2022-08-05 00:05:33.687,192
2,1423.0,2022-08-05 00:05:33.503,192
2,1422.0,2022-08-05 00:05:33.320,192
2,1421.0,2022-08-05 00:05:33.137,192
2,1420.0,2022-08-05 00:05:32.953,192
2,1419.0,2022-08-05 00:05:32.770,192
2,1418.0,2022-08-05 00:05:32.587,192
2,1417.0,2022-08-05 00:05:32.400,192
2,1416.0,2022-08-05 00:05:32.213,192
2,1415.0,2022-08-05 00:05:32.030,192
2,1414.0,2022-08-05 00:05:31.847,192
2,1413.0,2022-08-05 00:05:31.660,192
2,1412.0,2022-08-05 00:05:31.477,192
2,1411.0,2022-08-05 00:05:31.290,192
2,1410.0,2022-08-05 00:05:31.107,192
2,1409.0,2022-08-05 00:05:30.923,192
2,1408.0,2022-08-05 00:05:30.740,192
2,1407.0,2022-08-05 00:05:30.557,192
2,1406.0,2022-08-05 00:05:30.367,192
2,1405.0,2022-08-05 00:05:30.180,192
2,1404.0,2022-08-05 00:05:29.997,192
2,1403.0,2022-08-05 00:05:29.810,192
2,1402.0,2022-08-05 00:05:29.627,192
2,1401.0,2022-08-05 00:05:29.440,192
2,1400.0,2022-08-05 00:05:29.257,192
2,1399.0,2022-08-05 00:05:29.070,192
2,1398.0,2022-08-05 00:05:28.887,192
2,1397.0,2022-08-05 00:05:28.703,192
2,1396.0,2022-08-05 00:05:28.520,192
2,1395.0,2022-08-05 00:05:28.337,192
2,1394.0,2022-08-05 00:05:28.150,192
2,1393.0,2022-08-05 00:05:27.967,192
2,1392.0,2022-08-05 00:05:27.780,192
2,1391.0,2022-08-05 00:05:27.593,192
2,1390.0,2022-08-05 00:05:27.410,192
2,1389.0,2022-08-05 00:05:27.223,192
2,1388.0,2022-08-05 00:05:27.037,192
2,1387.0,2022-08-05 00:05:26.853,192
2,1386.0,2022-08-05 00:05:26.667,192
2,1385.0,2022-08-05 00:05:26.483,192
2,1384.0,2022-08-05 00:05:26.297,192
2,1383.0,2022-08-05 00:05:26.110,192
2,1382.0,2022-08-05 00:05:25.927,192
2,1381.0,2022-08-05 00:05:25.740,192
2,1380.0,2022-08-05 00:05:25.557,192
2,1379.0,2022-08-05 00:05:25.370,192
2,1378.0,2022-08-05 00:05:25.187,192
2,1377.0,2022-08-05 00:05:25.003,192
2,1376.0,2022-08-05 00:05:24.820,192
2,1375.0,2022-08-05 00:05:24.633,192
2,1374.0,2022-08-05 00:05:24.447,192
2,1373.0,2022-08-05 00:05:24.263,192
2,1372.0,2022-08-05 00:05:24.077,192
2,1371.0,2022-08-05 00:05:23.893,192
2,1370.0,2022-08-05 00:05:23.707,192
2,1369.0,2022-08-05 00:05:23.520,192
2,1368.0,2022-08-05 00:05:23.333,192
2,1367.0,2022-08-05 00:05:23.150,192
2,1366.0,2022-08-05 00:05:22.963,192
2,1365.0,2022-08-05 00:05:22.777,192
2,1364.0,2022-08-05 00:05:22.590,192
2,1363.0,2022-08-05 00:05:22.403,192
2,1362.0,2022-08-05 00:05:22.220,192
2,1361.0,2022-08-05 00:05:22.033,192
2,1360.0,2022-08-05 00:05:21.850,192
2,1359.0,2022-08-05 00:05:21.663,192
2,1358.0,2022-08-05 00:05:21.480,192
2,1357.0,2022-08-05 00:05:21.297,192
2,1356.0,2022-08-05 00:05:21.113,192
2,1355.0,2022-08-05 00:05:20.927,192
2,1354.0,2022-08-05 00:05:20.740,192
2,1353.0,2022-08-05 00:05:20.557,192
2,1352.0,2022-08-05 00:05:20.373,192
2,1351.0,2022-08-05 00:05:20.187,192
2,1350.0,2022-08-05 00:05:20.003,192
2,1349.0,2022-08-05 00:05:19.817,192
2,1348.0,2022-08-05 00:05:19.633,192
2,1347.0,2022-08-05 00:05:19.447,192
2,1346.0,2022-08-05 00:05:19.260,192
2,1345.0,2022-08-05 00:05:19.077,192
2,1344.0,2022-08-05 00:05:18.893,192
2,1343.0,2022-08-05 00:05:18.707,192
2,1342.0,2022-08-05 00:05:18.523,192
2,1341.0,2022-08-05 00:05:18.337,192
2,1340.0,2022-08-05 00:05:18.153,192
2,1339.0,2022-08-05 00:05:17.967,192
2,1338.0,2022-08-05 00:05:17.787,192
2,1337.0,2022-08-05 00:05:17.600,192
2,1336.0,2022-08-05 00:05:17.417,192
2,1335.0,2022-08-05 00:05:17.230,192
2,1334.0,2022-08-05 00:05:17.047,192
2,1333.0,2022-08-05 00:05:16.860,192
2,1332.0,2022-08-05 00:05:16.677,192
2,1331.0,2022-08-05 00:05:16.493,192
2,1330.0,2022-08-05 00:05:16.307,192
2,1329.0,2022-08-05 00:05:16.123,192
2,1328.0,2022-08-05 00:05:15.937,192
2,1327.0,2022-08-05 00:05:15.753,192
2,1326.0,2022-08-05 00:05:15.570,192
2,1325.0,2022-08-05 00:05:15.383,192
2,1324.0,2022-08-05 00:05:15.200,192
2,1323.0,2022-08-05 00:05:15.013,192
2,1322.0,2022-08-05 00:05:14.830,192
2,1321.0,2022-08-05 00:05:14.643,192
2,1320.0,2022-08-05 00:05:14.460,192
2,1319.0,2022-08-05 00:05:14.277,192
2,1318.0,2022-08-05 00:05:14.090,192
2,1317.0,2022-08-05 00:05:13.903,192
2,1316.0,2022-08-05 00:05:13.720,192
2,1315.0,2022-08-05 00:05:13.533,192
2,1314.0,2022-08-05 00:05:13.347,192
2,1313.0,2022-08-05 00:05:13.163,192
2,1312.0,2022-08-05 00:05:12.980,192
2,1311.0,2022-08-05 00:05:12.793,192
2,1310.0,2022-08-05 00:05:12.610,192
2,1309.0,2022-08-05 00:05:12.423,192
2,1308.0,2022-08-05 00:05:12.240,192
2,1307.0,2022-08-05 00:05:12.057,192
2,1306.0,2022-08-05 00:05:11.870,192
2,1305.0,2022-08-05 00:05:11.683,192
2,1304.0,2022-08-05 00:05:11.500,192
2,1303.0,2022-08-05 00:05:11.317,192
2,1302.0,2022-08-05 00:05:11.133,192
2,1301.0,2022-08-05 00:05:10.943,192
2,1300.0,2022-08-05 00:05:10.760,192
2,1299.0,2022-08-05 00:05:10.570,192
2,1298.0,2022-08-05 00:05:10.387,192
2,1297.0,2022-08-05 00:05:10.200,192
2,1296.0,2022-08-05 00:05:10.013,192
2,1295.0,2022-08-05 00:05:09.830,192
2,1294.0,2022-08-05 00:05:09.643,192
2,1293.0,2022-08-05 00:05:09.457,192
2,1292.0,2022-08-05 00:05:09.273,192
2,1291.0,2022-08-05 00:05:09.087,192
2,1290.0,2022-08-05 00:05:08.903,192
2,1289.0,2022-08-05 00:05:08.717,192
2,1288.0,2022-08-05 00:05:08.530,192
2,1287.0,2022-08-05 00:05:08.343,192
2,1286.0,2022-08-05 00:05:08.157,192
2,1285.0,2022-08-05 00:05:07.970,192
2,1284.0,2022-08-05 00:05:07.787,192
2,1283.0,2022-08-05 00:05:07.600,192
2,1282.0,2022-08-05 00:05:07.417,192
2,1281.0,2022-08-05 00:05:07.227,192
2,1280.0,2022-08-05 00:05:07.040,192
2,1279.0,2022-08-05 00:05:06.857,192
2,1278.0,2022-08-05 00:05:06.670,192
2,1277.0,2022-08-05 00:05:06.487,192
2,1276.0,2022-08-05 00:05:06.300,192
2,1275.0,2022-08-05 00:05:06.113,192
2,1274.0,2022-08-05 00:05:05.930,192
2,1273.0,2022-08-05 00:05:05.747,192
2,1272.0,2022-08-05 00:05:05.563,192
2,1271.0,2022-08-05 00:05:05.377,192
2,1270.0,2022-08-05 00:05:05.190,192
2,1269.0,2022-08-05 00:05:05.003,192
2,1268.0,2022-08-05 00:05:04.820,192
2,1267.0,2022-08-05 00:05:04.630,192
2,1266.0,2022-08-05 00:05:04.443,192
2,1265.0,2022-08-05 00:05:04.260,192
2,1264.0,2022-08-05 00:05:04.073,192
2,1263.0,2022-08-05 00:05:03.890,192
2,1262.0,2022-08-05 00:05:03.703,192
2,1261.0,2022-08-05 00:05:03.520,192
2,1260.0,2022-08-05 00:05:03.330,192
2,1259.0,2022-08-05 00:05:03.143,192
2,1258.0,2022-08-05 00:05:02.957,192
2,1257.0,2022-08-05 00:05:02.773,192
2,1256.0,2022-08-05 00:05:02.587,192
2,1255.0,2022-08-05 00:05:02.400,192
2,1254.0,2022-08-05 00:05:02.217,192
2,1253.0,2022-08-05 00:05:02.030,192
2,1252.0,2022-08-05 00:05:01.843,192
2,1251.0,2022-08-05 00:05:01.660,192
2,1250.0,2022-08-05 00:05:01.473,192
2,1249.0,2022-08-05 00:05:01.290,192
2,1248.0,2022-08-05 00:05:01.103,192
2,1247.0,2022-08-05 00:05:00.917,192
2,1246.0,2022-08-05 00:05:00.730,192
2,1245.0,2022-08-05 00:05:00.543,192
2,1244.0,2022-08-05 00:05:00.360,192
2,1243.0,2022-08-05 00:05:00.170,192
2,1242.0,2022-08-05 00:04:59.987,192
2,1241.0,2022-08-05 00:04:59.803,192
2,1240.0,2022-08-05 00:04:59.617,192
2,1239.0,2022-08-05 00:04:59.430,192
2,1238.0,2022-08-05 00:04:59.243,192
2,1237.0,2022-08-05 00:04:59.060,192
2,1236.0,2022-08-05 00:04:58.873,192
2,1235.0,2022-08-05 00:04:58.687,192
2,1234.0,2022-08-05 00:04:58.503,192
2,1233.0,2022-08-05 00:04:58.317,192
2,1232.0,2022-08-05 00:04:58.130,192
2,1231.0,2022-08-05 00:04:57.943,192
2,1230.0,2022-08-05 00:04:57.757,192
2,1229.0,2022-08-05 00:04:57.573,192
2,1228.0,2022-08-05 00:04:57.390,192
2,1227.0,2022-08-05 00:04:57.207,192
2,1226.0,2022-08-05 00:04:57.027,192
2,1225.0,2022-08-05 00:04:56.843,192
2,1224.0,2022-08-05 00:04:56.657,192
2,1223.0,2022-08-05 00:04:56.473,192
2,1222.0,2022-08-05 00:04:56.290,192
2,1221.0,2022-08-05 00:04:56.103,192
2,1220.0,2022-08-05 00:04:55.917,192
2,1219.0,2022-08-05 00:04:55.733,192
2,1218.0,2022-08-05 00:04:55.547,192
2,1217.0,2022-08-05 00:04:55.360,192
2,1216.0,2022-08-05 00:04:55.177,192
2,1215.0,2022-08-05 00:04:54.990,192
2,1214.0,2022-08-05 00:04:54.803,192
2,1213.0,2022-08-05 00:04:54.617,192
2,1212.0,2022-08-05 00:04:54.430,192
2,1211.0,2022-08-05 00:04:54.243,192
2,1210.0,2022-08-05 00:04:54.060,192
2,1209.0,2022-08-05 00:04:53.873,192
2,1208.0,2022-08-05 00:04:53.687,192
2,1207.0,2022-08-05 00:04:53.503,192
2,1206.0,2022-08-05 00:04:53.317,192
2,1205.0,2022-08-05 00:04:53.133,192
2,1204.0,2022-08-05 00:04:52.947,192
2,1203.0,2022-08-05 00:04:52.763,192
2,1202.0,2022-08-05 00:04:52.577,192
2,1201.0,2022-08-05 00:04:52.390,192
2,1200.0,2022-08-05 00:04:52.203,192
2,1199.0,2022-08-05 00:04:52.020,192
2,1198.0,2022-08-05 00:04:51.837,192
2,1197.0,2022-08-05 00:04:51.650,192
2,1196.0,2022-08-05 00:04:51.467,192
2,1195.0,2022-08-05 00:04:51.283,192
2,1194.0,2022-08-05 00:04:51.097,192
2,1193.0,2022-08-05 00:04:50.913,192
2,1192.0,2022-08-05 00:04:50.727,192
2,1191.0,2022-08-05 00:04:50.543,192
2,1190.0,2022-08-05 00:04:50.357,192
2,1189.0,2022-08-05 00:04:50.173,192
2,1188.0,2022-08-05 00:04:49.973,192
2,1187.0,2022-08-05 00:04:49.787,192
2,1186.0,2022-08-05 00:04:49.603,192
2,1185.0,2022-08-05 00:04:49.417,192
2,1184.0,2022-08-05 00:04:49.230,192
2,1183.0,2022-08-05 00:04:49.047,192
2,1182.0,2022-08-05 00:04:48.863,192
2,1181.0,2022-08-05 00:04:48.680,192
2,1180.0,2022-08-05 00:04:48.493,192
2,1179.0,2022-08-05 00:04:48.307,192
2,1178.0,2022-08-05 00:04:48.123,192
2,1177.0,2022-08-05 00:04:47.940,192
2,1176.0,2022-08-05 00:04:47.753,192
2,1175.0,2022-08-05 00:04:47.567,192
2,1174.0,2022-08-05 00:04:47.383,192
2,1173.0,2022-08-05 00:04:47.197,192
2,1172.0,2022-08-05 00:04:47.013,192
2,1171.0,2022-08-05 00:04:46.830,192
2,1170.0,2022-08-05 00:04:46.643,192
2,1169.0,2022-08-05 00:04:46.457,192
2,1168.0,2022-08-05 00:04:46.267,192
2,1167.0,2022-08-05 00:04:46.083,192
2,1166.0,2022-08-05 00:04:45.897,192
2,1165.0,2022-08-05 00:04:45.710,192
2,1164.0,2022-08-05 00:04:45.523,192
2,1163.0,2022-08-05 00:04:45.337,192
2,1162.0,2022-08-05 00:04:45.153,192
2,1161.0,2022-08-05 00:04:44.967,192
2,1160.0,2022-08-05 00:04:44.780,192
2,1159.0,2022-08-05 00:04:44.593,192
2,1158.0,2022-08-05 00:04:44.407,192
2,1157.0,2022-08-05 00:04:44.223,192
2,1156.0,2022-08-05 00:04:44.037,192
2,1155.0,2022-08-05 00:04:43.853,192
2,1154.0,2022-08-05 00:04:43.670,192
2,1153.0,2022-08-05 00:04:43.483,192
2,1152.0,2022-08-05 00:04:43.300,192
2,1151.0,2022-08-05 00:04:43.117,192
2,1150.0,2022-08-05 00:04:42.930,192
2,1149.0,2022-08-05 00:04:42.747,192
2,1148.0,2022-08-05 00:04:42.560,192
2,1147.0,2022-08-05 00:04:42.373,192
2,1146.0,2022-08-05 00:04:42.187,192
2,1145.0,2022-08-05 00:04:42.003,192
2,1144.0,2022-08-05 00:04:41.817,192
2,1143.0,2022-08-05 00:04:41.633,192
2,1142.0,2022-08-05 00:04:41.447,192
2,1141.0,2022-08-05 00:04:41.260,192
2,1140.0,2022-08-05 00:04:41.077,192
2,1139.0,2022-08-05 00:04:40.893,192
2,1138.0,2022-08-05 00:04:40.707,192
2,1137.0,2022-08-05 00:04:40.523,192
2,1136.0,2022-08-05 00:04:40.340,192
2,1135.0,2022-08-05 00:04:40.157,192
2,1134.0,2022-08-05 00:04:39.970,192
2,1133.0,2022-08-05 00:04:39.783,192
2,1132.0,2022-08-05 00:04:39.597,192
2,1131.0,2022-08-05 00:04:39.410,192
2,1130.0,2022-08-05 00:04:39.227,192
2,1129.0,2022-08-05 00:04:39.040,192
2,1128.0,2022-08-05 00:04:38.857,192
2,1127.0,2022-08-05 00:04:38.673,192
2,1126.0,2022-08-05 00:04:38.490,192
2,1125.0,2022-08-05 00:04:38.303,192
2,1124.0,2022-08-05 00:04:38.120,192
2,1123.0,2022-08-05 00:04:37.940,192
2,1122.0,2022-08-05 00:04:37.757,192
2,1121.0,2022-08-05 00:04:37.570,192
2,1120.0,2022-08-05 00:04:37.387,192
2,1119.0,2022-08-05 00:04:37.203,192
2,1118.0,2022-08-05 00:04:37.020,192
2,1117.0,2022-08-05 00:04:36.837,192
2,1116.0,2022-08-05 00:04:36.650,192
2,1115.0,2022-08-05 00:04:36.467,192
2,1114.0,2022-08-05 00:04:36.280,192
2,1113.0,2022-08-05 00:04:36.097,192
2,1112.0,2022-08-05 00:04:35.910,192
2,1111.0,2022-08-05 00:04:35.727,192
2,1110.0,2022-08-05 00:04:35.540,192
2,1109.0,2022-08-05 00:04:35.357,192
2,1108.0,2022-08-05 00:04:35.170,192
2,1107.0,2022-08-05 00:04:34.987,192
2,1106.0,2022-08-05 00:04:34.803,192
2,1105.0,2022-08-05 00:04:34.617,192
2,1104.0,2022-08-05 00:04:34.433,192
2,1103.0,2022-08-05 00:04:34.250,192
2,1102.0,2022-08-05 00:04:34.063,192
2,1101.0,2022-08-05 00:04:33.880,192
2,1100.0,2022-08-05 00:04:33.697,192
2,1099.0,2022-08-05 00:04:33.513,192
2,1098.0,2022-08-05 00:04:33.330,192
2,1097.0,2022-08-05 00:04:33.143,192
2,1096.0,2022-08-05 00:04:32.960,192
2,1095.0,2022-08-05 00:04:32.773,192
2,1094.0,2022-08-05 00:04:32.590,192
2,1093.0,2022-08-05 00:04:32.407,192
2,1092.0,2022-08-05 00:04:32.220,192
2,1091.0,2022-08-05 00:04:32.033,192
2,1090.0,2022-08-05 00:04:31.847,192
2,1089.0,2022-08-05 00:04:31.663,192
2,1088.0,2022-08-05 00:04:31.473,192
2,1087.0,2022-08-05 00:04:31.287,192
2,1086.0,2022-08-05 00:04:31.103,192
2,1085.0,2022-08-05 00:04:30.913,192
2,1084.0,2022-08-05 00:04:30.730,192
2,1083.0,2022-08-05 00:04:30.543,192
2,1082.0,2022-08-05 00:04:30.360,192
2,1081.0,2022-08-05 00:04:30.173,192
2,1080.0,2022-08-05 00:04:29.987,192
2,1079.0,2022-08-05 00:04:29.800,192
2,1078.0,2022-08-05 00:04:29.617,192
2,1077.0,2022-08-05 00:04:29.433,192
2,1076.0,2022-08-05 00:04:29.250,192
2,1075.0,2022-08-05 00:04:29.063,192
2,1074.0,2022-08-05 00:04:28.877,192
2,1073.0,2022-08-05 00:04:28.693,192
2,1072.0,2022-08-05 00:04:28.507,192
2,1071.0,2022-08-05 00:04:28.323,192
2,1070.0,2022-08-05 00:04:28.137,192
2,1069.0,2022-08-05 00:04:27.953,192
2,1068.0,2022-08-05 00:04:27.767,192
2,1067.0,2022-08-05 00:04:27.580,192
2,1066.0,2022-08-05 00:04:27.397,192
2,1065.0,2022-08-05 00:04:27.213,192
2,1064.0,2022-08-05 00:04:27.027,192
2,1063.0,2022-08-05 00:04:26.843,192
2,1062.0,2022-08-05 00:04:26.653,192
2,1061.0,2022-08-05 00:04:26.470,192
2,1060.0,2022-08-05 00:04:26.283,192
2,1059.0,2022-08-05 00:04:26.097,192
2,1058.0,2022-08-05 00:04:25.913,192
2,1057.0,2022-08-05 00:04:25.727,192
2,1056.0,2022-08-05 00:04:25.543,192
2,1055.0,2022-08-05 00:04:25.357,192
2,1054.0,2022-08-05 00:04:25.170,192
2,1053.0,2022-08-05 00:04:24.983,192
2,1052.0,2022-08-05 00:04:24.800,192
2,1051.0,2022-08-05 00:04:24.617,192
2,1050.0,2022-08-05 00:04:24.430,192
2,1049.0,2022-08-05 00:04:24.243,192
2,1048.0,2022-08-05 00:04:24.057,192
2,1047.0,2022-08-05 00:04:23.873,192
2,1046.0,2022-08-05 00:04:23.687,192
2,1045.0,2022-08-05 00:04:23.500,192
2,1044.0,2022-08-05 00:04:23.317,192
2,1043.0,2022-08-05 00:04:23.137,192
2,1042.0,2022-08-05 00:04:22.950,192
2,1041.0,2022-08-05 00:04:22.763,192
2,1040.0,2022-08-05 00:04:22.580,192
2,1039.0,2022-08-05 00:04:22.393,192
2,1038.0,2022-08-05 00:04:22.207,192
2,1037.0,2022-08-05 00:04:22.023,192
2,1036.0,2022-08-05 00:04:21.837,192
2,1035.0,2022-08-05 00:04:21.653,192
2,1034.0,2022-08-05 00:04:21.470,192
2,1033.0,2022-08-05 00:04:21.283,192
2,1032.0,2022-08-05 00:04:21.097,192
2,1031.0,2022-08-05 00:04:20.913,192
2,1030.0,2022-08-05 00:04:20.730,192
2,1029.0,2022-08-05 00:04:20.547,192
2,1028.0,2022-08-05 00:04:20.363,192
2,1027.0,2022-08-05 00:04:20.177,192
2,1026.0,2022-08-05 00:04:19.993,192
2,1025.0,2022-08-05 00:04:19.807,192
2,1024.0,2022-08-05 00:04:19.620,192
2,1023.0,2022-08-05 00:04:19.433,192
2,1022.0,2022-08-05 00:04:19.250,192
2,1021.0,2022-08-05 00:04:19.063,192
2,1020.0,2022-08-05 00:04:18.880,192
2,1019.0,2022-08-05 00:04:18.697,192
2,1018.0,2022-08-05 00:04:18.513,192
2,1017.0,2022-08-05 00:04:18.327,192
2,1016.0,2022-08-05 00:04:18.140,192
2,1015.0,2022-08-05 00:04:17.957,192
2,1014.0,2022-08-05 00:04:17.773,192
2,1013.0,2022-08-05 00:04:17.583,192
2,1012.0,2022-08-05 00:04:17.397,192
2,1011.0,2022-08-05 00:04:17.210,192
2,1010.0,2022-08-05 00:04:17.023,192
2,1009.0,2022-08-05 00:04:16.837,192
2,1008.0,2022-08-05 00:04:16.653,192
2,1007.0,2022-08-05 00:04:16.470,192
2,1006.0,2022-08-05 00:04:16.283,192
2,1005.0,2022-08-05 00:04:16.100,192
2,1004.0,2022-08-05 00:04:15.913,192
2,1003.0,2022-08-05 00:04:15.727,192
2,1002.0,2022-08-05 00:04:15.540,192
2,1001.0,2022-08-05 00:04:15.357,192
2,1000.0,2022-08-05 00:04:15.170,192
2,999.0,2022-08-05 00:04:14.987,192
2,998.0,2022-08-05 00:04:14.800,192
2,997.0,2022-08-05 00:04:14.617,192
2,996.0,2022-08-05 00:04:14.430,192
2,995.0,2022-08-05 00:04:14.243,192
2,994.0,2022-08-05 00:04:14.060,192
2,993.0,2022-08-05 00:04:13.873,192
2,992.0,2022-08-05 00:04:13.690,192
2,991.0,2022-08-05 00:04:13.503,192
2,990.0,2022-08-05 00:04:13.317,192
2,989.0,2022-08-05 00:04:13.133,192
2,988.0,2022-08-05 00:04:12.950,192
2,987.0,2022-08-05 00:04:12.767,192
2,986.0,2022-08-05 00:04:12.580,192
2,985.0,2022-08-05 00:04:12.397,192
2,984.0,2022-08-05 00:04:12.213,192
2,983.0,2022-08-05 00:04:12.027,192
2,982.0,2022-08-05 00:04:11.840,192
2,981.0,2022-08-05 00:04:11.657,192
2,980.0,2022-08-05 00:04:11.470,192
2,979.0,2022-08-05 00:04:11.287,192
2,978.0,2022-08-05 00:04:11.100,192
2,977.0,2022-08-05 00:04:10.910,192
2,976.0,2022-08-05 00:04:10.727,192
2,975.0,2022-08-05 00:04:10.543,192
2,974.0,2022-08-05 00:04:10.353,192
2,973.0,2022-08-05 00:04:10.170,192
2,972.0,2022-08-05 00:04:09.983,192
2,971.0,2022-08-05 00:04:09.797,192
2,970.0,2022-08-05 00:04:09.610,192
2,969.0,2022-08-05 00:04:09.427,192
2,968.0,2022-08-05 00:04:09.243,192
2,967.0,2022-08-05 00:04:09.057,192
2,966.0,2022-08-05 00:04:08.873,192
2,965.0,2022-08-05 00:04:08.690,192
2,964.0,2022-08-05 00:04:08.507,192
2,963.0,2022-08-05 00:04:08.323,192
2,962.0,2022-08-05 00:04:08.137,192
2,961.0,2022-08-05 00:04:07.953,192
2,960.0,2022-08-05 00:04:07.770,192
2,959.0,2022-08-05 00:04:07.590,192
2,958.0,2022-08-05 00:04:07.403,192
2,957.0,2022-08-05 00:04:07.217,192
2,956.0,2022-08-05 00:04:07.033,192
2,955.0,2022-08-05 00:04:06.850,192
2,954.0,2022-08-05 00:04:06.663,192
2,953.0,2022-08-05 00:04:06.477,192
2,952.0,2022-08-05 00:04:06.290,192
2,951.0,2022-08-05 00:04:06.107,192
2,950.0,2022-08-05 00:04:05.920,192
2,949.0,2022-08-05 00:04:05.737,192
2,948.0,2022-08-05 00:04:05.550,192
2,947.0,2022-08-05 00:04:05.367,192
2,946.0,2022-08-05 00:04:05.183,192
2,945.0,2022-08-05 00:04:04.997,192
2,944.0,2022-08-05 00:04:04.810,192
2,943.0,2022-08-05 00:04:04.623,192
2,942.0,2022-08-05 00:04:04.437,192
2,941.0,2022-08-05 00:04:04.253,192
2,940.0,2022-08-05 00:04:04.067,192
2,939.0,2022-08-05 00:04:03.880,192
2,938.0,2022-08-05 00:04:03.697,192
2,937.0,2022-08-05 00:04:03.510,192
2,936.0,2022-08-05 00:04:03.323,192
2,935.0,2022-08-05 00:04:03.140,192
2,934.0,2022-08-05 00:04:02.953,192
2,933.0,2022-08-05 00:04:02.767,192
2,932.0,2022-08-05 00:04:02.583,192
2,931.0,2022-08-05 00:04:02.397,192
2,930.0,2022-08-05 00:04:02.213,192
2,929.0,2022-08-05 00:04:02.030,192
2,928.0,2022-08-05 00:04:01.847,192
2,927.0,2022-08-05 00:04:01.663,192
2,926.0,2022-08-05 00:04:01.480,192
2,925.0,2022-08-05 00:04:01.297,192
2,924.0,2022-08-05 00:04:01.110,192
2,923.0,2022-08-05 00:04:00.927,192
2,922.0,2022-08-05 00:04:00.743,192
2,921.0,2022-08-05 00:04:00.553,192
2,920.0,2022-08-05 00:04:00.370,192
2,919.0,2022-08-05 00:04:00.180,192
2,918.0,2022-08-05 00:03:59.997,192
2,917.0,2022-08-05 00:03:59.810,192
2,916.0,2022-08-05 00:03:59.623,192
2,915.0,2022-08-05 00:03:59.437,192
2,914.0,2022-08-05 00:03:59.253,192
2,913.0,2022-08-05 00:03:59.067,192
2,912.0,2022-08-05 00:03:58.883,192
2,911.0,2022-08-05 00:03:58.697,192
2,910.0,2022-08-05 00:03:58.513,192
2,909.0,2022-08-05 00:03:58.327,192
2,908.0,2022-08-05 00:03:58.140,192
2,907.0,2022-08-05 00:03:57.953,192
2,906.0,2022-08-05 00:03:57.767,192
2,905.0,2022-08-05 00:03:57.583,192
2,904.0,2022-08-05 00:03:57.400,192
2,903.0,2022-08-05 00:03:57.217,192
2,902.0,2022-08-05 00:03:57.030,192
2,901.0,2022-08-05 00:03:56.867,192
2,900.0,2022-08-05 00:03:56.740,192
2,899.0,2022-08-05 00:03:56.553,192
2,898.0,2022-08-05 00:03:56.370,192
2,897.0,2022-08-05 00:03:56.187,192
2,896.0,2022-08-05 00:03:56.003,192
2,895.0,2022-08-05 00:03:55.820,192
2,894.0,2022-08-05 00:03:55.633,192
2,893.0,2022-08-05 00:03:55.450,192
2,892.0,2022-08-05 00:03:55.260,192
2,891.0,2022-08-05 00:03:55.073,192
2,890.0,2022-08-05 00:03:54.887,192
2,889.0,2022-08-05 00:03:54.703,192
2,888.0,2022-08-05 00:03:54.500,192
2,887.0,2022-08-05 00:03:54.313,192
2,886.0,2022-08-05 00:03:54.130,192
2,885.0,2022-08-05 00:03:53.943,192
2,884.0,2022-08-05 00:03:53.757,192
2,883.0,2022-08-05 00:03:53.570,192
2,882.0,2022-08-05 00:03:53.383,192
2,881.0,2022-08-05 00:03:53.197,192
2,880.0,2022-08-05 00:03:53.010,192
2,879.0,2022-08-05 00:03:52.820,192
2,878.0,2022-08-05 00:03:52.633,192
2,877.0,2022-08-05 00:03:52.447,192
2,876.0,2022-08-05 00:03:52.260,192
2,875.0,2022-08-05 00:03:52.073,192
2,874.0,2022-08-05 00:03:51.887,192
2,873.0,2022-08-05 00:03:51.703,192
2,872.0,2022-08-05 00:03:51.517,192
2,871.0,2022-08-05 00:03:51.330,192
2,870.0,2022-08-05 00:03:51.143,192
2,869.0,2022-08-05 00:03:50.957,192
2,868.0,2022-08-05 00:03:50.773,192
2,867.0,2022-08-05 00:03:50.587,192
2,866.0,2022-08-05 00:03:50.403,192
2,865.0,2022-08-05 00:03:50.217,192
2,864.0,2022-08-05 00:03:50.030,192
2,863.0,2022-08-05 00:03:49.843,192
2,862.0,2022-08-05 00:03:49.657,192
2,861.0,2022-08-05 00:03:49.473,192
2,860.0,2022-08-05 00:03:49.283,192
2,859.0,2022-08-05 00:03:49.097,192
2,858.0,2022-08-05 00:03:48.910,192
2,857.0,2022-08-05 00:03:48.723,192
2,856.0,2022-08-05 00:03:48.540,192
2,855.0,2022-08-05 00:03:48.357,192
2,854.0,2022-08-05 00:03:48.170,192
2,853.0,2022-08-05 00:03:47.987,192
2,852.0,2022-08-05 00:03:47.803,192
2,851.0,2022-08-05 00:03:47.617,192
2,850.0,2022-08-05 00:03:47.433,192
2,849.0,2022-08-05 00:03:47.250,192
2,848.0,2022-08-05 00:03:47.063,192
2,847.0,2022-08-05 00:03:46.877,192
2,846.0,2022-08-05 00:03:46.693,192
2,845.0,2022-08-05 00:03:46.507,192
2,844.0,2022-08-05 00:03:46.320,192
2,843.0,2022-08-05 00:03:46.133,192
2,842.0,2022-08-05 00:03:45.947,192
2,841.0,2022-08-05 00:03:45.760,192
2,840.0,2022-08-05 00:03:45.577,192
2,839.0,2022-08-05 00:03:45.390,192
2,838.0,2022-08-05 00:03:45.203,192
2,837.0,2022-08-05 00:03:45.017,192
2,836.0,2022-08-05 00:03:44.830,192
2,835.0,2022-08-05 00:03:44.643,192
2,834.0,2022-08-05 00:03:44.457,192
2,833.0,2022-08-05 00:03:44.273,192
2,832.0,2022-08-05 00:03:44.087,192
2,831.0,2022-08-05 00:03:43.903,192
2,830.0,2022-08-05 00:03:43.717,192
2,829.0,2022-08-05 00:03:43.530,192
2,828.0,2022-08-05 00:03:43.343,192
2,827.0,2022-08-05 00:03:43.157,192
2,826.0,2022-08-05 00:03:42.973,192
2,825.0,2022-08-05 00:03:42.790,192
2,824.0,2022-08-05 00:03:42.603,192
2,823.0,2022-08-05 00:03:42.420,192
2,822.0,2022-08-05 00:03:42.237,192
2,821.0,2022-08-05 00:03:42.050,192
2,820.0,2022-08-05 00:03:41.863,192
2,819.0,2022-08-05 00:03:41.677,192
2,818.0,2022-08-05 00:03:41.493,192
2,817.0,2022-08-05 00:03:41.307,192
2,816.0,2022-08-05 00:03:41.120,192
2,815.0,2022-08-05 00:03:40.937,192
2,814.0,2022-08-05 00:03:40.750,192
2,813.0,2022-08-05 00:03:40.567,192
2,812.0,2022-08-05 00:03:40.380,192
2,811.0,2022-08-05 00:03:40.193,192
2,810.0,2022-08-05 00:03:40.007,192
2,809.0,2022-08-05 00:03:39.820,192
2,808.0,2022-08-05 00:03:39.633,192
2,807.0,2022-08-05 00:03:39.450,192
2,806.0,2022-08-05 00:03:39.267,192
2,805.0,2022-08-05 00:03:39.077,192
2,804.0,2022-08-05 00:03:38.890,192
2,803.0,2022-08-05 00:03:38.703,192
2,802.0,2022-08-05 00:03:38.517,192
2,801.0,2022-08-05 00:03:38.330,192
2,800.0,2022-08-05 00:03:38.147,192
2,799.0,2022-08-05 00:03:37.960,192
2,798.0,2022-08-05 00:03:37.777,192
2,797.0,2022-08-05 00:03:37.593,192
2,796.0,2022-08-05 00:03:37.407,192
2,795.0,2022-08-05 00:03:37.220,192
2,794.0,2022-08-05 00:03:37.033,192
2,793.0,2022-08-05 00:03:36.850,192
2,792.0,2022-08-05 00:03:36.663,192
2,791.0,2022-08-05 00:03:36.477,192
2,790.0,2022-08-05 00:03:36.293,192
2,789.0,2022-08-05 00:03:36.107,192
2,788.0,2022-08-05 00:03:35.923,192
2,787.0,2022-08-05 00:03:35.737,192
2,786.0,2022-08-05 00:03:35.553,192
2,785.0,2022-08-05 00:03:35.367,192
2,784.0,2022-08-05 00:03:35.183,192
2,783.0,2022-08-05 00:03:35.000,192
2,782.0,2022-08-05 00:03:34.813,192
2,781.0,2022-08-05 00:03:34.627,192
2,780.0,2022-08-05 00:03:34.443,192
2,779.0,2022-08-05 00:03:34.257,192
2,778.0,2022-08-05 00:03:34.070,192
2,777.0,2022-08-05 00:03:33.883,192
2,776.0,2022-08-05 00:03:33.697,192
2,775.0,2022-08-05 00:03:33.513,192
2,774.0,2022-08-05 00:03:33.327,192
2,773.0,2022-08-05 00:03:33.140,192
2,772.0,2022-08-05 00:03:32.957,192
2,771.0,2022-08-05 00:03:32.770,192
2,770.0,2022-08-05 00:03:32.587,192
2,769.0,2022-08-05 00:03:32.400,192
2,768.0,2022-08-05 00:03:32.213,192
2,767.0,2022-08-05 00:03:32.027,192
2,766.0,2022-08-05 00:03:31.847,192
2,765.0,2022-08-05 00:03:31.657,192
2,764.0,2022-08-05 00:03:31.473,192
2,763.0,2022-08-05 00:03:31.287,192
2,762.0,2022-08-05 00:03:31.100,192
2,761.0,2022-08-05 00:03:30.913,192
2,760.0,2022-08-05 00:03:30.727,192
2,759.0,2022-08-05 00:03:30.540,192
2,758.0,2022-08-05 00:03:30.357,192
2,757.0,2022-08-05 00:03:30.170,192
2,756.0,2022-08-05 00:03:29.987,192
2,755.0,2022-08-05 00:03:29.797,192
2,754.0,2022-08-05 00:03:29.610,192
2,753.0,2022-08-05 00:03:29.427,192
2,752.0,2022-08-05 00:03:29.243,192
2,751.0,2022-08-05 00:03:29.057,192
2,750.0,2022-08-05 00:03:28.870,192
2,749.0,2022-08-05 00:03:28.687,192
2,748.0,2022-08-05 00:03:28.503,192
2,747.0,2022-08-05 00:03:28.317,192
2,746.0,2022-08-05 00:03:28.133,192
2,745.0,2022-08-05 00:03:27.947,192
2,744.0,2022-08-05 00:03:27.757,192
2,743.0,2022-08-05 00:03:27.573,192
2,742.0,2022-08-05 00:03:27.387,192
2,741.0,2022-08-05 00:03:27.197,192
2,740.0,2022-08-05 00:03:27.013,192
2,739.0,2022-08-05 00:03:26.827,192
2,738.0,2022-08-05 00:03:26.643,192
2,737.0,2022-08-05 00:03:26.457,192
2,736.0,2022-08-05 00:03:26.270,192
2,735.0,2022-08-05 00:03:26.080,192
2,734.0,2022-08-05 00:03:25.897,192
2,733.0,2022-08-05 00:03:25.710,192
2,732.0,2022-08-05 00:03:25.527,192
2,731.0,2022-08-05 00:03:25.340,192
2,730.0,2022-08-05 00:03:25.153,192
2,729.0,2022-08-05 00:03:24.967,192
2,728.0,2022-08-05 00:03:24.783,192
2,727.0,2022-08-05 00:03:24.597,192
2,726.0,2022-08-05 00:03:24.413,192
2,725.0,2022-08-05 00:03:24.223,192
2,724.0,2022-08-05 00:03:24.040,192
2,723.0,2022-08-05 00:03:23.853,192
2,722.0,2022-08-05 00:03:23.670,192
2,721.0,2022-08-05 00:03:23.487,192
2,720.0,2022-08-05 00:03:23.300,192
2,719.0,2022-08-05 00:03:23.113,192
2,718.0,2022-08-05 00:03:22.930,192
2,717.0,2022-08-05 00:03:22.743,192
2,716.0,2022-08-05 00:03:22.560,192
2,715.0,2022-08-05 00:03:22.377,192
2,714.0,2022-08-05 00:03:22.193,192
2,713.0,2022-08-05 00:03:22.007,192
2,712.0,2022-08-05 00:03:21.823,192
2,711.0,2022-08-05 00:03:21.640,192
2,710.0,2022-08-05 00:03:21.453,192
2,709.0,2022-08-05 00:03:21.270,192
2,708.0,2022-08-05 00:03:21.087,192
2,707.0,2022-08-05 00:03:20.900,192
2,706.0,2022-08-05 00:03:20.713,192
2,705.0,2022-08-05 00:03:20.530,192
2,704.0,2022-08-05 00:03:20.340,192
2,703.0,2022-08-05 00:03:20.157,192
2,702.0,2022-08-05 00:03:19.973,192
2,701.0,2022-08-05 00:03:19.787,192
2,700.0,2022-08-05 00:03:19.603,192
2,699.0,2022-08-05 00:03:19.417,192
2,698.0,2022-08-05 00:03:19.230,192
2,697.0,2022-08-05 00:03:19.047,192
2,696.0,2022-08-05 00:03:18.860,192
2,695.0,2022-08-05 00:03:18.677,192
2,694.0,2022-08-05 00:03:18.493,192
2,693.0,2022-08-05 00:03:18.307,192
2,692.0,2022-08-05 00:03:18.123,192
2,691.0,2022-08-05 00:03:17.937,192
2,690.0,2022-08-05 00:03:17.753,192
2,689.0,2022-08-05 00:03:17.567,192
2,688.0,2022-08-05 00:03:17.380,192
2,687.0,2022-08-05 00:03:17.197,192
2,686.0,2022-08-05 00:03:17.013,192
2,685.0,2022-08-05 00:03:16.827,192
2,684.0,2022-08-05 00:03:16.643,192
2,683.0,2022-08-05 00:03:16.457,192
2,682.0,2022-08-05 00:03:16.273,192
2,681.0,2022-08-05 00:03:16.087,192
2,680.0,2022-08-05 00:03:15.897,192
2,679.0,2022-08-05 00:03:15.710,192
2,678.0,2022-08-05 00:03:15.527,192
2,677.0,2022-08-05 00:03:15.343,192
2,676.0,2022-08-05 00:03:15.157,192
2,675.0,2022-08-05 00:03:14.973,192
2,674.0,2022-08-05 00:03:14.787,192
2,673.0,2022-08-05 00:03:14.603,192
2,672.0,2022-08-05 00:03:14.420,192
2,671.0,2022-08-05 00:03:14.233,192
2,670.0,2022-08-05 00:03:14.047,192
2,669.0,2022-08-05 00:03:13.860,192
2,668.0,2022-08-05 00:03:13.673,192
2,667.0,2022-08-05 00:03:13.490,192
2,666.0,2022-08-05 00:03:13.303,192
2,665.0,2022-08-05 00:03:13.120,192
2,664.0,2022-08-05 00:03:12.933,192
2,663.0,2022-08-05 00:03:12.753,192
2,662.0,2022-08-05 00:03:12.567,192
2,661.0,2022-08-05 00:03:12.383,192
2,660.0,2022-08-05 00:03:12.197,192
2,659.0,2022-08-05 00:03:12.010,192
2,658.0,2022-08-05 00:03:11.827,192
2,657.0,2022-08-05 00:03:11.640,192
2,656.0,2022-08-05 00:03:11.457,192
2,655.0,2022-08-05 00:03:11.270,192
2,654.0,2022-08-05 00:03:11.087,192
2,653.0,2022-08-05 00:03:10.903,192
2,652.0,2022-08-05 00:03:10.717,192
2,651.0,2022-08-05 00:03:10.533,192
2,650.0,2022-08-05 00:03:10.347,192
2,649.0,2022-08-05 00:03:10.167,192
2,648.0,2022-08-05 00:03:09.980,192
2,647.0,2022-08-05 00:03:09.793,192
2,646.0,2022-08-05 00:03:09.607,192
2,645.0,2022-08-05 00:03:09.407,192
2,644.0,2022-08-05 00:03:09.220,192
2,643.0,2022-08-05 00:03:09.037,192
2,642.0,2022-08-05 00:03:08.847,192
2,641.0,2022-08-05 00:03:08.657,192
2,640.0,2022-08-05 00:03:08.460,192
2,639.0,2022-08-05 00:03:08.260,192
2,638.0,2022-08-05 00:03:08.060,192
2,637.0,2022-08-05 00:03:07.873,192
2,636.0,2022-08-05 00:03:07.690,192
2,635.0,2022-08-05 00:03:07.507,192
2,634.0,2022-08-05 00:03:07.320,192
2,633.0,2022-08-05 00:03:07.163,192
2,632.0,2022-08-05 00:03:07.027,192
2,631.0,2022-08-05 00:03:06.843,192
2,630.0,2022-08-05 00:03:06.657,192
2,629.0,2022-08-05 00:03:06.473,192
2,628.0,2022-08-05 00:03:06.290,192
2,627.0,2022-08-05 00:03:06.103,192
2,626.0,2022-08-05 00:03:05.917,192
2,625.0,2022-08-05 00:03:05.730,192
2,624.0,2022-08-05 00:03:05.547,192
2,623.0,2022-08-05 00:03:05.367,192
2,622.0,2022-08-05 00:03:05.240,192
2,621.0,2022-08-05 00:03:05.113,192
2,620.0,2022-08-05 00:03:04.947,192
2,619.0,2022-08-05 00:03:04.760,192
2,618.0,2022-08-05 00:03:04.577,192
2,617.0,2022-08-05 00:03:04.393,192
2,616.0,2022-08-05 00:03:04.207,192
2,615.0,2022-08-05 00:03:04.020,192
2,614.0,2022-08-05 00:03:03.833,192
2,613.0,2022-08-05 00:03:03.650,192
2,612.0,2022-08-05 00:03:03.463,192
2,611.0,2022-08-05 00:03:03.277,192
2,610.0,2022-08-05 00:03:03.093,192
2,609.0,2022-08-05 00:03:02.910,192
2,608.0,2022-08-05 00:03:02.723,192
2,607.0,2022-08-05 00:03:02.537,192
2,606.0,2022-08-05 00:03:02.350,192
2,605.0,2022-08-05 00:03:02.167,192
2,604.0,2022-08-05 00:03:01.980,192
2,603.0,2022-08-05 00:03:01.797,192
2,602.0,2022-08-05 00:03:01.610,192
2,601.0,2022-08-05 00:03:01.423,192
2,600.0,2022-08-05 00:03:01.240,192
2,599.0,2022-08-05 00:03:01.053,192
2,598.0,2022-08-05 00:03:00.870,192
2,597.0,2022-08-05 00:03:00.683,192
2,596.0,2022-08-05 00:03:00.497,192
2,595.0,2022-08-05 00:03:00.313,192
2,594.0,2022-08-05 00:03:00.127,192
2,593.0,2022-08-05 00:02:59.940,192
2,592.0,2022-08-05 00:02:59.757,192
2,591.0,2022-08-05 00:02:59.570,192
2,590.0,2022-08-05 00:02:59.380,192
2,589.0,2022-08-05 00:02:59.197,192
2,588.0,2022-08-05 00:02:59.010,192
2,587.0,2022-08-05 00:02:58.827,192
2,586.0,2022-08-05 00:02:58.640,192
2,585.0,2022-08-05 00:02:58.457,192
2,584.0,2022-08-05 00:02:58.273,192
2,583.0,2022-08-05 00:02:58.087,192
2,582.0,2022-08-05 00:02:57.897,192
2,581.0,2022-08-05 00:02:57.713,192
2,580.0,2022-08-05 00:02:57.530,192
2,579.0,2022-08-05 00:02:57.343,192
2,578.0,2022-08-05 00:02:57.157,192
2,577.0,2022-08-05 00:02:56.973,192
2,576.0,2022-08-05 00:02:56.790,192
2,575.0,2022-08-05 00:02:56.607,192
2,574.0,2022-08-05 00:02:56.420,192
2,573.0,2022-08-05 00:02:56.237,192
2,572.0,2022-08-05 00:02:56.050,192
2,571.0,2022-08-05 00:02:55.863,192
2,570.0,2022-08-05 00:02:55.680,192
2,569.0,2022-08-05 00:02:55.493,192
2,568.0,2022-08-05 00:02:55.310,192
2,567.0,2022-08-05 00:02:55.123,192
2,566.0,2022-08-05 00:02:54.937,192
2,565.0,2022-08-05 00:02:54.750,192
2,564.0,2022-08-05 00:02:54.567,192
2,563.0,2022-08-05 00:02:54.380,192
2,562.0,2022-08-05 00:02:54.193,192
2,561.0,2022-08-05 00:02:54.007,192
2,560.0,2022-08-05 00:02:53.820,192
2,559.0,2022-08-05 00:02:53.633,192
2,558.0,2022-08-05 00:02:53.447,192
2,557.0,2022-08-05 00:02:53.257,192
2,556.0,2022-08-05 00:02:53.073,192
2,555.0,2022-08-05 00:02:52.887,192
2,554.0,2022-08-05 00:02:52.703,192
2,553.0,2022-08-05 00:02:52.520,192
2,552.0,2022-08-05 00:02:52.337,192
2,551.0,2022-08-05 00:02:52.150,192
2,550.0,2022-08-05 00:02:51.967,192
2,549.0,2022-08-05 00:02:51.783,192
2,548.0,2022-08-05 00:02:51.597,192
2,547.0,2022-08-05 00:02:51.417,192
2,546.0,2022-08-05 00:02:51.230,192
2,545.0,2022-08-05 00:02:51.043,192
2,544.0,2022-08-05 00:02:50.857,192
2,543.0,2022-08-05 00:02:50.670,192
2,542.0,2022-08-05 00:02:50.487,192
2,541.0,2022-08-05 00:02:50.300,192
2,540.0,2022-08-05 00:02:50.117,192
2,539.0,2022-08-05 00:02:49.930,192
2,538.0,2022-08-05 00:02:49.740,192
2,537.0,2022-08-05 00:02:49.557,192
2,536.0,2022-08-05 00:02:49.370,192
2,535.0,2022-08-05 00:02:49.183,192
2,534.0,2022-08-05 00:02:48.997,192
2,533.0,2022-08-05 00:02:48.810,192
2,532.0,2022-08-05 00:02:48.623,192
2,531.0,2022-08-05 00:02:48.437,192
2,530.0,2022-08-05 00:02:48.250,192
2,529.0,2022-08-05 00:02:48.063,192
2,528.0,2022-08-05 00:02:47.877,192
2,527.0,2022-08-05 00:02:47.690,192
2,526.0,2022-08-05 00:02:47.503,192
2,525.0,2022-08-05 00:02:47.320,192
2,524.0,2022-08-05 00:02:47.130,192
2,523.0,2022-08-05 00:02:46.947,192
2,522.0,2022-08-05 00:02:46.763,192
2,521.0,2022-08-05 00:02:46.580,192
2,520.0,2022-08-05 00:02:46.393,192
2,519.0,2022-08-05 00:02:46.210,192
2,518.0,2022-08-05 00:02:46.027,192
2,517.0,2022-08-05 00:02:45.840,192
2,516.0,2022-08-05 00:02:45.653,192
2,515.0,2022-08-05 00:02:45.473,192
2,514.0,2022-08-05 00:02:45.287,192
2,513.0,2022-08-05 00:02:45.103,192
2,512.0,2022-08-05 00:02:44.917,192
2,511.0,2022-08-05 00:02:44.727,192
2,510.0,2022-08-05 00:02:44.543,192
2,509.0,2022-08-05 00:02:44.357,192
2,508.0,2022-08-05 00:02:44.173,192
2,507.0,2022-08-05 00:02:43.990,192
2,506.0,2022-08-05 00:02:43.803,192
2,505.0,2022-08-05 00:02:43.617,192
2,504.0,2022-08-05 00:02:43.473,192
2,503.0,2022-08-05 00:02:43.350,192
2,502.0,2022-08-05 00:02:43.223,192
2,501.0,2022-08-05 00:02:43.100,192
2,500.0,2022-08-05 00:02:42.980,192
2,499.0,2022-08-05 00:02:42.853,192
2,498.0,2022-08-05 00:02:42.727,192
2,497.0,2022-08-05 00:02:42.600,192
2,496.0,2022-08-05 00:02:42.477,192
2,495.0,2022-08-05 00:02:42.353,192
2,494.0,2022-08-05 00:02:42.227,192
2,493.0,2022-08-05 00:02:42.103,192
2,492.0,2022-08-05 00:02:41.973,192
2,491.0,2022-08-05 00:02:41.847,192
2,490.0,2022-08-05 00:02:41.670,192
2,489.0,2022-08-05 00:02:41.483,192
2,488.0,2022-08-05 00:02:41.340,192
2,487.0,2022-08-05 00:02:41.203,192
2,486.0,2022-08-05 00:02:41.020,192
2,485.0,2022-08-05 00:02:40.833,192
2,484.0,2022-08-05 00:02:40.650,192
2,483.0,2022-08-05 00:02:40.460,192
2,482.0,2022-08-05 00:02:40.327,192
2,481.0,2022-08-05 00:02:40.153,192
2,480.0,2022-08-05 00:02:39.967,192
2,479.0,2022-08-05 00:02:39.780,192
2,478.0,2022-08-05 00:02:39.597,192
2,477.0,2022-08-05 00:02:39.407,192
2,476.0,2022-08-05 00:02:39.223,192
2,475.0,2022-08-05 00:02:39.040,192
2,474.0,2022-08-05 00:02:38.857,192
2,473.0,2022-08-05 00:02:38.670,192
2,472.0,2022-08-05 00:02:38.487,192
2,471.0,2022-08-05 00:02:38.303,192
2,470.0,2022-08-05 00:02:38.120,192
2,469.0,2022-08-05 00:02:37.933,192
2,468.0,2022-08-05 00:02:37.800,192
2,467.0,2022-08-05 00:02:37.673,192
2,466.0,2022-08-05 00:02:37.547,192
2,465.0,2022-08-05 00:02:37.423,192
2,464.0,2022-08-05 00:02:37.297,192
2,463.0,2022-08-05 00:02:37.173,192
2,462.0,2022-08-05 00:02:37.050,192
2,461.0,2022-08-05 00:02:36.923,192
2,460.0,2022-08-05 00:02:36.773,192
2,459.0,2022-08-05 00:02:36.620,192
2,458.0,2022-08-05 00:02:36.490,192
2,457.0,2022-08-05 00:02:36.340,192
2,456.0,2022-08-05 00:02:36.153,192
2,455.0,2022-08-05 00:02:35.970,192
2,454.0,2022-08-05 00:02:35.783,192
2,453.0,2022-08-05 00:02:35.617,192
2,452.0,2022-08-05 00:02:35.490,192
2,451.0,2022-08-05 00:02:35.363,192
2,450.0,2022-08-05 00:02:35.177,192
2,449.0,2022-08-05 00:02:34.993,192
2,448.0,2022-08-05 00:02:34.807,192
2,447.0,2022-08-05 00:02:34.633,192
2,446.0,2022-08-05 00:02:34.507,192
2,445.0,2022-08-05 00:02:34.383,192
2,444.0,2022-08-05 00:02:34.210,192
2,443.0,2022-08-05 00:02:34.083,192
2,442.0,2022-08-05 00:02:33.953,192
2,441.0,2022-08-05 00:02:33.767,192
2,440.0,2022-08-05 00:02:33.583,192
2,439.0,2022-08-05 00:02:33.397,192
2,438.0,2022-08-05 00:02:33.213,192
2,437.0,2022-08-05 00:02:33.030,192
2,436.0,2022-08-05 00:02:32.830,192
2,435.0,2022-08-05 00:02:32.643,192
2,434.0,2022-08-05 00:02:32.457,192
2,433.0,2022-08-05 00:02:32.273,192
2,432.0,2022-08-05 00:02:32.087,192
2,431.0,2022-08-05 00:02:31.907,192
2,430.0,2022-08-05 00:02:31.723,192
2,429.0,2022-08-05 00:02:31.540,192
2,428.0,2022-08-05 00:02:31.360,192
2,427.0,2022-08-05 00:02:31.170,192
2,426.0,2022-08-05 00:02:30.987,192
2,425.0,2022-08-05 00:02:30.803,192
2,424.0,2022-08-05 00:02:30.617,192
2,423.0,2022-08-05 00:02:30.430,192
2,422.0,2022-08-05 00:02:30.243,192
2,421.0,2022-08-05 00:02:30.057,192
2,420.0,2022-08-05 00:02:29.873,192
2,419.0,2022-08-05 00:02:29.690,192
2,418.0,2022-08-05 00:02:29.507,192
2,417.0,2022-08-05 00:02:29.320,192
2,416.0,2022-08-05 00:02:29.137,192
2,415.0,2022-08-05 00:02:28.950,192
2,414.0,2022-08-05 00:02:28.767,192
2,413.0,2022-08-05 00:02:28.583,192
2,412.0,2022-08-05 00:02:28.397,192
2,411.0,2022-08-05 00:02:28.213,192
2,410.0,2022-08-05 00:02:28.027,192
2,409.0,2022-08-05 00:02:27.843,192
2,408.0,2022-08-05 00:02:27.657,192
2,407.0,2022-08-05 00:02:27.467,192
2,406.0,2022-08-05 00:02:27.283,192
2,405.0,2022-08-05 00:02:27.097,192
2,404.0,2022-08-05 00:02:26.910,192
2,403.0,2022-08-05 00:02:26.723,192
2,402.0,2022-08-05 00:02:26.540,192
2,401.0,2022-08-05 00:02:26.353,192
2,400.0,2022-08-05 00:02:26.167,192
2,399.0,2022-08-05 00:02:25.983,192
2,398.0,2022-08-05 00:02:25.797,192
2,397.0,2022-08-05 00:02:25.613,192
2,396.0,2022-08-05 00:02:25.427,192
2,395.0,2022-08-05 00:02:25.243,192
2,394.0,2022-08-05 00:02:25.060,192
2,393.0,2022-08-05 00:02:24.877,192
2,392.0,2022-08-05 00:02:24.690,192
2,391.0,2022-08-05 00:02:24.503,192
2,390.0,2022-08-05 00:02:24.317,192
2,389.0,2022-08-05 00:02:24.130,192
2,388.0,2022-08-05 00:02:23.947,192
2,387.0,2022-08-05 00:02:23.760,192
2,386.0,2022-08-05 00:02:23.573,192
2,385.0,2022-08-05 00:02:23.387,192
2,384.0,2022-08-05 00:02:23.203,192
2,383.0,2022-08-05 00:02:23.017,192
2,382.0,2022-08-05 00:02:22.830,192
2,381.0,2022-08-05 00:02:22.643,192
2,380.0,2022-08-05 00:02:22.460,192
2,379.0,2022-08-05 00:02:22.273,192
2,378.0,2022-08-05 00:02:22.087,192
2,377.0,2022-08-05 00:02:21.903,192
2,376.0,2022-08-05 00:02:21.720,192
2,375.0,2022-08-05 00:02:21.537,192
2,374.0,2022-08-05 00:02:21.353,192
2,373.0,2022-08-05 00:02:21.167,192
2,372.0,2022-08-05 00:02:20.983,192
2,371.0,2022-08-05 00:02:20.800,192
2,370.0,2022-08-05 00:02:20.617,192
2,369.0,2022-08-05 00:02:20.430,192
2,368.0,2022-08-05 00:02:20.243,192
2,367.0,2022-08-05 00:02:20.057,192
2,366.0,2022-08-05 00:02:19.870,192
2,365.0,2022-08-05 00:02:19.687,192
2,364.0,2022-08-05 00:02:19.500,192
2,363.0,2022-08-05 00:02:19.313,192
2,362.0,2022-08-05 00:02:19.127,192
2,361.0,2022-08-05 00:02:18.943,192
2,360.0,2022-08-05 00:02:18.757,192
2,359.0,2022-08-05 00:02:18.570,192
2,358.0,2022-08-05 00:02:18.387,192
2,357.0,2022-08-05 00:02:18.203,192
2,356.0,2022-08-05 00:02:18.020,192
2,355.0,2022-08-05 00:02:17.837,192
2,354.0,2022-08-05 00:02:17.653,192
2,353.0,2022-08-05 00:02:17.467,192
2,352.0,2022-08-05 00:02:17.283,192
2,351.0,2022-08-05 00:02:17.097,192
2,350.0,2022-08-05 00:02:16.913,192
2,349.0,2022-08-05 00:02:16.730,192
2,348.0,2022-08-05 00:02:16.547,192
2,347.0,2022-08-05 00:02:16.363,192
2,346.0,2022-08-05 00:02:16.180,192
2,345.0,2022-08-05 00:02:15.990,192
2,344.0,2022-08-05 00:02:15.803,192
2,343.0,2022-08-05 00:02:15.620,192
2,342.0,2022-08-05 00:02:15.430,192
2,341.0,2022-08-05 00:02:15.243,192
2,340.0,2022-08-05 00:02:15.057,192
2,339.0,2022-08-05 00:02:14.873,192
2,338.0,2022-08-05 00:02:14.687,192
2,337.0,2022-08-05 00:02:14.500,192
2,336.0,2022-08-05 00:02:14.313,192
2,335.0,2022-08-05 00:02:14.123,192
2,334.0,2022-08-05 00:02:13.940,192
2,333.0,2022-08-05 00:02:13.753,192
2,332.0,2022-08-05 00:02:13.570,192
2,331.0,2022-08-05 00:02:13.387,192
2,330.0,2022-08-05 00:02:13.207,192
2,329.0,2022-08-05 00:02:13.077,192
2,328.0,2022-08-05 00:02:12.950,192
2,327.0,2022-08-05 00:02:12.793,192
2,326.0,2022-08-05 00:02:12.610,192
2,325.0,2022-08-05 00:02:12.423,192
2,324.0,2022-08-05 00:02:12.240,192
2,323.0,2022-08-05 00:02:12.053,192
2,322.0,2022-08-05 00:02:11.870,192
2,321.0,2022-08-05 00:02:11.683,192
2,320.0,2022-08-05 00:02:11.513,192
2,319.0,2022-08-05 00:02:11.370,192
2,318.0,2022-08-05 00:02:11.183,192
2,317.0,2022-08-05 00:02:11.000,192
2,316.0,2022-08-05 00:02:10.813,192
2,315.0,2022-08-05 00:02:10.627,192
2,314.0,2022-08-05 00:02:10.440,192
2,313.0,2022-08-05 00:02:10.253,192
2,312.0,2022-08-05 00:02:10.070,192
2,311.0,2022-08-05 00:02:09.883,192
2,310.0,2022-08-05 00:02:09.700,192
2,309.0,2022-08-05 00:02:09.517,192
2,308.0,2022-08-05 00:02:09.330,192
2,307.0,2022-08-05 00:02:09.143,192
2,306.0,2022-08-05 00:02:08.957,192
2,305.0,2022-08-05 00:02:08.770,192
2,304.0,2022-08-05 00:02:08.583,192
2,303.0,2022-08-05 00:02:08.413,192
2,302.0,2022-08-05 00:02:08.287,192
2,301.0,2022-08-05 00:02:08.160,192
2,300.0,2022-08-05 00:02:08.037,192
2,299.0,2022-08-05 00:02:07.910,192
2,298.0,2022-08-05 00:02:07.787,192
2,297.0,2022-08-05 00:02:07.660,192
2,296.0,2022-08-05 00:02:07.533,192
2,295.0,2022-08-05 00:02:07.403,192
2,294.0,2022-08-05 00:02:07.277,192
2,293.0,2022-08-05 00:02:07.150,192
2,292.0,2022-08-05 00:02:07.020,192
2,291.0,2022-08-05 00:02:06.890,192
2,290.0,2022-08-05 00:02:06.763,192
2,289.0,2022-08-05 00:02:06.640,192
2,288.0,2022-08-05 00:02:06.513,192
2,287.0,2022-08-05 00:02:06.370,192
2,286.0,2022-08-05 00:02:06.180,192
2,285.0,2022-08-05 00:02:05.997,192
2,284.0,2022-08-05 00:02:05.813,192
2,283.0,2022-08-05 00:02:05.627,192
2,282.0,2022-08-05 00:02:05.440,192
2,281.0,2022-08-05 00:02:05.253,192
2,280.0,2022-08-05 00:02:05.070,192
2,279.0,2022-08-05 00:02:04.887,192
2,278.0,2022-08-05 00:02:04.703,192
2,277.0,2022-08-05 00:02:04.517,192
2,276.0,2022-08-05 00:02:04.333,192
2,275.0,2022-08-05 00:02:04.147,192
2,274.0,2022-08-05 00:02:03.963,192
2,273.0,2022-08-05 00:02:03.777,192
2,272.0,2022-08-05 00:02:03.593,192
2,271.0,2022-08-05 00:02:03.407,192
2,270.0,2022-08-05 00:02:03.223,192
2,269.0,2022-08-05 00:02:03.040,192
2,268.0,2022-08-05 00:02:02.857,192
2,267.0,2022-08-05 00:02:02.670,192
2,266.0,2022-08-05 00:02:02.483,192
2,265.0,2022-08-05 00:02:02.300,192
2,264.0,2022-08-05 00:02:02.117,192
2,263.0,2022-08-05 00:02:01.933,192
2,262.0,2022-08-05 00:02:01.747,192
2,261.0,2022-08-05 00:02:01.563,192
2,260.0,2022-08-05 00:02:01.377,192
2,259.0,2022-08-05 00:02:01.193,192
2,258.0,2022-08-05 00:02:01.007,192
2,257.0,2022-08-05 00:02:00.820,192
2,256.0,2022-08-05 00:02:00.637,192
2,255.0,2022-08-05 00:02:00.453,192
2,254.0,2022-08-05 00:02:00.267,192
2,253.0,2022-08-05 00:02:00.080,192
2,252.0,2022-08-05 00:01:59.893,192
2,251.0,2022-08-05 00:01:59.707,192
2,250.0,2022-08-05 00:01:59.523,192
2,249.0,2022-08-05 00:01:59.340,192
2,248.0,2022-08-05 00:01:59.157,192
2,247.0,2022-08-05 00:01:58.970,192
2,246.0,2022-08-05 00:01:58.787,192
2,245.0,2022-08-05 00:01:58.600,192
2,244.0,2022-08-05 00:01:58.413,192
2,243.0,2022-08-05 00:01:58.227,192
2,242.0,2022-08-05 00:01:58.040,192
2,241.0,2022-08-05 00:01:57.857,192
2,240.0,2022-08-05 00:01:57.673,192
2,239.0,2022-08-05 00:01:57.487,192
2,238.0,2022-08-05 00:01:57.303,192
2,237.0,2022-08-05 00:01:57.117,192
2,236.0,2022-08-05 00:01:56.930,192
2,235.0,2022-08-05 00:01:56.743,192
2,234.0,2022-08-05 00:01:56.560,192
2,233.0,2022-08-05 00:01:56.373,192
2,232.0,2022-08-05 00:01:56.187,192
2,231.0,2022-08-05 00:01:56.000,192
2,230.0,2022-08-05 00:01:55.817,192
2,229.0,2022-08-05 00:01:55.630,192
2,228.0,2022-08-05 00:01:55.447,192
2,227.0,2022-08-05 00:01:55.263,192
2,226.0,2022-08-05 00:01:55.077,192
2,225.0,2022-08-05 00:01:54.890,192
2,224.0,2022-08-05 00:01:54.703,192
2,223.0,2022-08-05 00:01:54.517,192
2,222.0,2022-08-05 00:01:54.330,192
2,221.0,2022-08-05 00:01:54.143,192
2,220.0,2022-08-05 00:01:53.957,192
2,219.0,2022-08-05 00:01:53.770,192
2,218.0,2022-08-05 00:01:53.587,192
2,217.0,2022-08-05 00:01:53.400,192
2,216.0,2022-08-05 00:01:53.217,192
2,215.0,2022-08-05 00:01:53.030,192
2,214.0,2022-08-05 00:01:52.843,192
2,213.0,2022-08-05 00:01:52.657,192
2,212.0,2022-08-05 00:01:52.470,192
2,211.0,2022-08-05 00:01:52.287,192
2,210.0,2022-08-05 00:01:52.100,192
2,209.0,2022-08-05 00:01:51.913,192
2,208.0,2022-08-05 00:01:51.727,192
2,207.0,2022-08-05 00:01:51.543,192
2,206.0,2022-08-05 00:01:51.360,192
2,205.0,2022-08-05 00:01:51.173,192
2,204.0,2022-08-05 00:01:50.987,192
2,203.0,2022-08-05 00:01:50.803,192
2,202.0,2022-08-05 00:01:50.617,192
2,201.0,2022-08-05 00:01:50.430,192
2,200.0,2022-08-05 00:01:50.247,192
2,199.0,2022-08-05 00:01:50.060,192
2,198.0,2022-08-05 00:01:49.873,192
2,197.0,2022-08-05 00:01:49.690,192
2,196.0,2022-08-05 00:01:49.503,192
2,195.0,2022-08-05 00:01:49.320,192
2,194.0,2022-08-05 00:01:49.137,192
2,193.0,2022-08-05 00:01:48.950,192
2,192.0,2022-08-05 00:01:48.763,192
2,191.0,2022-08-05 00:01:48.577,192
2,190.0,2022-08-05 00:01:48.390,192
2,189.0,2022-08-05 00:01:48.203,192
2,188.0,2022-08-05 00:01:48.017,192
2,187.0,2022-08-05 00:01:47.833,192
2,186.0,2022-08-05 00:01:47.647,192
2,185.0,2022-08-05 00:01:47.463,192
2,184.0,2022-08-05 00:01:47.277,192
2,183.0,2022-08-05 00:01:47.093,192
2,182.0,2022-08-05 00:01:46.907,192
2,181.0,2022-08-05 00:01:46.720,192
2,180.0,2022-08-05 00:01:46.530,192
2,179.0,2022-08-05 00:01:46.343,192
2,178.0,2022-08-05 00:01:46.163,192
2,177.0,2022-08-05 00:01:45.977,192
2,176.0,2022-08-05 00:01:45.790,192
2,175.0,2022-08-05 00:01:45.603,192
2,174.0,2022-08-05 00:01:45.417,192
2,173.0,2022-08-05 00:01:45.233,192
2,172.0,2022-08-05 00:01:45.047,192
2,171.0,2022-08-05 00:01:44.863,192
2,170.0,2022-08-05 00:01:44.677,192
2,169.0,2022-08-05 00:01:44.493,192
2,168.0,2022-08-05 00:01:44.307,192
2,167.0,2022-08-05 00:01:44.123,192
2,166.0,2022-08-05 00:01:43.937,192
2,165.0,2022-08-05 00:01:43.753,192
2,164.0,2022-08-05 00:01:43.570,192
2,163.0,2022-08-05 00:01:43.387,192
2,162.0,2022-08-05 00:01:43.200,192
2,161.0,2022-08-05 00:01:43.013,192
2,160.0,2022-08-05 00:01:42.830,192
2,159.0,2022-08-05 00:01:42.643,192
2,158.0,2022-08-05 00:01:42.460,192
2,157.0,2022-08-05 00:01:42.273,192
2,156.0,2022-08-05 00:01:42.087,192
2,155.0,2022-08-05 00:01:41.903,192
2,154.0,2022-08-05 00:01:41.720,192
2,153.0,2022-08-05 00:01:41.533,192
2,152.0,2022-08-05 00:01:41.350,192
2,151.0,2022-08-05 00:01:41.163,192
2,150.0,2022-08-05 00:01:40.983,192
2,149.0,2022-08-05 00:01:40.800,192
2,148.0,2022-08-05 00:01:40.613,192
2,147.0,2022-08-05 00:01:40.427,192
2,146.0,2022-08-05 00:01:40.240,192
2,145.0,2022-08-05 00:01:40.057,192
2,144.0,2022-08-05 00:01:39.870,192
2,143.0,2022-08-05 00:01:39.687,192
2,142.0,2022-08-05 00:01:39.503,192
2,141.0,2022-08-05 00:01:39.317,192
2,140.0,2022-08-05 00:01:39.130,192
2,139.0,2022-08-05 00:01:38.943,192
2,138.0,2022-08-05 00:01:38.760,192
2,137.0,2022-08-05 00:01:38.573,192
2,136.0,2022-08-05 00:01:38.387,192
2,135.0,2022-08-05 00:01:38.200,192
2,134.0,2022-08-05 00:01:38.010,192
2,133.0,2022-08-05 00:01:37.827,192
2,132.0,2022-08-05 00:01:37.640,192
2,131.0,2022-08-05 00:01:37.453,192
2,130.0,2022-08-05 00:01:37.270,192
2,129.0,2022-08-05 00:01:37.083,192
2,128.0,2022-08-05 00:01:36.897,192
2,127.0,2022-08-05 00:01:36.707,192
2,126.0,2022-08-05 00:01:36.523,192
2,125.0,2022-08-05 00:01:36.340,192
2,124.0,2022-08-05 00:01:36.153,192
2,123.0,2022-08-05 00:01:35.967,192
2,122.0,2022-08-05 00:01:35.783,192
2,121.0,2022-08-05 00:01:35.597,192
2,120.0,2022-08-05 00:01:35.413,192
2,119.0,2022-08-05 00:01:35.253,192
2,118.0,2022-08-05 00:01:35.087,192
2,117.0,2022-08-05 00:01:34.950,192
2,116.0,2022-08-05 00:01:34.767,192
2,115.0,2022-08-05 00:01:34.577,192
2,114.0,2022-08-05 00:01:34.390,192
2,113.0,2022-08-05 00:01:34.203,192
2,112.0,2022-08-05 00:01:34.017,192
2,111.0,2022-08-05 00:01:33.830,192
2,110.0,2022-08-05 00:01:33.643,192
2,109.0,2022-08-05 00:01:33.480,192
2,108.0,2022-08-05 00:01:33.337,192
2,107.0,2022-08-05 00:01:33.153,192
2,106.0,2022-08-05 00:01:32.967,192
2,105.0,2022-08-05 00:01:32.783,192
2,104.0,2022-08-05 00:01:32.597,192
2,103.0,2022-08-05 00:01:32.413,192
2,102.0,2022-08-05 00:01:32.230,192
2,101.0,2022-08-05 00:01:32.090,192
2,100.0,2022-08-05 00:01:31.920,192
2,99.0,2022-08-05 00:01:31.737,192
2,98.0,2022-08-05 00:01:31.547,192
2,97.0,2022-08-05 00:01:31.360,192
2,96.0,2022-08-05 00:01:31.177,192
2,95.0,2022-08-05 00:01:30.990,192
2,94.0,2022-08-05 00:01:30.807,192
2,93.0,2022-08-05 00:01:30.620,192
2,92.0,2022-08-05 00:01:30.430,192
2,91.0,2022-08-05 00:01:30.247,192
2,90.0,2022-08-05 00:01:30.063,192
2,89.0,2022-08-05 00:01:29.880,192
2,88.0,2022-08-05 00:01:29.693,192
2,87.0,2022-08-05 00:01:29.510,192
2,86.0,2022-08-05 00:01:29.323,192
2,85.0,2022-08-05 00:01:29.140,192
2,84.0,2022-08-05 00:01:28.953,192
2,83.0,2022-08-05 00:01:28.767,192
2,82.0,2022-08-05 00:01:28.583,192
2,81.0,2022-08-05 00:01:28.397,192
2,80.0,2022-08-05 00:01:28.217,192
2,79.0,2022-08-05 00:01:28.093,192
2,78.0,2022-08-05 00:01:27.967,192
2,77.0,2022-08-05 00:01:27.843,192
2,76.0,2022-08-05 00:01:27.720,192
2,75.0,2022-08-05 00:01:27.593,192
2,74.0,2022-08-05 00:01:27.470,192
2,73.0,2022-08-05 00:01:27.343,192
2,72.0,2022-08-05 00:01:27.217,192
2,71.0,2022-08-05 00:01:27.087,192
2,70.0,2022-08-05 00:01:26.957,192
2,69.0,2022-08-05 00:01:26.777,192
2,68.0,2022-08-05 00:01:26.590,192
2,67.0,2022-08-05 00:01:26.407,192
2,66.0,2022-08-05 00:01:26.223,192
2,65.0,2022-08-05 00:01:26.040,192
2,64.0,2022-08-05 00:01:25.853,192
2,63.0,2022-08-05 00:01:25.667,192
2,62.0,2022-08-05 00:01:25.480,192
2,61.0,2022-08-05 00:01:25.293,192
2,60.0,2022-08-05 00:01:25.110,192
2,59.0,2022-08-05 00:01:24.927,192
2,58.0,2022-08-05 00:01:24.740,192
2,57.0,2022-08-05 00:01:24.553,192
2,56.0,2022-08-05 00:01:24.370,192
2,55.0,2022-08-05 00:01:24.187,192
2,54.0,2022-08-05 00:01:24.000,192
2,53.0,2022-08-05 00:01:23.817,192
2,52.0,2022-08-05 00:01:23.630,192
2,51.0,2022-08-05 00:01:23.447,192
2,50.0,2022-08-05 00:01:23.263,192
2,49.0,2022-08-05 00:01:23.077,192
2,48.0,2022-08-05 00:01:22.890,192
2,47.0,2022-08-05 00:01:22.703,192
2,46.0,2022-08-05 00:01:22.523,192
2,45.0,2022-08-05 00:01:22.340,192
2,44.0,2022-08-05 00:01:22.150,192
2,43.0,2022-08-05 00:01:21.967,192
2,42.0,2022-08-05 00:01:21.780,192
2,41.0,2022-08-05 00:01:21.593,192
2,40.0,2022-08-05 00:01:21.410,192
2,39.0,2022-08-05 00:01:21.223,192
2,38.0,2022-08-05 00:01:21.037,192
2,37.0,2022-08-05 00:01:20.853,192
2,36.0,2022-08-05 00:01:20.670,192
2,35.0,2022-08-05 00:01:20.483,192
2,34.0,2022-08-05 00:01:20.300,192
2,33.0,2022-08-05 00:01:20.113,192
2,32.0,2022-08-05 00:01:19.930,192
2,31.0,2022-08-05 00:01:19.770,192
2,30.0,2022-08-05 00:01:19.647,192
2,29.0,2022-08-05 00:01:19.510,192
2,28.0,2022-08-05 00:01:19.323,192
2,27.0,2022-08-05 00:01:19.140,192
2,26.0,2022-08-05 00:01:18.953,192
2,25.0,2022-08-05 00:01:18.767,192
2,24.0,2022-08-05 00:01:18.583,192
2,23.0,2022-08-05 00:01:18.397,192
2,22.0,2022-08-05 00:01:18.220,192
2,21.0,2022-08-05 00:01:18.073,192
2,20.0,2022-08-05 00:01:17.890,192
2,19.0,2022-08-05 00:01:17.707,192
2,18.0,2022-08-05 00:01:17.517,192
2,17.0,2022-08-05 00:01:17.330,192
2,16.0,2022-08-05 00:01:17.147,192
2,15.0,2022-08-05 00:01:16.960,192
2,14.0,2022-08-05 00:01:16.777,192
2,13.0,2022-08-05 00:01:16.593,192
2,12.0,2022-08-05 00:01:16.410,192
2,11.0,2022-08-05 00:01:16.227,192
2,10.0,2022-08-05 00:01:16.040,192
2,9.0,2022-08-05 00:01:15.853,192
2,8.0,2022-08-05 00:01:15.670,192
2,7.0,2022-08-05 00:01:15.483,192
2,6.0,2022-08-05 00:01:15.297,192
2,5.0,2022-08-05 00:01:15.110,192
2,4.0,2022-08-05 00:01:14.923,192
2,3.0,2022-08-05 00:01:14.737,192
2,2.0,2022-08-05 00:01:14.553,192
2,1.0,2022-08-05 00:01:14.367,192
2,0.0,2022-08-05 00:01:14.283,192
2,1610.0,2022-08-05 00:01:14.183,192
2,1609.0,2022-08-05 00:01:14.060,192
2,1608.0,2022-08-05 00:01:13.937,192
2,1607.0,2022-08-05 00:01:13.807,192
2,1606.0,2022-08-05 00:01:13.683,192
2,1605.0,2022-08-05 00:01:13.557,192
2,1604.0,2022-08-05 00:01:13.437,192
2,1603.0,2022-08-05 00:01:13.310,192
2,1602.0,2022-08-05 00:01:13.183,192
2,1601.0,2022-08-05 00:01:13.060,192
2,1600.0,2022-08-05 00:01:12.910,192
2,1599.0,2022-08-05 00:01:12.727,192
2,1598.0,2022-08-05 00:01:12.543,192
2,1597.0,2022-08-05 00:01:12.357,192
2,1596.0,2022-08-05 00:01:12.173,192
2,1595.0,2022-08-05 00:01:11.990,192
2,1594.0,2022-08-05 00:01:11.803,192
2,1593.0,2022-08-05 00:01:11.617,192
2,1592.0,2022-08-05 00:01:11.433,192
2,1591.0,2022-08-05 00:01:11.303,192
2,1590.0,2022-08-05 00:01:11.180,192
2,1589.0,2022-08-05 00:01:11.053,192
2,1588.0,2022-08-05 00:01:10.913,192
2,1587.0,2022-08-05 00:01:10.727,192
2,1586.0,2022-08-05 00:01:10.547,192
2,1585.0,2022-08-05 00:01:10.423,192
2,1584.0,2022-08-05 00:01:10.293,192
2,1583.0,2022-08-05 00:01:10.163,192
2,1582.0,2022-08-05 00:01:09.980,192
2,1581.0,2022-08-05 00:01:09.793,192
2,1580.0,2022-08-05 00:01:09.610,192
2,1579.0,2022-08-05 00:01:09.423,192
2,1578.0,2022-08-05 00:01:09.237,192
2,1577.0,2022-08-05 00:01:09.053,192
2,1576.0,2022-08-05 00:01:08.870,192
2,1575.0,2022-08-05 00:01:08.697,192
2,1574.0,2022-08-05 00:01:08.570,192
2,1573.0,2022-08-05 00:01:08.447,192
2,1572.0,2022-08-05 00:01:08.300,192
2,1571.0,2022-08-05 00:01:08.113,192
2,1570.0,2022-08-05 00:01:07.927,192
2,1569.0,2022-08-05 00:01:07.723,192
2,1568.0,2022-08-05 00:01:07.540,192
2,1567.0,2022-08-05 00:01:07.350,192
2,1566.0,2022-08-05 00:01:07.167,192
2,1565.0,2022-08-05 00:01:06.997,192
2,1564.0,2022-08-05 00:01:06.870,192
2,1563.0,2022-08-05 00:01:06.743,192
2,1562.0,2022-08-05 00:01:06.557,192
2,1561.0,2022-08-05 00:01:06.370,192
2,1560.0,2022-08-05 00:01:06.210,192
2,1559.0,2022-08-05 00:01:06.073,192
2,1558.0,2022-08-05 00:01:05.907,192
2,1557.0,2022-08-05 00:01:05.780,192
2,1556.0,2022-08-05 00:01:05.643,192
2,1555.0,2022-08-05 00:01:05.460,192
2,1554.0,2022-08-05 00:01:05.273,192
2,1553.0,2022-08-05 00:01:05.087,192
2,1552.0,2022-08-05 00:01:04.903,192
2,1551.0,2022-08-05 00:01:04.720,192
2,1550.0,2022-08-05 00:01:04.577,192
2,1549.0,2022-08-05 00:01:04.450,192
2,1548.0,2022-08-05 00:01:04.323,192
2,1547.0,2022-08-05 00:01:04.200,192
2,1546.0,2022-08-05 00:01:04.073,192
2,1545.0,2022-08-05 00:01:03.927,192
2,1544.0,2022-08-05 00:01:03.740,192
2,1543.0,2022-08-05 00:01:03.550,192
2,1542.0,2022-08-05 00:01:03.363,192
2,1541.0,2022-08-05 00:01:03.177,192
2,1540.0,2022-08-05 00:01:02.990,192
2,1539.0,2022-08-05 00:01:02.803,192
2,1538.0,2022-08-05 00:01:02.617,192
2,1537.0,2022-08-05 00:01:02.430,192
2,1536.0,2022-08-05 00:01:02.247,192
2,1535.0,2022-08-05 00:01:02.060,192
2,1534.0,2022-08-05 00:01:01.873,192
2,1533.0,2022-08-05 00:01:01.690,192
2,1532.0,2022-08-05 00:01:01.507,192
2,1531.0,2022-08-05 00:01:01.320,192
2,1530.0,2022-08-05 00:01:01.137,192
2,1529.0,2022-08-05 00:01:00.953,192
2,1528.0,2022-08-05 00:01:00.770,192
2,1527.0,2022-08-05 00:01:00.583,192
2,1526.0,2022-08-05 00:01:00.400,192
2,1525.0,2022-08-05 00:01:00.213,192
2,1524.0,2022-08-05 00:01:00.027,192
2,1523.0,2022-08-05 00:00:59.843,192
2,1522.0,2022-08-05 00:00:59.657,192
2,1521.0,2022-08-05 00:00:59.470,192
2,1520.0,2022-08-05 00:00:59.287,192
2,1519.0,2022-08-05 00:00:59.097,192
2,1518.0,2022-08-05 00:00:58.913,192
2,1517.0,2022-08-05 00:00:58.730,192
2,1516.0,2022-08-05 00:00:58.547,192
2,1515.0,2022-08-05 00:00:58.360,192
2,1514.0,2022-08-05 00:00:58.173,192
2,1513.0,2022-08-05 00:00:57.987,192
2,1512.0,2022-08-05 00:00:57.803,192
2,1511.0,2022-08-05 00:00:57.620,192
2,1510.0,2022-08-05 00:00:57.430,192
2,1509.0,2022-08-05 00:00:57.247,192
2,1508.0,2022-08-05 00:00:57.060,192
2,1507.0,2022-08-05 00:00:56.873,192
2,1506.0,2022-08-05 00:00:56.690,192
2,1505.0,2022-08-05 00:00:56.503,192
2,1504.0,2022-08-05 00:00:56.317,192
2,1503.0,2022-08-05 00:00:56.130,192
2,1502.0,2022-08-05 00:00:55.943,192
2,1501.0,2022-08-05 00:00:55.757,192
2,1500.0,2022-08-05 00:00:55.570,192
2,1499.0,2022-08-05 00:00:55.383,192
2,1498.0,2022-08-05 00:00:55.193,192
2,1497.0,2022-08-05 00:00:55.007,192
2,1496.0,2022-08-05 00:00:54.817,192
2,1495.0,2022-08-05 00:00:54.630,192
2,1494.0,2022-08-05 00:00:54.443,192
2,1493.0,2022-08-05 00:00:54.260,192
2,1492.0,2022-08-05 00:00:54.073,192
2,1491.0,2022-08-05 00:00:53.883,192
2,1490.0,2022-08-05 00:00:53.697,192
2,1489.0,2022-08-05 00:00:53.510,192
2,1488.0,2022-08-05 00:00:53.320,192
2,1487.0,2022-08-05 00:00:53.133,192
2,1486.0,2022-08-05 00:00:52.953,192
2,1485.0,2022-08-05 00:00:52.767,192
2,1484.0,2022-08-05 00:00:52.580,192
2,1483.0,2022-08-05 00:00:52.393,192
2,1482.0,2022-08-05 00:00:52.207,192
2,1481.0,2022-08-05 00:00:52.023,192
2,1480.0,2022-08-05 00:00:51.837,192
2,1479.0,2022-08-05 00:00:51.653,192
2,1478.0,2022-08-05 00:00:51.470,192
2,1477.0,2022-08-05 00:00:51.287,192
2,1476.0,2022-08-05 00:00:51.100,192
2,1475.0,2022-08-05 00:00:50.900,192
2,1475.0,2022-08-04 23:59:56.870,192
3,66.0,2022-08-05 00:16:11.797,192
3,65.0,2022-08-05 00:16:11.610,192
3,64.0,2022-08-05 00:16:11.423,192
3,63.0,2022-08-05 00:16:11.237,192
3,62.0,2022-08-05 00:16:11.050,192
3,61.0,2022-08-05 00:16:10.867,192
3,60.0,2022-08-05 00:16:10.680,192
3,59.0,2022-08-05 00:16:10.493,192
3,58.0,2022-08-05 00:16:10.303,192
3,57.0,2022-08-05 00:16:10.120,192
3,56.0,2022-08-05 00:16:09.937,192
3,55.0,2022-08-05 00:16:09.750,192
3,54.0,2022-08-05 00:16:09.563,192
3,53.0,2022-08-05 00:16:09.360,192
3,52.0,2022-08-05 00:16:09.170,192
3,51.0,2022-08-05 00:16:08.987,192
3,50.0,2022-08-05 00:16:08.800,192
3,49.0,2022-08-05 00:16:08.613,192
3,48.0,2022-08-05 00:16:08.427,192
3,47.0,2022-08-05 00:16:08.240,192
3,46.0,2022-08-05 00:16:08.057,192
3,45.0,2022-08-05 00:16:07.873,192
3,44.0,2022-08-05 00:16:07.687,192
3,43.0,2022-08-05 00:16:07.500,192
3,42.0,2022-08-05 00:16:07.313,192
3,41.0,2022-08-05 00:16:07.123,192
3,40.0,2022-08-05 00:16:06.937,192
3,39.0,2022-08-05 00:16:06.750,192
3,38.0,2022-08-05 00:16:06.567,192
3,37.0,2022-08-05 00:16:06.380,192
3,36.0,2022-08-05 00:16:06.193,192
3,35.0,2022-08-05 00:16:06.010,192
3,34.0,2022-08-05 00:16:05.823,192
3,33.0,2022-08-05 00:16:05.637,192
3,32.0,2022-08-05 00:16:05.450,192
3,31.0,2022-08-05 00:16:05.263,192
3,30.0,2022-08-05 00:16:05.077,192
3,29.0,2022-08-05 00:16:04.890,192
3,28.0,2022-08-05 00:16:04.700,192
3,27.0,2022-08-05 00:16:04.513,192
3,26.0,2022-08-05 00:16:04.327,192
3,25.0,2022-08-05 00:16:04.143,192
3,24.0,2022-08-05 00:16:03.960,192
3,23.0,2022-08-05 00:16:03.773,192
3,22.0,2022-08-05 00:16:03.590,192
3,21.0,2022-08-05 00:16:03.403,192
3,20.0,2022-08-05 00:16:03.220,192
3,19.0,2022-08-05 00:16:03.030,192
3,18.0,2022-08-05 00:16:02.843,192
3,17.0,2022-08-05 00:16:02.653,192
3,16.0,2022-08-05 00:16:02.470,192
3,15.0,2022-08-05 00:16:02.287,192
3,14.0,2022-08-05 00:16:02.103,192
3,13.0,2022-08-05 00:16:01.913,192
3,12.0,2022-08-05 00:16:01.727,192
3,11.0,2022-08-05 00:16:01.543,192
3,10.0,2022-08-05 00:16:01.360,192
3,9.0,2022-08-05 00:16:01.173,192
3,8.0,2022-08-05 00:16:00.987,192
3,7.0,2022-08-05 00:16:00.820,192
3,6.0,2022-08-05 00:16:00.673,192
3,5.0,2022-08-05 00:16:00.487,192
3,4.0,2022-08-05 00:16:00.300,192
3,3.0,2022-08-05 00:16:00.113,192
3,2.0,2022-08-05 00:15:59.923,192
3,1.0,2022-08-05 00:15:59.737,192
3,0.0,2022-08-05 00:15:59.717,192
3,4722.0,2022-08-05 00:15:59.553,192
3,4721.0,2022-08-05 00:15:59.367,192
3,4720.0,2022-08-05 00:15:59.177,192
3,4719.0,2022-08-05 00:15:58.983,192
3,4718.0,2022-08-05 00:15:58.850,192
3,4717.0,2022-08-05 00:15:58.667,192
3,4716.0,2022-08-05 00:15:58.477,192
3,4715.0,2022-08-05 00:15:58.290,192
3,4714.0,2022-08-05 00:15:58.103,192
3,4713.0,2022-08-05 00:15:57.923,192
3,4712.0,2022-08-05 00:15:57.763,192
3,4711.0,2022-08-05 00:15:57.580,192
3,4710.0,2022-08-05 00:15:57.393,192
3,4709.0,2022-08-05 00:15:57.207,192
3,4708.0,2022-08-05 00:15:57.020,192
3,4707.0,2022-08-05 00:15:56.833,192
3,4706.0,2022-08-05 00:15:56.647,192
3,4705.0,2022-08-05 00:15:56.460,192
3,4704.0,2022-08-05 00:15:56.273,192
3,4703.0,2022-08-05 00:15:56.087,192
3,4702.0,2022-08-05 00:15:55.900,192
3,4701.0,2022-08-05 00:15:55.713,192
3,4700.0,2022-08-05 00:15:55.527,192
3,4699.0,2022-08-05 00:15:55.340,192
3,4698.0,2022-08-05 00:15:55.153,192
3,4697.0,2022-08-05 00:15:54.970,192
3,4696.0,2022-08-05 00:15:54.780,192
3,4695.0,2022-08-05 00:15:54.597,192
3,4694.0,2022-08-05 00:15:54.410,192
3,4693.0,2022-08-05 00:15:54.223,192
3,4692.0,2022-08-05 00:15:54.040,192
3,4691.0,2022-08-05 00:15:53.853,192
3,4690.0,2022-08-05 00:15:53.670,192
3,4689.0,2022-08-05 00:15:53.540,192
3,4688.0,2022-08-05 00:15:53.393,192
3,4687.0,2022-08-05 00:15:53.203,192
3,4686.0,2022-08-05 00:15:53.017,192
3,4685.0,2022-08-05 00:15:52.830,192
3,4684.0,2022-08-05 00:15:52.643,192
3,4683.0,2022-08-05 00:15:52.457,192
3,4682.0,2022-08-05 00:15:52.267,192
3,4681.0,2022-08-05 00:15:52.080,192
3,4680.0,2022-08-05 00:15:51.893,192
3,4679.0,2022-08-05 00:15:51.707,192
3,4678.0,2022-08-05 00:15:51.520,192
3,4677.0,2022-08-05 00:15:51.337,192
3,4676.0,2022-08-05 00:15:51.150,192
3,4675.0,2022-08-05 00:15:50.947,192
3,4674.0,2022-08-05 00:15:50.760,192
3,4673.0,2022-08-05 00:15:50.570,192
3,4672.0,2022-08-05 00:15:50.383,192
3,4671.0,2022-08-05 00:15:50.197,192
3,4670.0,2022-08-05 00:15:50.007,192
3,4669.0,2022-08-05 00:15:49.823,192
3,4668.0,2022-08-05 00:15:49.637,192
3,4667.0,2022-08-05 00:15:49.447,192
3,4666.0,2022-08-05 00:15:49.263,192
3,4665.0,2022-08-05 00:15:49.077,192
3,4664.0,2022-08-05 00:15:48.890,192
3,4663.0,2022-08-05 00:15:48.700,192
3,4662.0,2022-08-05 00:15:48.513,192
3,4661.0,2022-08-05 00:15:48.327,192
3,4660.0,2022-08-05 00:15:48.140,192
3,4659.0,2022-08-05 00:15:47.957,192
3,4658.0,2022-08-05 00:15:47.770,192
3,4657.0,2022-08-05 00:15:47.583,192
3,4656.0,2022-08-05 00:15:47.397,192
3,4655.0,2022-08-05 00:15:47.213,192
3,4654.0,2022-08-05 00:15:47.027,192
3,4653.0,2022-08-05 00:15:46.840,192
3,4652.0,2022-08-05 00:15:46.657,192
3,4651.0,2022-08-05 00:15:46.470,192
3,4650.0,2022-08-05 00:15:46.287,192
3,4649.0,2022-08-05 00:15:46.103,192
3,4648.0,2022-08-05 00:15:45.917,192
3,4647.0,2022-08-05 00:15:45.733,192
3,4646.0,2022-08-05 00:15:45.550,192
3,4645.0,2022-08-05 00:15:45.367,192
3,4644.0,2022-08-05 00:15:45.183,192
3,4643.0,2022-08-05 00:15:44.997,192
3,4642.0,2022-08-05 00:15:44.813,192
3,4641.0,2022-08-05 00:15:44.627,192
3,4640.0,2022-08-05 00:15:44.443,192
3,4639.0,2022-08-05 00:15:44.260,192
3,4638.0,2022-08-05 00:15:44.073,192
3,4637.0,2022-08-05 00:15:43.890,192
3,4636.0,2022-08-05 00:15:43.707,192
3,4635.0,2022-08-05 00:15:43.520,192
3,4634.0,2022-08-05 00:15:43.337,192
3,4633.0,2022-08-05 00:15:43.150,192
3,4632.0,2022-08-05 00:15:42.963,192
3,4631.0,2022-08-05 00:15:42.777,192
3,4630.0,2022-08-05 00:15:42.580,192
3,4629.0,2022-08-05 00:15:42.393,192
3,4628.0,2022-08-05 00:15:42.207,192
3,4627.0,2022-08-05 00:15:42.023,192
3,4626.0,2022-08-05 00:15:41.837,192
3,4625.0,2022-08-05 00:15:41.653,192
3,4624.0,2022-08-05 00:15:41.467,192
3,4623.0,2022-08-05 00:15:41.283,192
3,4622.0,2022-08-05 00:15:41.097,192
3,4621.0,2022-08-05 00:15:40.910,192
3,4620.0,2022-08-05 00:15:40.727,192
3,4619.0,2022-08-05 00:15:40.540,192
3,4618.0,2022-08-05 00:15:40.353,192
3,4617.0,2022-08-05 00:15:40.170,192
3,4616.0,2022-08-05 00:15:39.987,192
3,4615.0,2022-08-05 00:15:39.800,192
3,4614.0,2022-08-05 00:15:39.613,192
3,4613.0,2022-08-05 00:15:39.430,192
3,4612.0,2022-08-05 00:15:39.247,192
3,4611.0,2022-08-05 00:15:39.063,192
3,4610.0,2022-08-05 00:15:38.877,192
3,4609.0,2022-08-05 00:15:38.693,192
3,4608.0,2022-08-05 00:15:38.507,192
3,4607.0,2022-08-05 00:15:38.323,192
3,4606.0,2022-08-05 00:15:38.137,192
3,4605.0,2022-08-05 00:15:37.953,192
3,4604.0,2022-08-05 00:15:37.767,192
3,4603.0,2022-08-05 00:15:37.587,192
3,4602.0,2022-08-05 00:15:37.400,192
3,4601.0,2022-08-05 00:15:37.217,192
3,4600.0,2022-08-05 00:15:37.033,192
3,4599.0,2022-08-05 00:15:36.847,192
3,4598.0,2022-08-05 00:15:36.660,192
3,4597.0,2022-08-05 00:15:36.477,192
3,4596.0,2022-08-05 00:15:36.293,192
3,4595.0,2022-08-05 00:15:36.107,192
3,4594.0,2022-08-05 00:15:35.920,192
3,4593.0,2022-08-05 00:15:35.733,192
3,4592.0,2022-08-05 00:15:35.547,192
3,4591.0,2022-08-05 00:15:35.363,192
3,4590.0,2022-08-05 00:15:35.177,192
3,4589.0,2022-08-05 00:15:34.993,192
3,4588.0,2022-08-05 00:15:34.807,192
3,4587.0,2022-08-05 00:15:34.623,192
3,4586.0,2022-08-05 00:15:34.437,192
3,4585.0,2022-08-05 00:15:34.253,192
3,4584.0,2022-08-05 00:15:34.070,192
3,4583.0,2022-08-05 00:15:33.887,192
3,4582.0,2022-08-05 00:15:33.700,192
3,4581.0,2022-08-05 00:15:33.517,192
3,4580.0,2022-08-05 00:15:33.333,192
3,4579.0,2022-08-05 00:15:33.147,192
3,4578.0,2022-08-05 00:15:32.963,192
3,4577.0,2022-08-05 00:15:32.777,192
3,4576.0,2022-08-05 00:15:32.593,192
3,4575.0,2022-08-05 00:15:32.407,192
3,4574.0,2022-08-05 00:15:32.223,192
3,4573.0,2022-08-05 00:15:32.037,192
3,4572.0,2022-08-05 00:15:31.853,192
3,4571.0,2022-08-05 00:15:31.670,192
3,4570.0,2022-08-05 00:15:31.487,192
3,4569.0,2022-08-05 00:15:31.300,192
3,4568.0,2022-08-05 00:15:31.113,192
3,4567.0,2022-08-05 00:15:30.927,192
3,4566.0,2022-08-05 00:15:30.743,192
3,4565.0,2022-08-05 00:15:30.560,192
3,4564.0,2022-08-05 00:15:30.373,192
3,4563.0,2022-08-05 00:15:30.187,192
3,4562.0,2022-08-05 00:15:30.000,192
3,4561.0,2022-08-05 00:15:29.813,192
3,4560.0,2022-08-05 00:15:29.630,192
3,4559.0,2022-08-05 00:15:29.443,192
3,4558.0,2022-08-05 00:15:29.260,192
3,4557.0,2022-08-05 00:15:29.073,192
3,4556.0,2022-08-05 00:15:28.887,192
3,4555.0,2022-08-05 00:15:28.700,192
3,4554.0,2022-08-05 00:15:28.517,192
3,4553.0,2022-08-05 00:15:28.330,192
3,4552.0,2022-08-05 00:15:28.147,192
3,4551.0,2022-08-05 00:15:27.960,192
3,4550.0,2022-08-05 00:15:27.777,192
3,4549.0,2022-08-05 00:15:27.590,192
3,4548.0,2022-08-05 00:15:27.403,192
3,4547.0,2022-08-05 00:15:27.217,192
3,4546.0,2022-08-05 00:15:27.033,192
3,4545.0,2022-08-05 00:15:26.850,192
3,4544.0,2022-08-05 00:15:26.667,192
3,4543.0,2022-08-05 00:15:26.480,192
3,4542.0,2022-08-05 00:15:26.297,192
3,4541.0,2022-08-05 00:15:26.110,192
3,4540.0,2022-08-05 00:15:25.930,192
3,4539.0,2022-08-05 00:15:25.743,192
3,4538.0,2022-08-05 00:15:25.557,192
3,4537.0,2022-08-05 00:15:25.373,192
3,4536.0,2022-08-05 00:15:25.187,192
3,4535.0,2022-08-05 00:15:25.003,192
3,4534.0,2022-08-05 00:15:24.820,192
3,4533.0,2022-08-05 00:15:24.633,192
3,4532.0,2022-08-05 00:15:24.447,192
3,4531.0,2022-08-05 00:15:24.260,192
3,4530.0,2022-08-05 00:15:24.077,192
3,4529.0,2022-08-05 00:15:23.890,192
3,4528.0,2022-08-05 00:15:23.707,192
3,4527.0,2022-08-05 00:15:23.520,192
3,4526.0,2022-08-05 00:15:23.337,192
3,4525.0,2022-08-05 00:15:23.150,192
3,4524.0,2022-08-05 00:15:22.963,192
3,4523.0,2022-08-05 00:15:22.777,192
3,4522.0,2022-08-05 00:15:22.593,192
3,4521.0,2022-08-05 00:15:22.410,192
3,4520.0,2022-08-05 00:15:22.227,192
3,4519.0,2022-08-05 00:15:22.040,192
3,4518.0,2022-08-05 00:15:21.853,192
3,4517.0,2022-08-05 00:15:21.667,192
3,4516.0,2022-08-05 00:15:21.483,192
3,4515.0,2022-08-05 00:15:21.297,192
3,4514.0,2022-08-05 00:15:21.110,192
3,4513.0,2022-08-05 00:15:20.927,192
3,4512.0,2022-08-05 00:15:20.740,192
3,4511.0,2022-08-05 00:15:20.553,192
3,4510.0,2022-08-05 00:15:20.370,192
3,4509.0,2022-08-05 00:15:20.183,192
3,4508.0,2022-08-05 00:15:20.000,192
3,4507.0,2022-08-05 00:15:19.813,192
3,4506.0,2022-08-05 00:15:19.630,192
3,4505.0,2022-08-05 00:15:19.443,192
3,4504.0,2022-08-05 00:15:19.260,192
3,4503.0,2022-08-05 00:15:19.073,192
3,4502.0,2022-08-05 00:15:18.887,192
3,4501.0,2022-08-05 00:15:18.700,192
3,4500.0,2022-08-05 00:15:18.517,192
3,4499.0,2022-08-05 00:15:18.333,192
3,4498.0,2022-08-05 00:15:18.150,192
3,4497.0,2022-08-05 00:15:17.963,192
3,4496.0,2022-08-05 00:15:17.780,192
3,4495.0,2022-08-05 00:15:17.593,192
3,4494.0,2022-08-05 00:15:17.410,192
3,4493.0,2022-08-05 00:15:17.227,192
3,4492.0,2022-08-05 00:15:17.040,192
3,4491.0,2022-08-05 00:15:16.857,192
3,4490.0,2022-08-05 00:15:16.670,192
3,4489.0,2022-08-05 00:15:16.487,192
3,4488.0,2022-08-05 00:15:16.303,192
3,4487.0,2022-08-05 00:15:16.120,192
3,4486.0,2022-08-05 00:15:15.937,192
3,4485.0,2022-08-05 00:15:15.750,192
3,4484.0,2022-08-05 00:15:15.563,192
3,4483.0,2022-08-05 00:15:15.377,192
3,4482.0,2022-08-05 00:15:15.193,192
3,4481.0,2022-08-05 00:15:15.007,192
3,4480.0,2022-08-05 00:15:14.823,192
3,4479.0,2022-08-05 00:15:14.637,192
3,4478.0,2022-08-05 00:15:14.453,192
3,4477.0,2022-08-05 00:15:14.270,192
3,4476.0,2022-08-05 00:15:14.083,192
3,4475.0,2022-08-05 00:15:13.900,192
3,4474.0,2022-08-05 00:15:13.713,192
3,4473.0,2022-08-05 00:15:13.530,192
3,4472.0,2022-08-05 00:15:13.343,192
3,4471.0,2022-08-05 00:15:13.157,192
3,4470.0,2022-08-05 00:15:12.973,192
3,4469.0,2022-08-05 00:15:12.787,192
3,4468.0,2022-08-05 00:15:12.600,192
3,4467.0,2022-08-05 00:15:12.417,192
3,4466.0,2022-08-05 00:15:12.233,192
3,4465.0,2022-08-05 00:15:12.047,192
3,4464.0,2022-08-05 00:15:11.863,192
3,4463.0,2022-08-05 00:15:11.677,192
3,4462.0,2022-08-05 00:15:11.493,192
3,4461.0,2022-08-05 00:15:11.310,192
3,4460.0,2022-08-05 00:15:11.123,192
3,4459.0,2022-08-05 00:15:10.940,192
3,4458.0,2022-08-05 00:15:10.757,192
3,4457.0,2022-08-05 00:15:10.570,192
3,4456.0,2022-08-05 00:15:10.387,192
3,4455.0,2022-08-05 00:15:10.200,192
3,4454.0,2022-08-05 00:15:10.017,192
3,4453.0,2022-08-05 00:15:09.830,192
3,4452.0,2022-08-05 00:15:09.643,192
3,4451.0,2022-08-05 00:15:09.460,192
3,4450.0,2022-08-05 00:15:09.273,192
3,4449.0,2022-08-05 00:15:09.087,192
3,4448.0,2022-08-05 00:15:08.903,192
3,4447.0,2022-08-05 00:15:08.717,192
3,4446.0,2022-08-05 00:15:08.533,192
3,4445.0,2022-08-05 00:15:08.347,192
3,4444.0,2022-08-05 00:15:08.160,192
3,4443.0,2022-08-05 00:15:07.977,192
3,4442.0,2022-08-05 00:15:07.790,192
3,4441.0,2022-08-05 00:15:07.603,192
3,4440.0,2022-08-05 00:15:07.420,192
3,4439.0,2022-08-05 00:15:07.233,192
3,4438.0,2022-08-05 00:15:07.050,192
3,4437.0,2022-08-05 00:15:06.867,192
3,4436.0,2022-08-05 00:15:06.680,192
3,4435.0,2022-08-05 00:15:06.497,192
3,4434.0,2022-08-05 00:15:06.310,192
3,4433.0,2022-08-05 00:15:06.127,192
3,4432.0,2022-08-05 00:15:05.943,192
3,4431.0,2022-08-05 00:15:05.757,192
3,4430.0,2022-08-05 00:15:05.570,192
3,4429.0,2022-08-05 00:15:05.387,192
3,4428.0,2022-08-05 00:15:05.203,192
3,4427.0,2022-08-05 00:15:05.017,192
3,4426.0,2022-08-05 00:15:04.833,192
3,4425.0,2022-08-05 00:15:04.647,192
3,4424.0,2022-08-05 00:15:04.467,192
3,4423.0,2022-08-05 00:15:04.280,192
3,4422.0,2022-08-05 00:15:04.097,192
3,4421.0,2022-08-05 00:15:03.913,192
3,4420.0,2022-08-05 00:15:03.727,192
3,4419.0,2022-08-05 00:15:03.547,192
3,4418.0,2022-08-05 00:15:03.360,192
3,4417.0,2022-08-05 00:15:03.173,192
3,4416.0,2022-08-05 00:15:02.990,192
3,4415.0,2022-08-05 00:15:02.803,192
3,4414.0,2022-08-05 00:15:02.620,192
3,4413.0,2022-08-05 00:15:02.433,192
3,4412.0,2022-08-05 00:15:02.247,192
3,4411.0,2022-08-05 00:15:02.063,192
3,4410.0,2022-08-05 00:15:01.880,192
3,4409.0,2022-08-05 00:15:01.697,192
3,4408.0,2022-08-05 00:15:01.510,192
3,4407.0,2022-08-05 00:15:01.327,192
3,4406.0,2022-08-05 00:15:01.140,192
3,4405.0,2022-08-05 00:15:00.957,192
3,4404.0,2022-08-05 00:15:00.770,192
3,4403.0,2022-08-05 00:15:00.587,192
3,4402.0,2022-08-05 00:15:00.400,192
3,4401.0,2022-08-05 00:15:00.213,192
3,4400.0,2022-08-05 00:15:00.030,192
3,4399.0,2022-08-05 00:14:59.843,192
3,4398.0,2022-08-05 00:14:59.657,192
3,4397.0,2022-08-05 00:14:59.473,192
3,4396.0,2022-08-05 00:14:59.290,192
3,4395.0,2022-08-05 00:14:59.103,192
3,4394.0,2022-08-05 00:14:58.920,192
3,4393.0,2022-08-05 00:14:58.733,192
3,4392.0,2022-08-05 00:14:58.550,192
3,4391.0,2022-08-05 00:14:58.363,192
3,4390.0,2022-08-05 00:14:58.177,192
3,4389.0,2022-08-05 00:14:57.990,192
3,4388.0,2022-08-05 00:14:57.807,192
3,4387.0,2022-08-05 00:14:57.623,192
3,4386.0,2022-08-05 00:14:57.437,192
3,4385.0,2022-08-05 00:14:57.253,192
3,4384.0,2022-08-05 00:14:57.067,192
3,4383.0,2022-08-05 00:14:56.883,192
3,4382.0,2022-08-05 00:14:56.700,192
3,4381.0,2022-08-05 00:14:56.513,192
3,4380.0,2022-08-05 00:14:56.330,192
3,4379.0,2022-08-05 00:14:56.147,192
3,4378.0,2022-08-05 00:14:55.960,192
3,4377.0,2022-08-05 00:14:55.777,192
3,4376.0,2022-08-05 00:14:55.590,192
3,4375.0,2022-08-05 00:14:55.407,192
3,4374.0,2022-08-05 00:14:55.223,192
3,4373.0,2022-08-05 00:14:55.040,192
3,4372.0,2022-08-05 00:14:54.853,192
3,4371.0,2022-08-05 00:14:54.670,192
3,4370.0,2022-08-05 00:14:54.487,192
3,4369.0,2022-08-05 00:14:54.300,192
3,4368.0,2022-08-05 00:14:54.113,192
3,4367.0,2022-08-05 00:14:53.927,192
3,4366.0,2022-08-05 00:14:53.743,192
3,4365.0,2022-08-05 00:14:53.557,192
3,4364.0,2022-08-05 00:14:53.373,192
3,4363.0,2022-08-05 00:14:53.190,192
3,4362.0,2022-08-05 00:14:53.003,192
3,4361.0,2022-08-05 00:14:52.820,192
3,4360.0,2022-08-05 00:14:52.633,192
3,4359.0,2022-08-05 00:14:52.450,192
3,4358.0,2022-08-05 00:14:52.260,192
3,4357.0,2022-08-05 00:14:52.073,192
3,4356.0,2022-08-05 00:14:51.887,192
3,4355.0,2022-08-05 00:14:51.703,192
3,4354.0,2022-08-05 00:14:51.517,192
3,4353.0,2022-08-05 00:14:51.330,192
3,4352.0,2022-08-05 00:14:51.143,192
3,4351.0,2022-08-05 00:14:50.960,192
3,4350.0,2022-08-05 00:14:50.773,192
3,4349.0,2022-08-05 00:14:50.587,192
3,4348.0,2022-08-05 00:14:50.403,192
3,4347.0,2022-08-05 00:14:50.213,192
3,4346.0,2022-08-05 00:14:50.027,192
3,4345.0,2022-08-05 00:14:49.840,192
3,4344.0,2022-08-05 00:14:49.657,192
3,4343.0,2022-08-05 00:14:49.473,192
3,4342.0,2022-08-05 00:14:49.287,192
3,4341.0,2022-08-05 00:14:49.100,192
3,4340.0,2022-08-05 00:14:48.913,192
3,4339.0,2022-08-05 00:14:48.730,192
3,4338.0,2022-08-05 00:14:48.547,192
3,4337.0,2022-08-05 00:14:48.363,192
3,4336.0,2022-08-05 00:14:48.177,192
3,4335.0,2022-08-05 00:14:47.993,192
3,4334.0,2022-08-05 00:14:47.807,192
3,4333.0,2022-08-05 00:14:47.623,192
3,4332.0,2022-08-05 00:14:47.437,192
3,4331.0,2022-08-05 00:14:47.250,192
3,4330.0,2022-08-05 00:14:47.063,192
3,4329.0,2022-08-05 00:14:46.880,192
3,4328.0,2022-08-05 00:14:46.693,192
3,4327.0,2022-08-05 00:14:46.510,192
3,4326.0,2022-08-05 00:14:46.327,192
3,4325.0,2022-08-05 00:14:46.143,192
3,4324.0,2022-08-05 00:14:45.960,192
3,4323.0,2022-08-05 00:14:45.773,192
3,4322.0,2022-08-05 00:14:45.583,192
3,4321.0,2022-08-05 00:14:45.400,192
3,4320.0,2022-08-05 00:14:45.217,192
3,4319.0,2022-08-05 00:14:45.030,192
3,4318.0,2022-08-05 00:14:44.843,192
3,4317.0,2022-08-05 00:14:44.660,192
3,4316.0,2022-08-05 00:14:44.477,192
3,4315.0,2022-08-05 00:14:44.290,192
3,4314.0,2022-08-05 00:14:44.107,192
3,4313.0,2022-08-05 00:14:43.920,192
3,4312.0,2022-08-05 00:14:43.733,192
3,4311.0,2022-08-05 00:14:43.550,192
3,4310.0,2022-08-05 00:14:43.363,192
3,4309.0,2022-08-05 00:14:43.180,192
3,4308.0,2022-08-05 00:14:42.993,192
3,4307.0,2022-08-05 00:14:42.810,192
3,4306.0,2022-08-05 00:14:42.623,192
3,4305.0,2022-08-05 00:14:42.437,192
3,4304.0,2022-08-05 00:14:42.257,192
3,4303.0,2022-08-05 00:14:42.067,192
3,4302.0,2022-08-05 00:14:41.880,192
3,4301.0,2022-08-05 00:14:41.697,192
3,4300.0,2022-08-05 00:14:41.513,192
3,4299.0,2022-08-05 00:14:41.330,192
3,4298.0,2022-08-05 00:14:41.143,192
3,4297.0,2022-08-05 00:14:40.960,192
3,4296.0,2022-08-05 00:14:40.773,192
3,4295.0,2022-08-05 00:14:40.590,192
3,4294.0,2022-08-05 00:14:40.407,192
3,4293.0,2022-08-05 00:14:40.220,192
3,4292.0,2022-08-05 00:14:40.037,192
3,4291.0,2022-08-05 00:14:39.850,192
3,4290.0,2022-08-05 00:14:39.667,192
3,4289.0,2022-08-05 00:14:39.483,192
3,4288.0,2022-08-05 00:14:39.297,192
3,4287.0,2022-08-05 00:14:39.117,192
3,4286.0,2022-08-05 00:14:38.930,192
3,4285.0,2022-08-05 00:14:38.747,192
3,4284.0,2022-08-05 00:14:38.560,192
3,4283.0,2022-08-05 00:14:38.377,192
3,4282.0,2022-08-05 00:14:38.193,192
3,4281.0,2022-08-05 00:14:38.003,192
3,4280.0,2022-08-05 00:14:37.820,192
3,4279.0,2022-08-05 00:14:37.637,192
3,4278.0,2022-08-05 00:14:37.453,192
3,4277.0,2022-08-05 00:14:37.267,192
3,4276.0,2022-08-05 00:14:37.083,192
3,4275.0,2022-08-05 00:14:36.900,192
3,4274.0,2022-08-05 00:14:36.710,192
3,4273.0,2022-08-05 00:14:36.527,192
3,4272.0,2022-08-05 00:14:36.343,192
3,4271.0,2022-08-05 00:14:36.157,192
3,4270.0,2022-08-05 00:14:35.973,192
3,4269.0,2022-08-05 00:14:35.787,192
3,4268.0,2022-08-05 00:14:35.603,192
3,4267.0,2022-08-05 00:14:35.420,192
3,4266.0,2022-08-05 00:14:35.233,192
3,4265.0,2022-08-05 00:14:35.050,192
3,4264.0,2022-08-05 00:14:34.867,192
3,4263.0,2022-08-05 00:14:34.680,192
3,4262.0,2022-08-05 00:14:34.493,192
3,4261.0,2022-08-05 00:14:34.310,192
3,4260.0,2022-08-05 00:14:34.127,192
3,4259.0,2022-08-05 00:14:33.940,192
3,4258.0,2022-08-05 00:14:33.757,192
3,4257.0,2022-08-05 00:14:33.573,192
3,4256.0,2022-08-05 00:14:33.387,192
3,4255.0,2022-08-05 00:14:33.203,192
3,4254.0,2022-08-05 00:14:33.020,192
3,4253.0,2022-08-05 00:14:32.833,192
3,4252.0,2022-08-05 00:14:32.650,192
3,4251.0,2022-08-05 00:14:32.463,192
3,4250.0,2022-08-05 00:14:32.280,192
3,4249.0,2022-08-05 00:14:32.093,192
3,4248.0,2022-08-05 00:14:31.907,192
3,4247.0,2022-08-05 00:14:31.720,192
3,4246.0,2022-08-05 00:14:31.537,192
3,4245.0,2022-08-05 00:14:31.350,192
3,4244.0,2022-08-05 00:14:31.163,192
3,4243.0,2022-08-05 00:14:30.980,192
3,4242.0,2022-08-05 00:14:30.793,192
3,4241.0,2022-08-05 00:14:30.610,192
3,4240.0,2022-08-05 00:14:30.423,192
3,4239.0,2022-08-05 00:14:30.237,192
3,4238.0,2022-08-05 00:14:30.050,192
3,4237.0,2022-08-05 00:14:29.867,192
3,4236.0,2022-08-05 00:14:29.683,192
3,4235.0,2022-08-05 00:14:29.497,192
3,4234.0,2022-08-05 00:14:29.313,192
3,4233.0,2022-08-05 00:14:29.127,192
3,4232.0,2022-08-05 00:14:28.943,192
3,4231.0,2022-08-05 00:14:28.757,192
3,4230.0,2022-08-05 00:14:28.573,192
3,4229.0,2022-08-05 00:14:28.387,192
3,4228.0,2022-08-05 00:14:28.203,192
3,4227.0,2022-08-05 00:14:28.017,192
3,4226.0,2022-08-05 00:14:27.833,192
3,4225.0,2022-08-05 00:14:27.647,192
3,4224.0,2022-08-05 00:14:27.463,192
3,4223.0,2022-08-05 00:14:27.280,192
3,4222.0,2022-08-05 00:14:27.097,192
3,4221.0,2022-08-05 00:14:26.910,192
3,4220.0,2022-08-05 00:14:26.723,192
3,4219.0,2022-08-05 00:14:26.540,192
3,4218.0,2022-08-05 00:14:26.353,192
3,4217.0,2022-08-05 00:14:26.170,192
3,4216.0,2022-08-05 00:14:25.987,192
3,4215.0,2022-08-05 00:14:25.800,192
3,4214.0,2022-08-05 00:14:25.613,192
3,4213.0,2022-08-05 00:14:25.430,192
3,4212.0,2022-08-05 00:14:25.243,192
3,4211.0,2022-08-05 00:14:25.057,192
3,4210.0,2022-08-05 00:14:24.870,192
3,4209.0,2022-08-05 00:14:24.683,192
3,4208.0,2022-08-05 00:14:24.500,192
3,4207.0,2022-08-05 00:14:24.313,192
3,4206.0,2022-08-05 00:14:24.130,192
3,4205.0,2022-08-05 00:14:23.947,192
3,4204.0,2022-08-05 00:14:23.757,192
3,4203.0,2022-08-05 00:14:23.573,192
3,4202.0,2022-08-05 00:14:23.387,192
3,4201.0,2022-08-05 00:14:23.203,192
3,4200.0,2022-08-05 00:14:23.020,192
3,4199.0,2022-08-05 00:14:22.837,192
3,4198.0,2022-08-05 00:14:22.650,192
3,4197.0,2022-08-05 00:14:22.467,192
3,4196.0,2022-08-05 00:14:22.283,192
3,4195.0,2022-08-05 00:14:22.097,192
3,4194.0,2022-08-05 00:14:21.913,192
3,4193.0,2022-08-05 00:14:21.727,192
3,4192.0,2022-08-05 00:14:21.543,192
3,4191.0,2022-08-05 00:14:21.357,192
3,4190.0,2022-08-05 00:14:21.173,192
3,4189.0,2022-08-05 00:14:20.987,192
3,4188.0,2022-08-05 00:14:20.803,192
3,4187.0,2022-08-05 00:14:20.617,192
3,4186.0,2022-08-05 00:14:20.433,192
3,4185.0,2022-08-05 00:14:20.250,192
3,4184.0,2022-08-05 00:14:20.063,192
3,4183.0,2022-08-05 00:14:19.877,192
3,4182.0,2022-08-05 00:14:19.693,192
3,4181.0,2022-08-05 00:14:19.507,192
3,4180.0,2022-08-05 00:14:19.320,192
3,4179.0,2022-08-05 00:14:19.137,192
3,4178.0,2022-08-05 00:14:18.950,192
3,4177.0,2022-08-05 00:14:18.763,192
3,4176.0,2022-08-05 00:14:18.580,192
3,4175.0,2022-08-05 00:14:18.393,192
3,4174.0,2022-08-05 00:14:18.207,192
3,4173.0,2022-08-05 00:14:18.020,192
3,4172.0,2022-08-05 00:14:17.837,192
3,4171.0,2022-08-05 00:14:17.653,192
3,4170.0,2022-08-05 00:14:17.467,192
3,4169.0,2022-08-05 00:14:17.283,192
3,4168.0,2022-08-05 00:14:17.097,192
3,4167.0,2022-08-05 00:14:16.913,192
3,4166.0,2022-08-05 00:14:16.730,192
3,4165.0,2022-08-05 00:14:16.543,192
3,4164.0,2022-08-05 00:14:16.357,192
3,4163.0,2022-08-05 00:14:16.173,192
3,4162.0,2022-08-05 00:14:15.987,192
3,4161.0,2022-08-05 00:14:15.803,192
3,4160.0,2022-08-05 00:14:15.617,192
3,4159.0,2022-08-05 00:14:15.433,192
3,4158.0,2022-08-05 00:14:15.250,192
3,4157.0,2022-08-05 00:14:15.060,192
3,4156.0,2022-08-05 00:14:14.877,192
3,4155.0,2022-08-05 00:14:14.690,192
3,4154.0,2022-08-05 00:14:14.507,192
3,4153.0,2022-08-05 00:14:14.320,192
3,4152.0,2022-08-05 00:14:14.137,192
3,4151.0,2022-08-05 00:14:13.950,192
3,4150.0,2022-08-05 00:14:13.763,192
3,4149.0,2022-08-05 00:14:13.577,192
3,4148.0,2022-08-05 00:14:13.393,192
3,4147.0,2022-08-05 00:14:13.210,192
3,4146.0,2022-08-05 00:14:13.023,192
3,4145.0,2022-08-05 00:14:12.840,192
3,4144.0,2022-08-05 00:14:12.657,192
3,4143.0,2022-08-05 00:14:12.470,192
3,4142.0,2022-08-05 00:14:12.287,192
3,4141.0,2022-08-05 00:14:12.103,192
3,4140.0,2022-08-05 00:14:11.920,192
3,4139.0,2022-08-05 00:14:11.733,192
3,4138.0,2022-08-05 00:14:11.550,192
3,4137.0,2022-08-05 00:14:11.363,192
3,4136.0,2022-08-05 00:14:11.180,192
3,4135.0,2022-08-05 00:14:10.993,192
3,4134.0,2022-08-05 00:14:10.810,192
3,4133.0,2022-08-05 00:14:10.627,192
3,4132.0,2022-08-05 00:14:10.440,192
3,4131.0,2022-08-05 00:14:10.257,192
3,4130.0,2022-08-05 00:14:10.073,192
3,4129.0,2022-08-05 00:14:09.887,192
3,4128.0,2022-08-05 00:14:09.703,192
3,4127.0,2022-08-05 00:14:09.520,192
3,4126.0,2022-08-05 00:14:09.337,192
3,4125.0,2022-08-05 00:14:09.150,192
3,4124.0,2022-08-05 00:14:08.963,192
3,4123.0,2022-08-05 00:14:08.780,192
3,4122.0,2022-08-05 00:14:08.597,192
3,4121.0,2022-08-05 00:14:08.410,192
3,4120.0,2022-08-05 00:14:08.227,192
3,4119.0,2022-08-05 00:14:08.040,192
3,4118.0,2022-08-05 00:14:07.853,192
3,4117.0,2022-08-05 00:14:07.670,192
3,4116.0,2022-08-05 00:14:07.483,192
3,4115.0,2022-08-05 00:14:07.300,192
3,4114.0,2022-08-05 00:14:07.113,192
3,4113.0,2022-08-05 00:14:06.927,192
3,4112.0,2022-08-05 00:14:06.740,192
3,4111.0,2022-08-05 00:14:06.557,192
3,4110.0,2022-08-05 00:14:06.370,192
3,4109.0,2022-08-05 00:14:06.187,192
3,4108.0,2022-08-05 00:14:05.997,192
3,4107.0,2022-08-05 00:14:05.810,192
3,4106.0,2022-08-05 00:14:05.627,192
3,4105.0,2022-08-05 00:14:05.440,192
3,4104.0,2022-08-05 00:14:05.257,192
3,4103.0,2022-08-05 00:14:05.070,192
3,4102.0,2022-08-05 00:14:04.883,192
3,4101.0,2022-08-05 00:14:04.700,192
3,4100.0,2022-08-05 00:14:04.517,192
3,4099.0,2022-08-05 00:14:04.330,192
3,4098.0,2022-08-05 00:14:04.143,192
3,4097.0,2022-08-05 00:14:03.960,192
3,4096.0,2022-08-05 00:14:03.773,192
3,4095.0,2022-08-05 00:14:03.587,192
3,4094.0,2022-08-05 00:14:03.403,192
3,4093.0,2022-08-05 00:14:03.220,192
3,4092.0,2022-08-05 00:14:03.033,192
3,4091.0,2022-08-05 00:14:02.850,192
3,4090.0,2022-08-05 00:14:02.667,192
3,4089.0,2022-08-05 00:14:02.483,192
3,4088.0,2022-08-05 00:14:02.297,192
3,4087.0,2022-08-05 00:14:02.113,192
3,4086.0,2022-08-05 00:14:01.927,192
3,4085.0,2022-08-05 00:14:01.743,192
3,4084.0,2022-08-05 00:14:01.557,192
3,4083.0,2022-08-05 00:14:01.373,192
3,4082.0,2022-08-05 00:14:01.190,192
3,4081.0,2022-08-05 00:14:01.003,192
3,4080.0,2022-08-05 00:14:00.813,192
3,4079.0,2022-08-05 00:14:00.627,192
3,4078.0,2022-08-05 00:14:00.443,192
3,4077.0,2022-08-05 00:14:00.257,192
3,4076.0,2022-08-05 00:14:00.073,192
3,4075.0,2022-08-05 00:13:59.890,192
3,4074.0,2022-08-05 00:13:59.703,192
3,4073.0,2022-08-05 00:13:59.517,192
3,4072.0,2022-08-05 00:13:59.330,192
3,4071.0,2022-08-05 00:13:59.143,192
3,4070.0,2022-08-05 00:13:58.957,192
3,4069.0,2022-08-05 00:13:58.770,192
3,4068.0,2022-08-05 00:13:58.583,192
3,4067.0,2022-08-05 00:13:58.397,192
3,4066.0,2022-08-05 00:13:58.210,192
3,4065.0,2022-08-05 00:13:58.027,192
3,4064.0,2022-08-05 00:13:57.843,192
3,4063.0,2022-08-05 00:13:57.653,192
3,4062.0,2022-08-05 00:13:57.467,192
3,4061.0,2022-08-05 00:13:57.280,192
3,4060.0,2022-08-05 00:13:57.097,192
3,4059.0,2022-08-05 00:13:56.910,192
3,4058.0,2022-08-05 00:13:56.723,192
3,4057.0,2022-08-05 00:13:56.540,192
3,4056.0,2022-08-05 00:13:56.353,192
3,4055.0,2022-08-05 00:13:56.167,192
3,4054.0,2022-08-05 00:13:55.980,192
3,4053.0,2022-08-05 00:13:55.793,192
3,4052.0,2022-08-05 00:13:55.610,192
3,4051.0,2022-08-05 00:13:55.423,192
3,4050.0,2022-08-05 00:13:55.233,192
3,4049.0,2022-08-05 00:13:55.050,192
3,4048.0,2022-08-05 00:13:54.863,192
3,4047.0,2022-08-05 00:13:54.677,192
3,4046.0,2022-08-05 00:13:54.490,192
3,4045.0,2022-08-05 00:13:54.303,192
3,4044.0,2022-08-05 00:13:54.117,192
3,4043.0,2022-08-05 00:13:53.933,192
3,4042.0,2022-08-05 00:13:53.743,192
3,4041.0,2022-08-05 00:13:53.563,192
3,4040.0,2022-08-05 00:13:53.377,192
3,4039.0,2022-08-05 00:13:53.193,192
3,4038.0,2022-08-05 00:13:53.007,192
3,4037.0,2022-08-05 00:13:52.820,192
3,4036.0,2022-08-05 00:13:52.633,192
3,4035.0,2022-08-05 00:13:52.447,192
3,4034.0,2022-08-05 00:13:52.260,192
3,4033.0,2022-08-05 00:13:52.077,192
3,4032.0,2022-08-05 00:13:51.893,192
3,4031.0,2022-08-05 00:13:51.707,192
3,4030.0,2022-08-05 00:13:51.523,192
3,4029.0,2022-08-05 00:13:51.340,192
3,4028.0,2022-08-05 00:13:51.150,192
3,4027.0,2022-08-05 00:13:50.967,192
3,4026.0,2022-08-05 00:13:50.780,192
3,4025.0,2022-08-05 00:13:50.593,192
3,4024.0,2022-08-05 00:13:50.407,192
3,4023.0,2022-08-05 00:13:50.223,192
3,4022.0,2022-08-05 00:13:50.040,192
3,4021.0,2022-08-05 00:13:49.853,192
3,4020.0,2022-08-05 00:13:49.667,192
3,4019.0,2022-08-05 00:13:49.480,192
3,4018.0,2022-08-05 00:13:49.300,192
3,4017.0,2022-08-05 00:13:49.113,192
3,4016.0,2022-08-05 00:13:48.927,192
3,4015.0,2022-08-05 00:13:48.740,192
3,4014.0,2022-08-05 00:13:48.553,192
3,4013.0,2022-08-05 00:13:48.370,192
3,4012.0,2022-08-05 00:13:48.183,192
3,4011.0,2022-08-05 00:13:48.000,192
3,4010.0,2022-08-05 00:13:47.813,192
3,4009.0,2022-08-05 00:13:47.623,192
3,4008.0,2022-08-05 00:13:47.437,192
3,4007.0,2022-08-05 00:13:47.253,192
3,4006.0,2022-08-05 00:13:47.067,192
3,4005.0,2022-08-05 00:13:46.880,192
3,4004.0,2022-08-05 00:13:46.693,192
3,4003.0,2022-08-05 00:13:46.507,192
3,4002.0,2022-08-05 00:13:46.320,192
3,4001.0,2022-08-05 00:13:46.133,192
3,4000.0,2022-08-05 00:13:45.947,192
3,3999.0,2022-08-05 00:13:45.763,192
3,3998.0,2022-08-05 00:13:45.577,192
3,3997.0,2022-08-05 00:13:45.390,192
3,3996.0,2022-08-05 00:13:45.203,192
3,3995.0,2022-08-05 00:13:45.017,192
3,3994.0,2022-08-05 00:13:44.830,192
3,3993.0,2022-08-05 00:13:44.647,192
3,3992.0,2022-08-05 00:13:44.463,192
3,3991.0,2022-08-05 00:13:44.273,192
3,3990.0,2022-08-05 00:13:44.090,192
3,3989.0,2022-08-05 00:13:43.907,192
3,3988.0,2022-08-05 00:13:43.720,192
3,3987.0,2022-08-05 00:13:43.533,192
3,3986.0,2022-08-05 00:13:43.350,192
3,3985.0,2022-08-05 00:13:43.163,192
3,3984.0,2022-08-05 00:13:42.980,192
3,3983.0,2022-08-05 00:13:42.793,192
3,3982.0,2022-08-05 00:13:42.613,192
3,3981.0,2022-08-05 00:13:42.427,192
3,3980.0,2022-08-05 00:13:42.240,192
3,3979.0,2022-08-05 00:13:42.057,192
3,3978.0,2022-08-05 00:13:41.873,192
3,3977.0,2022-08-05 00:13:41.687,192
3,3976.0,2022-08-05 00:13:41.500,192
3,3975.0,2022-08-05 00:13:41.313,192
3,3974.0,2022-08-05 00:13:41.127,192
3,3973.0,2022-08-05 00:13:40.940,192
3,3972.0,2022-08-05 00:13:40.757,192
3,3971.0,2022-08-05 00:13:40.570,192
3,3970.0,2022-08-05 00:13:40.383,192
3,3969.0,2022-08-05 00:13:40.197,192
3,3968.0,2022-08-05 00:13:40.010,192
3,3967.0,2022-08-05 00:13:39.827,192
3,3966.0,2022-08-05 00:13:39.640,192
3,3965.0,2022-08-05 00:13:39.453,192
3,3964.0,2022-08-05 00:13:39.270,192
3,3963.0,2022-08-05 00:13:39.083,192
3,3962.0,2022-08-05 00:13:38.897,192
3,3961.0,2022-08-05 00:13:38.710,192
3,3960.0,2022-08-05 00:13:38.527,192
3,3959.0,2022-08-05 00:13:38.343,192
3,3958.0,2022-08-05 00:13:38.157,192
3,3957.0,2022-08-05 00:13:37.973,192
3,3956.0,2022-08-05 00:13:37.787,192
3,3955.0,2022-08-05 00:13:37.600,192
3,3954.0,2022-08-05 00:13:37.413,192
3,3953.0,2022-08-05 00:13:37.230,192
3,3952.0,2022-08-05 00:13:37.043,192
3,3951.0,2022-08-05 00:13:36.860,192
3,3950.0,2022-08-05 00:13:36.677,192
3,3949.0,2022-08-05 00:13:36.487,192
3,3948.0,2022-08-05 00:13:36.300,192
3,3947.0,2022-08-05 00:13:36.113,192
3,3946.0,2022-08-05 00:13:35.930,192
3,3945.0,2022-08-05 00:13:35.743,192
3,3944.0,2022-08-05 00:13:35.553,192
3,3943.0,2022-08-05 00:13:35.367,192
3,3942.0,2022-08-05 00:13:35.180,192
3,3941.0,2022-08-05 00:13:34.997,192
3,3940.0,2022-08-05 00:13:34.810,192
3,3939.0,2022-08-05 00:13:34.627,192
3,3938.0,2022-08-05 00:13:34.440,192
3,3937.0,2022-08-05 00:13:34.253,192
3,3936.0,2022-08-05 00:13:34.063,192
3,3935.0,2022-08-05 00:13:33.880,192
3,3934.0,2022-08-05 00:13:33.690,192
3,3933.0,2022-08-05 00:13:33.507,192
3,3932.0,2022-08-05 00:13:33.323,192
3,3931.0,2022-08-05 00:13:33.137,192
3,3930.0,2022-08-05 00:13:32.950,192
3,3929.0,2022-08-05 00:13:32.763,192
3,3928.0,2022-08-05 00:13:32.580,192
3,3927.0,2022-08-05 00:13:32.397,192
3,3926.0,2022-08-05 00:13:32.213,192
3,3925.0,2022-08-05 00:13:32.027,192
3,3924.0,2022-08-05 00:13:31.840,192
3,3923.0,2022-08-05 00:13:31.653,192
3,3922.0,2022-08-05 00:13:31.470,192
3,3921.0,2022-08-05 00:13:31.287,192
3,3920.0,2022-08-05 00:13:31.097,192
3,3919.0,2022-08-05 00:13:30.910,192
3,3918.0,2022-08-05 00:13:30.727,192
3,3917.0,2022-08-05 00:13:30.540,192
3,3916.0,2022-08-05 00:13:30.353,192
3,3915.0,2022-08-05 00:13:30.167,192
3,3914.0,2022-08-05 00:13:29.980,192
3,3913.0,2022-08-05 00:13:29.793,192
3,3912.0,2022-08-05 00:13:29.607,192
3,3911.0,2022-08-05 00:13:29.420,192
3,3910.0,2022-08-05 00:13:29.237,192
3,3909.0,2022-08-05 00:13:29.050,192
3,3908.0,2022-08-05 00:13:28.863,192
3,3907.0,2022-08-05 00:13:28.680,192
3,3906.0,2022-08-05 00:13:28.497,192
3,3905.0,2022-08-05 00:13:28.310,192
3,3904.0,2022-08-05 00:13:28.127,192
3,3903.0,2022-08-05 00:13:27.940,192
3,3902.0,2022-08-05 00:13:27.757,192
3,3901.0,2022-08-05 00:13:27.570,192
3,3900.0,2022-08-05 00:13:27.383,192
3,3899.0,2022-08-05 00:13:27.197,192
3,3898.0,2022-08-05 00:13:27.010,192
3,3897.0,2022-08-05 00:13:26.823,192
3,3896.0,2022-08-05 00:13:26.633,192
3,3895.0,2022-08-05 00:13:26.450,192
3,3894.0,2022-08-05 00:13:26.263,192
3,3893.0,2022-08-05 00:13:26.077,192
3,3892.0,2022-08-05 00:13:25.893,192
3,3891.0,2022-08-05 00:13:25.707,192
3,3890.0,2022-08-05 00:13:25.517,192
3,3889.0,2022-08-05 00:13:25.330,192
3,3888.0,2022-08-05 00:13:25.147,192
3,3887.0,2022-08-05 00:13:24.963,192
3,3886.0,2022-08-05 00:13:24.773,192
3,3885.0,2022-08-05 00:13:24.587,192
3,3884.0,2022-08-05 00:13:24.400,192
3,3883.0,2022-08-05 00:13:24.217,192
3,3882.0,2022-08-05 00:13:24.033,192
3,3881.0,2022-08-05 00:13:23.847,192
3,3880.0,2022-08-05 00:13:23.663,192
3,3879.0,2022-08-05 00:13:23.473,192
3,3878.0,2022-08-05 00:13:23.290,192
3,3877.0,2022-08-05 00:13:23.103,192
3,3876.0,2022-08-05 00:13:22.920,192
3,3875.0,2022-08-05 00:13:22.733,192
3,3874.0,2022-08-05 00:13:22.547,192
3,3873.0,2022-08-05 00:13:22.363,192
3,3872.0,2022-08-05 00:13:22.180,192
3,3871.0,2022-08-05 00:13:21.997,192
3,3870.0,2022-08-05 00:13:21.813,192
3,3869.0,2022-08-05 00:13:21.623,192
3,3868.0,2022-08-05 00:13:21.437,192
3,3867.0,2022-08-05 00:13:21.253,192
3,3866.0,2022-08-05 00:13:21.070,192
3,3865.0,2022-08-05 00:13:20.883,192
3,3864.0,2022-08-05 00:13:20.697,192
3,3863.0,2022-08-05 00:13:20.510,192
3,3862.0,2022-08-05 00:13:20.323,192
3,3861.0,2022-08-05 00:13:20.140,192
3,3860.0,2022-08-05 00:13:19.953,192
3,3859.0,2022-08-05 00:13:19.767,192
3,3858.0,2022-08-05 00:13:19.583,192
3,3857.0,2022-08-05 00:13:19.400,192
3,3856.0,2022-08-05 00:13:19.213,192
3,3855.0,2022-08-05 00:13:19.027,192
3,3854.0,2022-08-05 00:13:18.843,192
3,3853.0,2022-08-05 00:13:18.657,192
3,3852.0,2022-08-05 00:13:18.470,192
3,3851.0,2022-08-05 00:13:18.287,192
3,3850.0,2022-08-05 00:13:18.097,192
3,3849.0,2022-08-05 00:13:17.913,192
3,3848.0,2022-08-05 00:13:17.727,192
3,3847.0,2022-08-05 00:13:17.540,192
3,3846.0,2022-08-05 00:13:17.353,192
3,3845.0,2022-08-05 00:13:17.167,192
3,3844.0,2022-08-05 00:13:16.980,192
3,3843.0,2022-08-05 00:13:16.793,192
3,3842.0,2022-08-05 00:13:16.607,192
3,3841.0,2022-08-05 00:13:16.420,192
3,3840.0,2022-08-05 00:13:16.233,192
3,3839.0,2022-08-05 00:13:16.047,192
3,3838.0,2022-08-05 00:13:15.860,192
3,3837.0,2022-08-05 00:13:15.677,192
3,3836.0,2022-08-05 00:13:15.493,192
3,3835.0,2022-08-05 00:13:15.307,192
3,3834.0,2022-08-05 00:13:15.123,192
3,3833.0,2022-08-05 00:13:14.937,192
3,3832.0,2022-08-05 00:13:14.750,192
3,3831.0,2022-08-05 00:13:14.563,192
3,3830.0,2022-08-05 00:13:14.380,192
3,3829.0,2022-08-05 00:13:14.193,192
3,3828.0,2022-08-05 00:13:14.007,192
3,3827.0,2022-08-05 00:13:13.820,192
3,3826.0,2022-08-05 00:13:13.637,192
3,3825.0,2022-08-05 00:13:13.450,192
3,3824.0,2022-08-05 00:13:13.263,192
3,3823.0,2022-08-05 00:13:13.073,192
3,3822.0,2022-08-05 00:13:12.893,192
3,3821.0,2022-08-05 00:13:12.707,192
3,3820.0,2022-08-05 00:13:12.520,192
3,3819.0,2022-08-05 00:13:12.333,192
3,3818.0,2022-08-05 00:13:12.147,192
3,3817.0,2022-08-05 00:13:11.957,192
3,3816.0,2022-08-05 00:13:11.773,192
3,3815.0,2022-08-05 00:13:11.587,192
3,3814.0,2022-08-05 00:13:11.400,192
3,3813.0,2022-08-05 00:13:11.213,192
3,3812.0,2022-08-05 00:13:11.027,192
3,3811.0,2022-08-05 00:13:10.843,192
3,3810.0,2022-08-05 00:13:10.657,192
3,3809.0,2022-08-05 00:13:10.470,192
3,3808.0,2022-08-05 00:13:10.283,192
3,3807.0,2022-08-05 00:13:10.097,192
3,3806.0,2022-08-05 00:13:09.910,192
3,3805.0,2022-08-05 00:13:09.723,192
3,3804.0,2022-08-05 00:13:09.540,192
3,3803.0,2022-08-05 00:13:09.353,192
3,3802.0,2022-08-05 00:13:09.167,192
3,3801.0,2022-08-05 00:13:08.983,192
3,3800.0,2022-08-05 00:13:08.797,192
3,3799.0,2022-08-05 00:13:08.610,192
3,3798.0,2022-08-05 00:13:08.423,192
3,3797.0,2022-08-05 00:13:08.237,192
3,3796.0,2022-08-05 00:13:08.050,192
3,3795.0,2022-08-05 00:13:07.863,192
3,3794.0,2022-08-05 00:13:07.677,192
3,3793.0,2022-08-05 00:13:07.490,192
3,3792.0,2022-08-05 00:13:07.307,192
3,3791.0,2022-08-05 00:13:07.123,192
3,3790.0,2022-08-05 00:13:06.937,192
3,3789.0,2022-08-05 00:13:06.750,192
3,3788.0,2022-08-05 00:13:06.567,192
3,3787.0,2022-08-05 00:13:06.380,192
3,3786.0,2022-08-05 00:13:06.197,192
3,3785.0,2022-08-05 00:13:06.013,192
3,3784.0,2022-08-05 00:13:05.830,192
3,3783.0,2022-08-05 00:13:05.647,192
3,3782.0,2022-08-05 00:13:05.460,192
3,3781.0,2022-08-05 00:13:05.273,192
3,3780.0,2022-08-05 00:13:05.087,192
3,3779.0,2022-08-05 00:13:04.900,192
3,3778.0,2022-08-05 00:13:04.713,192
3,3777.0,2022-08-05 00:13:04.530,192
3,3776.0,2022-08-05 00:13:04.343,192
3,3775.0,2022-08-05 00:13:04.157,192
3,3774.0,2022-08-05 00:13:03.973,192
3,3773.0,2022-08-05 00:13:03.783,192
3,3772.0,2022-08-05 00:13:03.600,192
3,3771.0,2022-08-05 00:13:03.413,192
3,3770.0,2022-08-05 00:13:03.230,192
3,3769.0,2022-08-05 00:13:03.043,192
3,3768.0,2022-08-05 00:13:02.857,192
3,3767.0,2022-08-05 00:13:02.670,192
3,3766.0,2022-08-05 00:13:02.487,192
3,3765.0,2022-08-05 00:13:02.300,192
3,3764.0,2022-08-05 00:13:02.117,192
3,3763.0,2022-08-05 00:13:01.930,192
3,3762.0,2022-08-05 00:13:01.743,192
3,3761.0,2022-08-05 00:13:01.557,192
3,3760.0,2022-08-05 00:13:01.370,192
3,3759.0,2022-08-05 00:13:01.183,192
3,3758.0,2022-08-05 00:13:00.997,192
3,3757.0,2022-08-05 00:13:00.807,192
3,3756.0,2022-08-05 00:13:00.623,192
3,3755.0,2022-08-05 00:13:00.437,192
3,3754.0,2022-08-05 00:13:00.253,192
3,3753.0,2022-08-05 00:13:00.067,192
3,3752.0,2022-08-05 00:12:59.880,192
3,3751.0,2022-08-05 00:12:59.693,192
3,3750.0,2022-08-05 00:12:59.507,192
3,3749.0,2022-08-05 00:12:59.320,192
3,3748.0,2022-08-05 00:12:59.133,192
3,3747.0,2022-08-05 00:12:58.947,192
3,3746.0,2022-08-05 00:12:58.760,192
3,3745.0,2022-08-05 00:12:58.570,192
3,3744.0,2022-08-05 00:12:58.387,192
3,3743.0,2022-08-05 00:12:58.203,192
3,3742.0,2022-08-05 00:12:58.017,192
3,3741.0,2022-08-05 00:12:57.830,192
3,3740.0,2022-08-05 00:12:57.643,192
3,3739.0,2022-08-05 00:12:57.460,192
3,3738.0,2022-08-05 00:12:57.277,192
3,3737.0,2022-08-05 00:12:57.090,192
3,3736.0,2022-08-05 00:12:56.903,192
3,3735.0,2022-08-05 00:12:56.720,192
3,3734.0,2022-08-05 00:12:56.530,192
3,3733.0,2022-08-05 00:12:56.347,192
3,3732.0,2022-08-05 00:12:56.160,192
3,3731.0,2022-08-05 00:12:55.973,192
3,3730.0,2022-08-05 00:12:55.783,192
3,3729.0,2022-08-05 00:12:55.600,192
3,3728.0,2022-08-05 00:12:55.413,192
3,3727.0,2022-08-05 00:12:55.227,192
3,3726.0,2022-08-05 00:12:55.043,192
3,3725.0,2022-08-05 00:12:54.860,192
3,3724.0,2022-08-05 00:12:54.673,192
3,3723.0,2022-08-05 00:12:54.490,192
3,3722.0,2022-08-05 00:12:54.303,192
3,3721.0,2022-08-05 00:12:54.117,192
3,3720.0,2022-08-05 00:12:53.930,192
3,3719.0,2022-08-05 00:12:53.743,192
3,3718.0,2022-08-05 00:12:53.560,192
3,3717.0,2022-08-05 00:12:53.373,192
3,3716.0,2022-08-05 00:12:53.187,192
3,3715.0,2022-08-05 00:12:53.000,192
3,3714.0,2022-08-05 00:12:52.817,192
3,3713.0,2022-08-05 00:12:52.630,192
3,3712.0,2022-08-05 00:12:52.443,192
3,3711.0,2022-08-05 00:12:52.257,192
3,3710.0,2022-08-05 00:12:52.073,192
3,3709.0,2022-08-05 00:12:51.887,192
3,3708.0,2022-08-05 00:12:51.703,192
3,3707.0,2022-08-05 00:12:51.517,192
3,3706.0,2022-08-05 00:12:51.333,192
3,3705.0,2022-08-05 00:12:51.147,192
3,3704.0,2022-08-05 00:12:50.960,192
3,3703.0,2022-08-05 00:12:50.773,192
3,3702.0,2022-08-05 00:12:50.590,192
3,3701.0,2022-08-05 00:12:50.403,192
3,3700.0,2022-08-05 00:12:50.220,192
3,3699.0,2022-08-05 00:12:50.033,192
3,3698.0,2022-08-05 00:12:49.847,192
3,3697.0,2022-08-05 00:12:49.663,192
3,3696.0,2022-08-05 00:12:49.477,192
3,3695.0,2022-08-05 00:12:49.290,192
3,3694.0,2022-08-05 00:12:49.103,192
3,3693.0,2022-08-05 00:12:48.917,192
3,3692.0,2022-08-05 00:12:48.730,192
3,3691.0,2022-08-05 00:12:48.543,192
3,3690.0,2022-08-05 00:12:48.360,192
3,3689.0,2022-08-05 00:12:48.173,192
3,3688.0,2022-08-05 00:12:47.987,192
3,3687.0,2022-08-05 00:12:47.797,192
3,3686.0,2022-08-05 00:12:47.610,192
3,3685.0,2022-08-05 00:12:47.423,192
3,3684.0,2022-08-05 00:12:47.240,192
3,3683.0,2022-08-05 00:12:47.053,192
3,3682.0,2022-08-05 00:12:46.867,192
3,3681.0,2022-08-05 00:12:46.680,192
3,3680.0,2022-08-05 00:12:46.493,192
3,3679.0,2022-08-05 00:12:46.307,192
3,3678.0,2022-08-05 00:12:46.120,192
3,3677.0,2022-08-05 00:12:45.937,192
3,3676.0,2022-08-05 00:12:45.753,192
3,3675.0,2022-08-05 00:12:45.570,192
3,3674.0,2022-08-05 00:12:45.380,192
3,3673.0,2022-08-05 00:12:45.197,192
3,3672.0,2022-08-05 00:12:45.007,192
3,3671.0,2022-08-05 00:12:44.820,192
3,3670.0,2022-08-05 00:12:44.637,192
3,3669.0,2022-08-05 00:12:44.450,192
3,3668.0,2022-08-05 00:12:44.267,192
3,3667.0,2022-08-05 00:12:44.080,192
3,3666.0,2022-08-05 00:12:43.893,192
3,3665.0,2022-08-05 00:12:43.707,192
3,3664.0,2022-08-05 00:12:43.523,192
3,3663.0,2022-08-05 00:12:43.337,192
3,3662.0,2022-08-05 00:12:43.150,192
3,3661.0,2022-08-05 00:12:42.967,192
3,3660.0,2022-08-05 00:12:42.780,192
3,3659.0,2022-08-05 00:12:42.593,192
3,3658.0,2022-08-05 00:12:42.407,192
3,3657.0,2022-08-05 00:12:42.220,192
3,3656.0,2022-08-05 00:12:42.033,192
3,3655.0,2022-08-05 00:12:41.850,192
3,3654.0,2022-08-05 00:12:41.667,192
3,3653.0,2022-08-05 00:12:41.480,192
3,3652.0,2022-08-05 00:12:41.297,192
3,3651.0,2022-08-05 00:12:41.113,192
3,3650.0,2022-08-05 00:12:40.930,192
3,3649.0,2022-08-05 00:12:40.743,192
3,3648.0,2022-08-05 00:12:40.557,192
3,3647.0,2022-08-05 00:12:40.373,192
3,3646.0,2022-08-05 00:12:40.187,192
3,3645.0,2022-08-05 00:12:40.000,192
3,3644.0,2022-08-05 00:12:39.817,192
3,3643.0,2022-08-05 00:12:39.630,192
3,3642.0,2022-08-05 00:12:39.447,192
3,3641.0,2022-08-05 00:12:39.260,192
3,3640.0,2022-08-05 00:12:39.073,192
3,3639.0,2022-08-05 00:12:38.887,192
3,3638.0,2022-08-05 00:12:38.703,192
3,3637.0,2022-08-05 00:12:38.520,192
3,3636.0,2022-08-05 00:12:38.330,192
3,3635.0,2022-08-05 00:12:38.143,192
3,3634.0,2022-08-05 00:12:37.960,192
3,3633.0,2022-08-05 00:12:37.773,192
3,3632.0,2022-08-05 00:12:37.590,192
3,3631.0,2022-08-05 00:12:37.403,192
3,3630.0,2022-08-05 00:12:37.223,192
3,3629.0,2022-08-05 00:12:37.037,192
3,3628.0,2022-08-05 00:12:36.850,192
3,3627.0,2022-08-05 00:12:36.667,192
3,3626.0,2022-08-05 00:12:36.480,192
3,3625.0,2022-08-05 00:12:36.293,192
3,3624.0,2022-08-05 00:12:36.107,192
3,3623.0,2022-08-05 00:12:35.923,192
3,3622.0,2022-08-05 00:12:35.737,192
3,3621.0,2022-08-05 00:12:35.550,192
3,3620.0,2022-08-05 00:12:35.363,192
3,3619.0,2022-08-05 00:12:35.180,192
3,3618.0,2022-08-05 00:12:34.993,192
3,3617.0,2022-08-05 00:12:34.807,192
3,3616.0,2022-08-05 00:12:34.623,192
3,3615.0,2022-08-05 00:12:34.437,192
3,3614.0,2022-08-05 00:12:34.250,192
3,3613.0,2022-08-05 00:12:34.063,192
3,3612.0,2022-08-05 00:12:33.877,192
3,3611.0,2022-08-05 00:12:33.690,192
3,3610.0,2022-08-05 00:12:33.503,192
3,3609.0,2022-08-05 00:12:33.317,192
3,3608.0,2022-08-05 00:12:33.130,192
3,3607.0,2022-08-05 00:12:32.947,192
3,3606.0,2022-08-05 00:12:32.760,192
3,3605.0,2022-08-05 00:12:32.570,192
3,3604.0,2022-08-05 00:12:32.383,192
3,3603.0,2022-08-05 00:12:32.197,192
3,3602.0,2022-08-05 00:12:32.010,192
3,3601.0,2022-08-05 00:12:31.823,192
3,3600.0,2022-08-05 00:12:31.637,192
3,3599.0,2022-08-05 00:12:31.450,192
3,3598.0,2022-08-05 00:12:31.263,192
3,3597.0,2022-08-05 00:12:31.077,192
3,3596.0,2022-08-05 00:12:30.890,192
3,3595.0,2022-08-05 00:12:30.700,192
3,3594.0,2022-08-05 00:12:30.513,192
3,3593.0,2022-08-05 00:12:30.330,192
3,3592.0,2022-08-05 00:12:30.140,192
3,3591.0,2022-08-05 00:12:29.953,192
3,3590.0,2022-08-05 00:12:29.770,192
3,3589.0,2022-08-05 00:12:29.583,192
3,3588.0,2022-08-05 00:12:29.397,192
3,3587.0,2022-08-05 00:12:29.210,192
3,3586.0,2022-08-05 00:12:29.027,192
3,3585.0,2022-08-05 00:12:28.840,192
3,3584.0,2022-08-05 00:12:28.657,192
3,3583.0,2022-08-05 00:12:28.470,192
3,3582.0,2022-08-05 00:12:28.287,192
3,3581.0,2022-08-05 00:12:28.100,192
3,3580.0,2022-08-05 00:12:27.913,192
3,3579.0,2022-08-05 00:12:27.723,192
3,3578.0,2022-08-05 00:12:27.537,192
3,3577.0,2022-08-05 00:12:27.353,192
3,3576.0,2022-08-05 00:12:27.167,192
3,3575.0,2022-08-05 00:12:26.980,192
3,3574.0,2022-08-05 00:12:26.793,192
3,3573.0,2022-08-05 00:12:26.607,192
3,3572.0,2022-08-05 00:12:26.423,192
3,3571.0,2022-08-05 00:12:26.237,192
3,3570.0,2022-08-05 00:12:26.050,192
3,3569.0,2022-08-05 00:12:25.863,192
3,3568.0,2022-08-05 00:12:25.677,192
3,3567.0,2022-08-05 00:12:25.493,192
3,3566.0,2022-08-05 00:12:25.307,192
3,3565.0,2022-08-05 00:12:25.123,192
3,3564.0,2022-08-05 00:12:24.940,192
3,3563.0,2022-08-05 00:12:24.753,192
3,3562.0,2022-08-05 00:12:24.567,192
3,3561.0,2022-08-05 00:12:24.380,192
3,3560.0,2022-08-05 00:12:24.193,192
3,3559.0,2022-08-05 00:12:24.003,192
3,3558.0,2022-08-05 00:12:23.817,192
3,3557.0,2022-08-05 00:12:23.633,192
3,3556.0,2022-08-05 00:12:23.447,192
3,3555.0,2022-08-05 00:12:23.263,192
3,3554.0,2022-08-05 00:12:23.077,192
3,3553.0,2022-08-05 00:12:22.893,192
3,3552.0,2022-08-05 00:12:22.707,192
3,3551.0,2022-08-05 00:12:22.523,192
3,3550.0,2022-08-05 00:12:22.333,192
3,3549.0,2022-08-05 00:12:22.147,192
3,3548.0,2022-08-05 00:12:21.960,192
3,3547.0,2022-08-05 00:12:21.777,192
3,3546.0,2022-08-05 00:12:21.587,192
3,3545.0,2022-08-05 00:12:21.403,192
3,3544.0,2022-08-05 00:12:21.217,192
3,3543.0,2022-08-05 00:12:21.027,192
3,3542.0,2022-08-05 00:12:20.840,192
3,3541.0,2022-08-05 00:12:20.653,192
3,3540.0,2022-08-05 00:12:20.467,192
3,3539.0,2022-08-05 00:12:20.280,192
3,3538.0,2022-08-05 00:12:20.097,192
3,3537.0,2022-08-05 00:12:19.910,192
3,3536.0,2022-08-05 00:12:19.727,192
3,3535.0,2022-08-05 00:12:19.540,192
3,3534.0,2022-08-05 00:12:19.357,192
3,3533.0,2022-08-05 00:12:19.170,192
3,3532.0,2022-08-05 00:12:18.983,192
3,3531.0,2022-08-05 00:12:18.800,192
3,3530.0,2022-08-05 00:12:18.613,192
3,3529.0,2022-08-05 00:12:18.427,192
3,3528.0,2022-08-05 00:12:18.240,192
3,3527.0,2022-08-05 00:12:18.057,192
3,3526.0,2022-08-05 00:12:17.873,192
3,3525.0,2022-08-05 00:12:17.690,192
3,3524.0,2022-08-05 00:12:17.503,192
3,3523.0,2022-08-05 00:12:17.320,192
3,3522.0,2022-08-05 00:12:17.133,192
3,3521.0,2022-08-05 00:12:16.950,192
3,3520.0,2022-08-05 00:12:16.767,192
3,3519.0,2022-08-05 00:12:16.580,192
3,3518.0,2022-08-05 00:12:16.397,192
3,3517.0,2022-08-05 00:12:16.210,192
3,3516.0,2022-08-05 00:12:16.023,192
3,3515.0,2022-08-05 00:12:15.840,192
3,3514.0,2022-08-05 00:12:15.650,192
3,3513.0,2022-08-05 00:12:15.463,192
3,3512.0,2022-08-05 00:12:15.277,192
3,3511.0,2022-08-05 00:12:15.090,192
3,3510.0,2022-08-05 00:12:14.903,192
3,3509.0,2022-08-05 00:12:14.720,192
3,3508.0,2022-08-05 00:12:14.533,192
3,3507.0,2022-08-05 00:12:14.343,192
3,3506.0,2022-08-05 00:12:14.160,192
3,3505.0,2022-08-05 00:12:13.973,192
3,3504.0,2022-08-05 00:12:13.790,192
3,3503.0,2022-08-05 00:12:13.607,192
3,3502.0,2022-08-05 00:12:13.420,192
3,3501.0,2022-08-05 00:12:13.233,192
3,3500.0,2022-08-05 00:12:13.047,192
3,3499.0,2022-08-05 00:12:12.860,192
3,3498.0,2022-08-05 00:12:12.677,192
3,3497.0,2022-08-05 00:12:12.490,192
3,3496.0,2022-08-05 00:12:12.303,192
3,3495.0,2022-08-05 00:12:12.120,192
3,3494.0,2022-08-05 00:12:11.937,192
3,3493.0,2022-08-05 00:12:11.750,192
3,3492.0,2022-08-05 00:12:11.560,192
3,3491.0,2022-08-05 00:12:11.373,192
3,3490.0,2022-08-05 00:12:11.187,192
3,3489.0,2022-08-05 00:12:11.000,192
3,3488.0,2022-08-05 00:12:10.817,192
3,3487.0,2022-08-05 00:12:10.630,192
3,3486.0,2022-08-05 00:12:10.447,192
3,3485.0,2022-08-05 00:12:10.263,192
3,3484.0,2022-08-05 00:12:10.077,192
3,3483.0,2022-08-05 00:12:09.890,192
3,3482.0,2022-08-05 00:12:09.707,192
3,3481.0,2022-08-05 00:12:09.520,192
3,3480.0,2022-08-05 00:12:09.333,192
3,3479.0,2022-08-05 00:12:09.143,192
3,3478.0,2022-08-05 00:12:08.960,192
3,3477.0,2022-08-05 00:12:08.773,192
3,3476.0,2022-08-05 00:12:08.583,192
3,3475.0,2022-08-05 00:12:08.400,192
3,3474.0,2022-08-05 00:12:08.213,192
3,3473.0,2022-08-05 00:12:08.030,192
3,3472.0,2022-08-05 00:12:07.847,192
3,3471.0,2022-08-05 00:12:07.660,192
3,3470.0,2022-08-05 00:12:07.477,192
3,3469.0,2022-08-05 00:12:07.290,192
3,3468.0,2022-08-05 00:12:07.107,192
3,3467.0,2022-08-05 00:12:06.920,192
3,3466.0,2022-08-05 00:12:06.737,192
3,3465.0,2022-08-05 00:12:06.553,192
3,3464.0,2022-08-05 00:12:06.367,192
3,3463.0,2022-08-05 00:12:06.183,192
3,3462.0,2022-08-05 00:12:05.997,192
3,3461.0,2022-08-05 00:12:05.810,192
3,3460.0,2022-08-05 00:12:05.627,192
3,3459.0,2022-08-05 00:12:05.440,192
3,3458.0,2022-08-05 00:12:05.253,192
3,3457.0,2022-08-05 00:12:05.067,192
3,3456.0,2022-08-05 00:12:04.880,192
3,3455.0,2022-08-05 00:12:04.693,192
3,3454.0,2022-08-05 00:12:04.510,192
3,3453.0,2022-08-05 00:12:04.323,192
3,3452.0,2022-08-05 00:12:04.140,192
3,3451.0,2022-08-05 00:12:03.953,192
3,3450.0,2022-08-05 00:12:03.767,192
3,3449.0,2022-08-05 00:12:03.580,192
3,3448.0,2022-08-05 00:12:03.400,192
3,3447.0,2022-08-05 00:12:03.213,192
3,3446.0,2022-08-05 00:12:03.030,192
3,3445.0,2022-08-05 00:12:02.843,192
3,3444.0,2022-08-05 00:12:02.660,192
3,3443.0,2022-08-05 00:12:02.473,192
3,3442.0,2022-08-05 00:12:02.287,192
3,3441.0,2022-08-05 00:12:02.100,192
3,3440.0,2022-08-05 00:12:01.917,192
3,3439.0,2022-08-05 00:12:01.730,192
3,3438.0,2022-08-05 00:12:01.543,192
3,3437.0,2022-08-05 00:12:01.353,192
3,3436.0,2022-08-05 00:12:01.170,192
3,3435.0,2022-08-05 00:12:00.983,192
3,3434.0,2022-08-05 00:12:00.800,192
3,3433.0,2022-08-05 00:12:00.613,192
3,3432.0,2022-08-05 00:12:00.423,192
3,3431.0,2022-08-05 00:12:00.240,192
3,3430.0,2022-08-05 00:12:00.053,192
3,3429.0,2022-08-05 00:11:59.867,192
3,3428.0,2022-08-05 00:11:59.677,192
3,3427.0,2022-08-05 00:11:59.493,192
3,3426.0,2022-08-05 00:11:59.310,192
3,3425.0,2022-08-05 00:11:59.120,192
3,3424.0,2022-08-05 00:11:58.933,192
3,3423.0,2022-08-05 00:11:58.750,192
3,3422.0,2022-08-05 00:11:58.563,192
3,3421.0,2022-08-05 00:11:58.380,192
3,3420.0,2022-08-05 00:11:58.197,192
3,3419.0,2022-08-05 00:11:58.013,192
3,3418.0,2022-08-05 00:11:57.827,192
3,3417.0,2022-08-05 00:11:57.643,192
3,3416.0,2022-08-05 00:11:57.460,192
3,3415.0,2022-08-05 00:11:57.277,192
3,3414.0,2022-08-05 00:11:57.093,192
3,3413.0,2022-08-05 00:11:56.910,192
3,3412.0,2022-08-05 00:11:56.723,192
3,3411.0,2022-08-05 00:11:56.540,192
3,3410.0,2022-08-05 00:11:56.353,192
3,3409.0,2022-08-05 00:11:56.173,192
3,3408.0,2022-08-05 00:11:55.990,192
3,3407.0,2022-08-05 00:11:55.803,192
3,3406.0,2022-08-05 00:11:55.617,192
3,3405.0,2022-08-05 00:11:55.430,192
3,3404.0,2022-08-05 00:11:55.247,192
3,3403.0,2022-08-05 00:11:55.057,192
3,3402.0,2022-08-05 00:11:54.870,192
3,3401.0,2022-08-05 00:11:54.683,192
3,3400.0,2022-08-05 00:11:54.500,192
3,3399.0,2022-08-05 00:11:54.313,192
3,3398.0,2022-08-05 00:11:54.127,192
3,3397.0,2022-08-05 00:11:53.937,192
3,3396.0,2022-08-05 00:11:53.750,192
3,3395.0,2022-08-05 00:11:53.563,192
3,3394.0,2022-08-05 00:11:53.380,192
3,3393.0,2022-08-05 00:11:53.193,192
3,3392.0,2022-08-05 00:11:53.007,192
3,3391.0,2022-08-05 00:11:52.817,192
3,3390.0,2022-08-05 00:11:52.633,192
3,3389.0,2022-08-05 00:11:52.447,192
3,3388.0,2022-08-05 00:11:52.260,192
3,3387.0,2022-08-05 00:11:52.073,192
3,3386.0,2022-08-05 00:11:51.887,192
3,3385.0,2022-08-05 00:11:51.703,192
3,3384.0,2022-08-05 00:11:51.520,192
3,3383.0,2022-08-05 00:11:51.333,192
3,3382.0,2022-08-05 00:11:51.147,192
3,3381.0,2022-08-05 00:11:50.960,192
3,3380.0,2022-08-05 00:11:50.773,192
3,3379.0,2022-08-05 00:11:50.587,192
3,3378.0,2022-08-05 00:11:50.407,192
3,3377.0,2022-08-05 00:11:50.220,192
3,3376.0,2022-08-05 00:11:50.037,192
3,3375.0,2022-08-05 00:11:49.850,192
3,3374.0,2022-08-05 00:11:49.667,192
3,3373.0,2022-08-05 00:11:49.477,192
3,3372.0,2022-08-05 00:11:49.293,192
3,3371.0,2022-08-05 00:11:49.107,192
3,3370.0,2022-08-05 00:11:48.920,192
3,3369.0,2022-08-05 00:11:48.733,192
3,3368.0,2022-08-05 00:11:48.550,192
3,3367.0,2022-08-05 00:11:48.367,192
3,3366.0,2022-08-05 00:11:48.180,192
3,3365.0,2022-08-05 00:11:47.997,192
3,3364.0,2022-08-05 00:11:47.813,192
3,3363.0,2022-08-05 00:11:47.630,192
3,3362.0,2022-08-05 00:11:47.450,192
3,3361.0,2022-08-05 00:11:47.263,192
3,3360.0,2022-08-05 00:11:47.080,192
3,3359.0,2022-08-05 00:11:46.893,192
3,3358.0,2022-08-05 00:11:46.710,192
3,3357.0,2022-08-05 00:11:46.523,192
3,3356.0,2022-08-05 00:11:46.340,192
3,3355.0,2022-08-05 00:11:46.157,192
3,3354.0,2022-08-05 00:11:45.970,192
3,3353.0,2022-08-05 00:11:45.787,192
3,3352.0,2022-08-05 00:11:45.603,192
3,3351.0,2022-08-05 00:11:45.420,192
3,3350.0,2022-08-05 00:11:45.233,192
3,3349.0,2022-08-05 00:11:45.050,192
3,3348.0,2022-08-05 00:11:44.863,192
3,3347.0,2022-08-05 00:11:44.677,192
3,3346.0,2022-08-05 00:11:44.490,192
3,3345.0,2022-08-05 00:11:44.307,192
3,3344.0,2022-08-05 00:11:44.123,192
3,3343.0,2022-08-05 00:11:43.937,192
3,3342.0,2022-08-05 00:11:43.750,192
3,3341.0,2022-08-05 00:11:43.567,192
3,3340.0,2022-08-05 00:11:43.380,192
3,3339.0,2022-08-05 00:11:43.193,192
3,3338.0,2022-08-05 00:11:43.013,192
3,3337.0,2022-08-05 00:11:42.827,192
3,3336.0,2022-08-05 00:11:42.640,192
3,3335.0,2022-08-05 00:11:42.457,192
3,3334.0,2022-08-05 00:11:42.273,192
3,3333.0,2022-08-05 00:11:42.090,192
3,3332.0,2022-08-05 00:11:41.903,192
3,3331.0,2022-08-05 00:11:41.720,192
3,3330.0,2022-08-05 00:11:41.537,192
3,3329.0,2022-08-05 00:11:41.350,192
3,3328.0,2022-08-05 00:11:41.163,192
3,3327.0,2022-08-05 00:11:40.983,192
3,3326.0,2022-08-05 00:11:40.797,192
3,3325.0,2022-08-05 00:11:40.613,192
3,3324.0,2022-08-05 00:11:40.427,192
3,3323.0,2022-08-05 00:11:40.243,192
3,3322.0,2022-08-05 00:11:40.060,192
3,3321.0,2022-08-05 00:11:39.877,192
3,3320.0,2022-08-05 00:11:39.693,192
3,3319.0,2022-08-05 00:11:39.510,192
3,3318.0,2022-08-05 00:11:39.323,192
3,3317.0,2022-08-05 00:11:39.140,192
3,3316.0,2022-08-05 00:11:38.957,192
3,3315.0,2022-08-05 00:11:38.773,192
3,3314.0,2022-08-05 00:11:38.587,192
3,3313.0,2022-08-05 00:11:38.403,192
3,3312.0,2022-08-05 00:11:38.217,192
3,3311.0,2022-08-05 00:11:38.033,192
3,3310.0,2022-08-05 00:11:37.847,192
3,3309.0,2022-08-05 00:11:37.663,192
3,3308.0,2022-08-05 00:11:37.477,192
3,3307.0,2022-08-05 00:11:37.293,192
3,3306.0,2022-08-05 00:11:37.110,192
3,3305.0,2022-08-05 00:11:36.927,192
3,3304.0,2022-08-05 00:11:36.743,192
3,3303.0,2022-08-05 00:11:36.557,192
3,3302.0,2022-08-05 00:11:36.373,192
3,3301.0,2022-08-05 00:11:36.190,192
3,3300.0,2022-08-05 00:11:36.003,192
3,3299.0,2022-08-05 00:11:35.817,192
3,3298.0,2022-08-05 00:11:35.633,192
3,3297.0,2022-08-05 00:11:35.447,192
3,3296.0,2022-08-05 00:11:35.260,192
3,3295.0,2022-08-05 00:11:35.073,192
3,3294.0,2022-08-05 00:11:34.887,192
3,3293.0,2022-08-05 00:11:34.700,192
3,3292.0,2022-08-05 00:11:34.513,192
3,3291.0,2022-08-05 00:11:34.330,192
3,3290.0,2022-08-05 00:11:34.143,192
3,3289.0,2022-08-05 00:11:33.957,192
3,3288.0,2022-08-05 00:11:33.770,192
3,3287.0,2022-08-05 00:11:33.583,192
3,3286.0,2022-08-05 00:11:33.400,192
3,3285.0,2022-08-05 00:11:33.217,192
3,3284.0,2022-08-05 00:11:33.033,192
3,3283.0,2022-08-05 00:11:32.847,192
3,3282.0,2022-08-05 00:11:32.660,192
3,3281.0,2022-08-05 00:11:32.477,192
3,3280.0,2022-08-05 00:11:32.293,192
3,3279.0,2022-08-05 00:11:32.107,192
3,3278.0,2022-08-05 00:11:31.923,192
3,3277.0,2022-08-05 00:11:31.733,192
3,3276.0,2022-08-05 00:11:31.550,192
3,3275.0,2022-08-05 00:11:31.363,192
3,3274.0,2022-08-05 00:11:31.177,192
3,3273.0,2022-08-05 00:11:30.993,192
3,3272.0,2022-08-05 00:11:30.807,192
3,3271.0,2022-08-05 00:11:30.623,192
3,3270.0,2022-08-05 00:11:30.440,192
3,3269.0,2022-08-05 00:11:30.257,192
3,3268.0,2022-08-05 00:11:30.073,192
3,3267.0,2022-08-05 00:11:29.890,192
3,3266.0,2022-08-05 00:11:29.703,192
3,3265.0,2022-08-05 00:11:29.520,192
3,3264.0,2022-08-05 00:11:29.337,192
3,3263.0,2022-08-05 00:11:29.153,192
3,3262.0,2022-08-05 00:11:28.970,192
3,3261.0,2022-08-05 00:11:28.783,192
3,3260.0,2022-08-05 00:11:28.600,192
3,3259.0,2022-08-05 00:11:28.413,192
3,3258.0,2022-08-05 00:11:28.227,192
3,3257.0,2022-08-05 00:11:28.040,192
3,3256.0,2022-08-05 00:11:27.857,192
3,3255.0,2022-08-05 00:11:27.667,192
3,3254.0,2022-08-05 00:11:27.487,192
3,3253.0,2022-08-05 00:11:27.297,192
3,3252.0,2022-08-05 00:11:27.113,192
3,3251.0,2022-08-05 00:11:26.927,192
3,3250.0,2022-08-05 00:11:26.747,192
3,3249.0,2022-08-05 00:11:26.557,192
3,3248.0,2022-08-05 00:11:26.373,192
3,3247.0,2022-08-05 00:11:26.190,192
3,3246.0,2022-08-05 00:11:26.003,192
3,3245.0,2022-08-05 00:11:25.817,192
3,3244.0,2022-08-05 00:11:25.633,192
3,3243.0,2022-08-05 00:11:25.450,192
3,3242.0,2022-08-05 00:11:25.267,192
3,3241.0,2022-08-05 00:11:25.080,192
3,3240.0,2022-08-05 00:11:24.893,192
3,3239.0,2022-08-05 00:11:24.710,192
3,3238.0,2022-08-05 00:11:24.523,192
3,3237.0,2022-08-05 00:11:24.340,192
3,3236.0,2022-08-05 00:11:24.153,192
3,3235.0,2022-08-05 00:11:23.967,192
3,3234.0,2022-08-05 00:11:23.783,192
3,3233.0,2022-08-05 00:11:23.597,192
3,3232.0,2022-08-05 00:11:23.413,192
3,3231.0,2022-08-05 00:11:23.227,192
3,3230.0,2022-08-05 00:11:23.040,192
3,3229.0,2022-08-05 00:11:22.853,192
3,3228.0,2022-08-05 00:11:22.670,192
3,3227.0,2022-08-05 00:11:22.487,192
3,3226.0,2022-08-05 00:11:22.300,192
3,3225.0,2022-08-05 00:11:22.117,192
3,3224.0,2022-08-05 00:11:21.933,192
3,3223.0,2022-08-05 00:11:21.750,192
3,3222.0,2022-08-05 00:11:21.563,192
3,3221.0,2022-08-05 00:11:21.380,192
3,3220.0,2022-08-05 00:11:21.197,192
3,3219.0,2022-08-05 00:11:21.010,192
3,3218.0,2022-08-05 00:11:20.827,192
3,3217.0,2022-08-05 00:11:20.640,192
3,3216.0,2022-08-05 00:11:20.457,192
3,3215.0,2022-08-05 00:11:20.273,192
3,3214.0,2022-08-05 00:11:20.090,192
3,3213.0,2022-08-05 00:11:19.907,192
3,3212.0,2022-08-05 00:11:19.723,192
3,3211.0,2022-08-05 00:11:19.540,192
3,3210.0,2022-08-05 00:11:19.353,192
3,3209.0,2022-08-05 00:11:19.170,192
3,3208.0,2022-08-05 00:11:18.987,192
3,3207.0,2022-08-05 00:11:18.800,192
3,3206.0,2022-08-05 00:11:18.617,192
3,3205.0,2022-08-05 00:11:18.433,192
3,3204.0,2022-08-05 00:11:18.247,192
3,3203.0,2022-08-05 00:11:18.063,192
3,3202.0,2022-08-05 00:11:17.880,192
3,3201.0,2022-08-05 00:11:17.697,192
3,3200.0,2022-08-05 00:11:17.513,192
3,3199.0,2022-08-05 00:11:17.330,192
3,3198.0,2022-08-05 00:11:17.143,192
3,3197.0,2022-08-05 00:11:16.957,192
3,3196.0,2022-08-05 00:11:16.777,192
3,3195.0,2022-08-05 00:11:16.593,192
3,3194.0,2022-08-05 00:11:16.407,192
3,3193.0,2022-08-05 00:11:16.220,192
3,3192.0,2022-08-05 00:11:16.037,192
3,3191.0,2022-08-05 00:11:15.853,192
3,3190.0,2022-08-05 00:11:15.667,192
3,3189.0,2022-08-05 00:11:15.477,192
3,3188.0,2022-08-05 00:11:15.293,192
3,3187.0,2022-08-05 00:11:15.110,192
3,3186.0,2022-08-05 00:11:14.927,192
3,3185.0,2022-08-05 00:11:14.740,192
3,3184.0,2022-08-05 00:11:14.557,192
3,3183.0,2022-08-05 00:11:14.370,192
3,3182.0,2022-08-05 00:11:14.183,192
3,3181.0,2022-08-05 00:11:13.997,192
3,3180.0,2022-08-05 00:11:13.807,192
3,3179.0,2022-08-05 00:11:13.620,192
3,3178.0,2022-08-05 00:11:13.433,192
3,3177.0,2022-08-05 00:11:13.250,192
3,3176.0,2022-08-05 00:11:13.063,192
3,3175.0,2022-08-05 00:11:12.877,192
3,3174.0,2022-08-05 00:11:12.690,192
3,3173.0,2022-08-05 00:11:12.507,192
3,3172.0,2022-08-05 00:11:12.317,192
3,3171.0,2022-08-05 00:11:12.133,192
3,3170.0,2022-08-05 00:11:11.947,192
3,3169.0,2022-08-05 00:11:11.760,192
3,3168.0,2022-08-05 00:11:11.573,192
3,3167.0,2022-08-05 00:11:11.390,192
3,3166.0,2022-08-05 00:11:11.203,192
3,3165.0,2022-08-05 00:11:11.020,192
3,3164.0,2022-08-05 00:11:10.833,192
3,3163.0,2022-08-05 00:11:10.650,192
3,3162.0,2022-08-05 00:11:10.467,192
3,3161.0,2022-08-05 00:11:10.280,192
3,3160.0,2022-08-05 00:11:10.093,192
3,3159.0,2022-08-05 00:11:09.910,192
3,3158.0,2022-08-05 00:11:09.720,192
3,3157.0,2022-08-05 00:11:09.537,192
3,3156.0,2022-08-05 00:11:09.353,192
3,3155.0,2022-08-05 00:11:09.170,192
3,3154.0,2022-08-05 00:11:08.983,192
3,3153.0,2022-08-05 00:11:08.793,192
3,3152.0,2022-08-05 00:11:08.610,192
3,3151.0,2022-08-05 00:11:08.423,192
3,3150.0,2022-08-05 00:11:08.237,192
3,3149.0,2022-08-05 00:11:08.050,192
3,3148.0,2022-08-05 00:11:07.867,192
3,3147.0,2022-08-05 00:11:07.683,192
3,3146.0,2022-08-05 00:11:07.497,192
3,3145.0,2022-08-05 00:11:07.310,192
3,3144.0,2022-08-05 00:11:07.127,192
3,3143.0,2022-08-05 00:11:06.940,192
3,3142.0,2022-08-05 00:11:06.757,192
3,3141.0,2022-08-05 00:11:06.573,192
3,3140.0,2022-08-05 00:11:06.390,192
3,3139.0,2022-08-05 00:11:06.203,192
3,3138.0,2022-08-05 00:11:06.020,192
3,3137.0,2022-08-05 00:11:05.833,192
3,3136.0,2022-08-05 00:11:05.650,192
3,3135.0,2022-08-05 00:11:05.463,192
3,3134.0,2022-08-05 00:11:05.280,192
3,3133.0,2022-08-05 00:11:05.100,192
3,3132.0,2022-08-05 00:11:04.917,192
3,3131.0,2022-08-05 00:11:04.733,192
3,3130.0,2022-08-05 00:11:04.550,192
3,3129.0,2022-08-05 00:11:04.367,192
3,3128.0,2022-08-05 00:11:04.183,192
3,3127.0,2022-08-05 00:11:04.000,192
3,3126.0,2022-08-05 00:11:03.817,192
3,3125.0,2022-08-05 00:11:03.637,192
3,3124.0,2022-08-05 00:11:03.457,192
3,3123.0,2022-08-05 00:11:03.270,192
3,3122.0,2022-08-05 00:11:03.087,192
3,3121.0,2022-08-05 00:11:02.903,192
3,3120.0,2022-08-05 00:11:02.717,192
3,3119.0,2022-08-05 00:11:02.530,192
3,3118.0,2022-08-05 00:11:02.347,192
3,3117.0,2022-08-05 00:11:02.163,192
3,3116.0,2022-08-05 00:11:01.980,192
3,3115.0,2022-08-05 00:11:01.800,192
3,3114.0,2022-08-05 00:11:01.617,192
3,3113.0,2022-08-05 00:11:01.433,192
3,3112.0,2022-08-05 00:11:01.250,192
3,3111.0,2022-08-05 00:11:01.063,192
3,3110.0,2022-08-05 00:11:00.880,192
3,3109.0,2022-08-05 00:11:00.693,192
3,3108.0,2022-08-05 00:11:00.507,192
3,3107.0,2022-08-05 00:11:00.323,192
3,3106.0,2022-08-05 00:11:00.137,192
3,3105.0,2022-08-05 00:10:59.950,192
3,3104.0,2022-08-05 00:10:59.763,192
3,3103.0,2022-08-05 00:10:59.580,192
3,3102.0,2022-08-05 00:10:59.393,192
3,3101.0,2022-08-05 00:10:59.207,192
3,3100.0,2022-08-05 00:10:59.023,192
3,3099.0,2022-08-05 00:10:58.837,192
3,3098.0,2022-08-05 00:10:58.653,192
3,3097.0,2022-08-05 00:10:58.467,192
3,3096.0,2022-08-05 00:10:58.283,192
3,3095.0,2022-08-05 00:10:58.100,192
3,3094.0,2022-08-05 00:10:57.913,192
3,3093.0,2022-08-05 00:10:57.730,192
3,3092.0,2022-08-05 00:10:57.543,192
3,3091.0,2022-08-05 00:10:57.357,192
3,3090.0,2022-08-05 00:10:57.170,192
3,3089.0,2022-08-05 00:10:56.987,192
3,3088.0,2022-08-05 00:10:56.800,192
3,3087.0,2022-08-05 00:10:56.617,192
3,3086.0,2022-08-05 00:10:56.430,192
3,3085.0,2022-08-05 00:10:56.243,192
3,3084.0,2022-08-05 00:10:56.057,192
3,3083.0,2022-08-05 00:10:55.873,192
3,3082.0,2022-08-05 00:10:55.690,192
3,3081.0,2022-08-05 00:10:55.503,192
3,3080.0,2022-08-05 00:10:55.320,192
3,3079.0,2022-08-05 00:10:55.140,192
3,3078.0,2022-08-05 00:10:54.957,192
3,3077.0,2022-08-05 00:10:54.770,192
3,3076.0,2022-08-05 00:10:54.583,192
3,3075.0,2022-08-05 00:10:54.397,192
3,3074.0,2022-08-05 00:10:54.213,192
3,3073.0,2022-08-05 00:10:54.030,192
3,3072.0,2022-08-05 00:10:53.843,192
3,3071.0,2022-08-05 00:10:53.657,192
3,3070.0,2022-08-05 00:10:53.470,192
3,3069.0,2022-08-05 00:10:53.287,192
3,3068.0,2022-08-05 00:10:53.103,192
3,3067.0,2022-08-05 00:10:52.917,192
3,3066.0,2022-08-05 00:10:52.733,192
3,3065.0,2022-08-05 00:10:52.547,192
3,3064.0,2022-08-05 00:10:52.363,192
3,3063.0,2022-08-05 00:10:52.180,192
3,3062.0,2022-08-05 00:10:51.997,192
3,3061.0,2022-08-05 00:10:51.813,192
3,3060.0,2022-08-05 00:10:51.627,192
3,3059.0,2022-08-05 00:10:51.447,192
3,3058.0,2022-08-05 00:10:51.260,192
3,3057.0,2022-08-05 00:10:51.077,192
3,3056.0,2022-08-05 00:10:50.890,192
3,3055.0,2022-08-05 00:10:50.707,192
3,3054.0,2022-08-05 00:10:50.523,192
3,3053.0,2022-08-05 00:10:50.337,192
3,3052.0,2022-08-05 00:10:50.150,192
3,3051.0,2022-08-05 00:10:49.963,192
3,3050.0,2022-08-05 00:10:49.780,192
3,3049.0,2022-08-05 00:10:49.593,192
3,3048.0,2022-08-05 00:10:49.410,192
3,3047.0,2022-08-05 00:10:49.227,192
3,3046.0,2022-08-05 00:10:49.040,192
3,3045.0,2022-08-05 00:10:48.860,192
3,3044.0,2022-08-05 00:10:48.677,192
3,3043.0,2022-08-05 00:10:48.493,192
3,3042.0,2022-08-05 00:10:48.310,192
3,3041.0,2022-08-05 00:10:48.127,192
3,3040.0,2022-08-05 00:10:47.943,192
3,3039.0,2022-08-05 00:10:47.760,192
3,3038.0,2022-08-05 00:10:47.577,192
3,3037.0,2022-08-05 00:10:47.393,192
3,3036.0,2022-08-05 00:10:47.210,192
3,3035.0,2022-08-05 00:10:47.030,192
3,3034.0,2022-08-05 00:10:46.847,192
3,3033.0,2022-08-05 00:10:46.660,192
3,3032.0,2022-08-05 00:10:46.477,192
3,3031.0,2022-08-05 00:10:46.293,192
3,3030.0,2022-08-05 00:10:46.110,192
3,3029.0,2022-08-05 00:10:45.923,192
3,3028.0,2022-08-05 00:10:45.740,192
3,3027.0,2022-08-05 00:10:45.557,192
3,3026.0,2022-08-05 00:10:45.370,192
3,3025.0,2022-08-05 00:10:45.187,192
3,3024.0,2022-08-05 00:10:45.000,192
3,3023.0,2022-08-05 00:10:44.817,192
3,3022.0,2022-08-05 00:10:44.633,192
3,3021.0,2022-08-05 00:10:44.450,192
3,3020.0,2022-08-05 00:10:44.263,192
3,3019.0,2022-08-05 00:10:44.080,192
3,3018.0,2022-08-05 00:10:43.897,192
3,3017.0,2022-08-05 00:10:43.713,192
3,3016.0,2022-08-05 00:10:43.530,192
3,3015.0,2022-08-05 00:10:43.347,192
3,3014.0,2022-08-05 00:10:43.160,192
3,3013.0,2022-08-05 00:10:42.977,192
3,3012.0,2022-08-05 00:10:42.793,192
3,3011.0,2022-08-05 00:10:42.610,192
3,3010.0,2022-08-05 00:10:42.427,192
3,3009.0,2022-08-05 00:10:42.240,192
3,3008.0,2022-08-05 00:10:42.057,192
3,3007.0,2022-08-05 00:10:41.873,192
3,3006.0,2022-08-05 00:10:41.690,192
3,3005.0,2022-08-05 00:10:41.507,192
3,3004.0,2022-08-05 00:10:41.323,192
3,3003.0,2022-08-05 00:10:41.140,192
3,3002.0,2022-08-05 00:10:40.957,192
3,3001.0,2022-08-05 00:10:40.773,192
3,3000.0,2022-08-05 00:10:40.587,192
3,2999.0,2022-08-05 00:10:40.403,192
3,2998.0,2022-08-05 00:10:40.217,192
3,2997.0,2022-08-05 00:10:40.030,192
3,2996.0,2022-08-05 00:10:39.847,192
3,2995.0,2022-08-05 00:10:39.660,192
3,2994.0,2022-08-05 00:10:39.473,192
3,2993.0,2022-08-05 00:10:39.290,192
3,2992.0,2022-08-05 00:10:39.103,192
3,2991.0,2022-08-05 00:10:38.917,192
3,2990.0,2022-08-05 00:10:38.737,192
3,2989.0,2022-08-05 00:10:38.550,192
3,2988.0,2022-08-05 00:10:38.363,192
3,2987.0,2022-08-05 00:10:38.177,192
3,2986.0,2022-08-05 00:10:37.987,192
3,2985.0,2022-08-05 00:10:37.800,192
3,2984.0,2022-08-05 00:10:37.617,192
3,2983.0,2022-08-05 00:10:37.433,192
3,2982.0,2022-08-05 00:10:37.250,192
3,2981.0,2022-08-05 00:10:37.067,192
3,2980.0,2022-08-05 00:10:36.887,192
3,2979.0,2022-08-05 00:10:36.700,192
3,2978.0,2022-08-05 00:10:36.517,192
3,2977.0,2022-08-05 00:10:36.327,192
3,2976.0,2022-08-05 00:10:36.147,192
3,2975.0,2022-08-05 00:10:35.960,192
3,2974.0,2022-08-05 00:10:35.773,192
3,2973.0,2022-08-05 00:10:35.593,192
3,2972.0,2022-08-05 00:10:35.410,192
3,2971.0,2022-08-05 00:10:35.227,192
3,2970.0,2022-08-05 00:10:35.040,192
3,2969.0,2022-08-05 00:10:34.857,192
3,2968.0,2022-08-05 00:10:34.670,192
3,2967.0,2022-08-05 00:10:34.487,192
3,2966.0,2022-08-05 00:10:34.297,192
3,2965.0,2022-08-05 00:10:34.113,192
3,2964.0,2022-08-05 00:10:33.930,192
3,2963.0,2022-08-05 00:10:33.743,192
3,2962.0,2022-08-05 00:10:33.560,192
3,2961.0,2022-08-05 00:10:33.373,192
3,2960.0,2022-08-05 00:10:33.193,192
3,2959.0,2022-08-05 00:10:33.007,192
3,2958.0,2022-08-05 00:10:32.823,192
3,2957.0,2022-08-05 00:10:32.640,192
3,2956.0,2022-08-05 00:10:32.457,192
3,2955.0,2022-08-05 00:10:32.270,192
3,2954.0,2022-08-05 00:10:32.083,192
3,2953.0,2022-08-05 00:10:31.893,192
3,2952.0,2022-08-05 00:10:31.707,192
3,2951.0,2022-08-05 00:10:31.520,192
3,2950.0,2022-08-05 00:10:31.337,192
3,2949.0,2022-08-05 00:10:31.150,192
3,2948.0,2022-08-05 00:10:30.963,192
3,2947.0,2022-08-05 00:10:30.777,192
3,2946.0,2022-08-05 00:10:30.593,192
3,2945.0,2022-08-05 00:10:30.407,192
3,2944.0,2022-08-05 00:10:30.220,192
3,2943.0,2022-08-05 00:10:30.030,192
3,2942.0,2022-08-05 00:10:29.847,192
3,2941.0,2022-08-05 00:10:29.663,192
3,2940.0,2022-08-05 00:10:29.480,192
3,2939.0,2022-08-05 00:10:29.297,192
3,2938.0,2022-08-05 00:10:29.113,192
3,2937.0,2022-08-05 00:10:28.927,192
3,2936.0,2022-08-05 00:10:28.740,192
3,2935.0,2022-08-05 00:10:28.553,192
3,2934.0,2022-08-05 00:10:28.370,192
3,2933.0,2022-08-05 00:10:28.183,192
3,2932.0,2022-08-05 00:10:27.997,192
3,2931.0,2022-08-05 00:10:27.810,192
3,2930.0,2022-08-05 00:10:27.623,192
3,2929.0,2022-08-05 00:10:27.437,192
3,2928.0,2022-08-05 00:10:27.250,192
3,2927.0,2022-08-05 00:10:27.067,192
3,2926.0,2022-08-05 00:10:26.883,192
3,2925.0,2022-08-05 00:10:26.697,192
3,2924.0,2022-08-05 00:10:26.510,192
3,2923.0,2022-08-05 00:10:26.320,192
3,2922.0,2022-08-05 00:10:26.133,192
3,2921.0,2022-08-05 00:10:25.947,192
3,2920.0,2022-08-05 00:10:25.763,192
3,2919.0,2022-08-05 00:10:25.580,192
3,2918.0,2022-08-05 00:10:25.390,192
3,2917.0,2022-08-05 00:10:25.203,192
3,2916.0,2022-08-05 00:10:25.017,192
3,2915.0,2022-08-05 00:10:24.830,192
3,2914.0,2022-08-05 00:10:24.647,192
3,2913.0,2022-08-05 00:10:24.460,192
3,2912.0,2022-08-05 00:10:24.273,192
3,2911.0,2022-08-05 00:10:24.087,192
3,2910.0,2022-08-05 00:10:23.900,192
3,2909.0,2022-08-05 00:10:23.713,192
3,2908.0,2022-08-05 00:10:23.530,192
3,2907.0,2022-08-05 00:10:23.343,192
3,2906.0,2022-08-05 00:10:23.157,192
3,2905.0,2022-08-05 00:10:22.973,192
3,2904.0,2022-08-05 00:10:22.787,192
3,2903.0,2022-08-05 00:10:22.603,192
3,2902.0,2022-08-05 00:10:22.417,192
3,2901.0,2022-08-05 00:10:22.230,192
3,2900.0,2022-08-05 00:10:22.043,192
3,2899.0,2022-08-05 00:10:21.857,192
3,2898.0,2022-08-05 00:10:21.670,192
3,2897.0,2022-08-05 00:10:21.487,192
3,2896.0,2022-08-05 00:10:21.300,192
3,2895.0,2022-08-05 00:10:21.113,192
3,2894.0,2022-08-05 00:10:20.927,192
3,2893.0,2022-08-05 00:10:20.740,192
3,2892.0,2022-08-05 00:10:20.553,192
3,2891.0,2022-08-05 00:10:20.370,192
3,2890.0,2022-08-05 00:10:20.180,192
3,2889.0,2022-08-05 00:10:19.990,192
3,2888.0,2022-08-05 00:10:19.803,192
3,2887.0,2022-08-05 00:10:19.620,192
3,2886.0,2022-08-05 00:10:19.433,192
3,2885.0,2022-08-05 00:10:19.250,192
3,2884.0,2022-08-05 00:10:19.063,192
3,2883.0,2022-08-05 00:10:18.877,192
3,2882.0,2022-08-05 00:10:18.690,192
3,2881.0,2022-08-05 00:10:18.503,192
3,2880.0,2022-08-05 00:10:18.320,192
3,2879.0,2022-08-05 00:10:18.130,192
3,2878.0,2022-08-05 00:10:17.943,192
3,2877.0,2022-08-05 00:10:17.757,192
3,2876.0,2022-08-05 00:10:17.573,192
3,2875.0,2022-08-05 00:10:17.387,192
3,2874.0,2022-08-05 00:10:17.203,192
3,2873.0,2022-08-05 00:10:17.017,192
3,2872.0,2022-08-05 00:10:16.833,192
3,2871.0,2022-08-05 00:10:16.647,192
3,2870.0,2022-08-05 00:10:16.460,192
3,2869.0,2022-08-05 00:10:16.277,192
3,2868.0,2022-08-05 00:10:16.090,192
3,2867.0,2022-08-05 00:10:15.903,192
3,2866.0,2022-08-05 00:10:15.720,192
3,2865.0,2022-08-05 00:10:15.533,192
3,2864.0,2022-08-05 00:10:15.350,192
3,2863.0,2022-08-05 00:10:15.163,192
3,2862.0,2022-08-05 00:10:14.977,192
3,2861.0,2022-08-05 00:10:14.793,192
3,2860.0,2022-08-05 00:10:14.607,192
3,2859.0,2022-08-05 00:10:14.420,192
3,2858.0,2022-08-05 00:10:14.233,192
3,2857.0,2022-08-05 00:10:14.050,192
3,2856.0,2022-08-05 00:10:13.860,192
3,2855.0,2022-08-05 00:10:13.673,192
3,2854.0,2022-08-05 00:10:13.490,192
3,2853.0,2022-08-05 00:10:13.307,192
3,2852.0,2022-08-05 00:10:13.120,192
3,2851.0,2022-08-05 00:10:12.937,192
3,2850.0,2022-08-05 00:10:12.747,192
3,2849.0,2022-08-05 00:10:12.560,192
3,2848.0,2022-08-05 00:10:12.373,192
3,2847.0,2022-08-05 00:10:12.190,192
3,2846.0,2022-08-05 00:10:12.007,192
3,2845.0,2022-08-05 00:10:11.823,192
3,2844.0,2022-08-05 00:10:11.637,192
3,2843.0,2022-08-05 00:10:11.450,192
3,2842.0,2022-08-05 00:10:11.260,192
3,2841.0,2022-08-05 00:10:11.077,192
3,2840.0,2022-08-05 00:10:10.890,192
3,2839.0,2022-08-05 00:10:10.703,192
3,2838.0,2022-08-05 00:10:10.520,192
3,2837.0,2022-08-05 00:10:10.333,192
3,2836.0,2022-08-05 00:10:10.150,192
3,2835.0,2022-08-05 00:10:09.967,192
3,2834.0,2022-08-05 00:10:09.777,192
3,2833.0,2022-08-05 00:10:09.593,192
3,2832.0,2022-08-05 00:10:09.407,192
3,2831.0,2022-08-05 00:10:09.220,192
3,2830.0,2022-08-05 00:10:09.033,192
3,2829.0,2022-08-05 00:10:08.850,192
3,2828.0,2022-08-05 00:10:08.663,192
3,2827.0,2022-08-05 00:10:08.477,192
3,2826.0,2022-08-05 00:10:08.290,192
3,2825.0,2022-08-05 00:10:08.103,192
3,2824.0,2022-08-05 00:10:07.920,192
3,2823.0,2022-08-05 00:10:07.733,192
3,2822.0,2022-08-05 00:10:07.550,192
3,2821.0,2022-08-05 00:10:07.363,192
3,2820.0,2022-08-05 00:10:07.180,192
3,2819.0,2022-08-05 00:10:06.997,192
3,2818.0,2022-08-05 00:10:06.810,192
3,2817.0,2022-08-05 00:10:06.623,192
3,2816.0,2022-08-05 00:10:06.437,192
3,2815.0,2022-08-05 00:10:06.253,192
3,2814.0,2022-08-05 00:10:06.067,192
3,2813.0,2022-08-05 00:10:05.883,192
3,2812.0,2022-08-05 00:10:05.700,192
3,2811.0,2022-08-05 00:10:05.513,192
3,2810.0,2022-08-05 00:10:05.330,192
3,2809.0,2022-08-05 00:10:05.140,192
3,2808.0,2022-08-05 00:10:04.957,192
3,2807.0,2022-08-05 00:10:04.770,192
3,2806.0,2022-08-05 00:10:04.587,192
3,2805.0,2022-08-05 00:10:04.403,192
3,2804.0,2022-08-05 00:10:04.217,192
3,2803.0,2022-08-05 00:10:04.030,192
3,2802.0,2022-08-05 00:10:03.847,192
3,2801.0,2022-08-05 00:10:03.660,192
3,2800.0,2022-08-05 00:10:03.477,192
3,2799.0,2022-08-05 00:10:03.287,192
3,2798.0,2022-08-05 00:10:03.103,192
3,2797.0,2022-08-05 00:10:02.917,192
3,2796.0,2022-08-05 00:10:02.730,192
3,2795.0,2022-08-05 00:10:02.543,192
3,2794.0,2022-08-05 00:10:02.360,192
3,2793.0,2022-08-05 00:10:02.170,192
3,2792.0,2022-08-05 00:10:01.987,192
3,2791.0,2022-08-05 00:10:01.803,192
3,2790.0,2022-08-05 00:10:01.617,192
3,2789.0,2022-08-05 00:10:01.433,192
3,2788.0,2022-08-05 00:10:01.250,192
3,2787.0,2022-08-05 00:10:01.067,192
3,2786.0,2022-08-05 00:10:00.880,192
3,2785.0,2022-08-05 00:10:00.697,192
3,2784.0,2022-08-05 00:10:00.513,192
3,2783.0,2022-08-05 00:10:00.330,192
3,2782.0,2022-08-05 00:10:00.140,192
3,2781.0,2022-08-05 00:09:59.957,192
3,2780.0,2022-08-05 00:09:59.773,192
3,2779.0,2022-08-05 00:09:59.590,192
3,2778.0,2022-08-05 00:09:59.403,192
3,2777.0,2022-08-05 00:09:59.217,192
3,2776.0,2022-08-05 00:09:59.030,192
3,2775.0,2022-08-05 00:09:58.850,192
3,2774.0,2022-08-05 00:09:58.663,192
3,2773.0,2022-08-05 00:09:58.480,192
3,2772.0,2022-08-05 00:09:58.293,192
3,2771.0,2022-08-05 00:09:58.110,192
3,2770.0,2022-08-05 00:09:57.923,192
3,2769.0,2022-08-05 00:09:57.740,192
3,2768.0,2022-08-05 00:09:57.553,192
3,2767.0,2022-08-05 00:09:57.370,192
3,2766.0,2022-08-05 00:09:57.187,192
3,2765.0,2022-08-05 00:09:57.000,192
3,2764.0,2022-08-05 00:09:56.817,192
3,2763.0,2022-08-05 00:09:56.633,192
3,2762.0,2022-08-05 00:09:56.447,192
3,2761.0,2022-08-05 00:09:56.263,192
3,2760.0,2022-08-05 00:09:56.077,192
3,2759.0,2022-08-05 00:09:55.893,192
3,2758.0,2022-08-05 00:09:55.707,192
3,2757.0,2022-08-05 00:09:55.523,192
3,2756.0,2022-08-05 00:09:55.340,192
3,2755.0,2022-08-05 00:09:55.157,192
3,2754.0,2022-08-05 00:09:54.973,192
3,2753.0,2022-08-05 00:09:54.790,192
3,2752.0,2022-08-05 00:09:54.607,192
3,2751.0,2022-08-05 00:09:54.420,192
3,2750.0,2022-08-05 00:09:54.237,192
3,2749.0,2022-08-05 00:09:54.057,192
3,2748.0,2022-08-05 00:09:53.873,192
3,2747.0,2022-08-05 00:09:53.690,192
3,2746.0,2022-08-05 00:09:53.507,192
3,2745.0,2022-08-05 00:09:53.320,192
3,2744.0,2022-08-05 00:09:53.137,192
3,2743.0,2022-08-05 00:09:52.950,192
3,2742.0,2022-08-05 00:09:52.767,192
3,2741.0,2022-08-05 00:09:52.583,192
3,2740.0,2022-08-05 00:09:52.397,192
3,2739.0,2022-08-05 00:09:52.213,192
3,2738.0,2022-08-05 00:09:52.030,192
3,2737.0,2022-08-05 00:09:51.850,192
3,2736.0,2022-08-05 00:09:51.663,192
3,2735.0,2022-08-05 00:09:51.480,192
3,2734.0,2022-08-05 00:09:51.293,192
3,2733.0,2022-08-05 00:09:51.110,192
3,2732.0,2022-08-05 00:09:50.910,192
3,2731.0,2022-08-05 00:09:50.727,192
3,2730.0,2022-08-05 00:09:50.537,192
3,2729.0,2022-08-05 00:09:50.353,192
3,2728.0,2022-08-05 00:09:50.170,192
3,2727.0,2022-08-05 00:09:49.983,192
3,2726.0,2022-08-05 00:09:49.797,192
3,2725.0,2022-08-05 00:09:49.610,192
3,2724.0,2022-08-05 00:09:49.427,192
3,2723.0,2022-08-05 00:09:49.243,192
3,2722.0,2022-08-05 00:09:49.057,192
3,2721.0,2022-08-05 00:09:48.873,192
3,2720.0,2022-08-05 00:09:48.690,192
3,2719.0,2022-08-05 00:09:48.507,192
3,2718.0,2022-08-05 00:09:48.320,192
3,2717.0,2022-08-05 00:09:48.133,192
3,2716.0,2022-08-05 00:09:47.950,192
3,2715.0,2022-08-05 00:09:47.770,192
3,2714.0,2022-08-05 00:09:47.583,192
3,2713.0,2022-08-05 00:09:47.400,192
3,2712.0,2022-08-05 00:09:47.213,192
3,2711.0,2022-08-05 00:09:47.027,192
3,2710.0,2022-08-05 00:09:46.843,192
3,2709.0,2022-08-05 00:09:46.657,192
3,2708.0,2022-08-05 00:09:46.457,192
3,2707.0,2022-08-05 00:09:46.270,192
3,2706.0,2022-08-05 00:09:46.087,192
3,2705.0,2022-08-05 00:09:45.900,192
3,2704.0,2022-08-05 00:09:45.717,192
3,2703.0,2022-08-05 00:09:45.533,192
3,2702.0,2022-08-05 00:09:45.350,192
3,2701.0,2022-08-05 00:09:45.163,192
3,2700.0,2022-08-05 00:09:44.977,192
3,2699.0,2022-08-05 00:09:44.793,192
3,2698.0,2022-08-05 00:09:44.607,192
3,2697.0,2022-08-05 00:09:44.423,192
3,2696.0,2022-08-05 00:09:44.237,192
3,2695.0,2022-08-05 00:09:44.050,192
3,2694.0,2022-08-05 00:09:43.867,192
3,2693.0,2022-08-05 00:09:43.683,192
3,2692.0,2022-08-05 00:09:43.493,192
3,2691.0,2022-08-05 00:09:43.307,192
3,2690.0,2022-08-05 00:09:43.120,192
3,2689.0,2022-08-05 00:09:42.937,192
3,2688.0,2022-08-05 00:09:42.753,192
3,2687.0,2022-08-05 00:09:42.567,192
3,2686.0,2022-08-05 00:09:42.383,192
3,2685.0,2022-08-05 00:09:42.200,192
3,2684.0,2022-08-05 00:09:42.013,192
3,2683.0,2022-08-05 00:09:41.830,192
3,2682.0,2022-08-05 00:09:41.647,192
3,2681.0,2022-08-05 00:09:41.460,192
3,2680.0,2022-08-05 00:09:41.277,192
3,2679.0,2022-08-05 00:09:41.090,192
3,2678.0,2022-08-05 00:09:40.907,192
3,2677.0,2022-08-05 00:09:40.723,192
3,2676.0,2022-08-05 00:09:40.543,192
3,2675.0,2022-08-05 00:09:40.357,192
3,2674.0,2022-08-05 00:09:40.173,192
3,2673.0,2022-08-05 00:09:39.987,192
3,2672.0,2022-08-05 00:09:39.803,192
3,2671.0,2022-08-05 00:09:39.620,192
3,2670.0,2022-08-05 00:09:39.433,192
3,2669.0,2022-08-05 00:09:39.250,192
3,2668.0,2022-08-05 00:09:39.067,192
3,2667.0,2022-08-05 00:09:38.883,192
3,2666.0,2022-08-05 00:09:38.697,192
3,2665.0,2022-08-05 00:09:38.497,192
3,2664.0,2022-08-05 00:09:38.310,192
3,2663.0,2022-08-05 00:09:38.127,192
3,2662.0,2022-08-05 00:09:37.940,192
3,2661.0,2022-08-05 00:09:37.750,192
3,2660.0,2022-08-05 00:09:37.563,192
3,2659.0,2022-08-05 00:09:37.380,192
3,2658.0,2022-08-05 00:09:37.197,192
3,2657.0,2022-08-05 00:09:37.010,192
3,2656.0,2022-08-05 00:09:36.823,192
3,2655.0,2022-08-05 00:09:36.637,192
3,2654.0,2022-08-05 00:09:36.453,192
3,2653.0,2022-08-05 00:09:36.263,192
3,2652.0,2022-08-05 00:09:36.077,192
3,2651.0,2022-08-05 00:09:35.893,192
3,2650.0,2022-08-05 00:09:35.707,192
3,2649.0,2022-08-05 00:09:35.520,192
3,2648.0,2022-08-05 00:09:35.333,192
3,2647.0,2022-08-05 00:09:35.147,192
3,2646.0,2022-08-05 00:09:34.960,192
3,2645.0,2022-08-05 00:09:34.773,192
3,2644.0,2022-08-05 00:09:34.587,192
3,2643.0,2022-08-05 00:09:34.397,192
3,2642.0,2022-08-05 00:09:34.210,192
3,2641.0,2022-08-05 00:09:34.023,192
3,2640.0,2022-08-05 00:09:33.837,192
3,2639.0,2022-08-05 00:09:33.650,192
3,2638.0,2022-08-05 00:09:33.463,192
3,2637.0,2022-08-05 00:09:33.280,192
3,2636.0,2022-08-05 00:09:33.093,192
3,2635.0,2022-08-05 00:09:32.903,192
3,2634.0,2022-08-05 00:09:32.717,192
3,2633.0,2022-08-05 00:09:32.537,192
3,2632.0,2022-08-05 00:09:32.350,192
3,2631.0,2022-08-05 00:09:32.163,192
3,2630.0,2022-08-05 00:09:31.983,192
3,2629.0,2022-08-05 00:09:31.793,192
3,2628.0,2022-08-05 00:09:31.607,192
3,2627.0,2022-08-05 00:09:31.420,192
3,2626.0,2022-08-05 00:09:31.233,192
3,2625.0,2022-08-05 00:09:31.050,192
3,2624.0,2022-08-05 00:09:30.867,192
3,2623.0,2022-08-05 00:09:30.680,192
3,2622.0,2022-08-05 00:09:30.493,192
3,2621.0,2022-08-05 00:09:30.307,192
3,2620.0,2022-08-05 00:09:30.123,192
3,2619.0,2022-08-05 00:09:29.940,192
3,2618.0,2022-08-05 00:09:29.753,192
3,2617.0,2022-08-05 00:09:29.570,192
3,2616.0,2022-08-05 00:09:29.387,192
3,2615.0,2022-08-05 00:09:29.203,192
3,2614.0,2022-08-05 00:09:29.017,192
3,2613.0,2022-08-05 00:09:28.833,192
3,2612.0,2022-08-05 00:09:28.643,192
3,2611.0,2022-08-05 00:09:28.457,192
3,2610.0,2022-08-05 00:09:28.273,192
3,2609.0,2022-08-05 00:09:28.087,192
3,2608.0,2022-08-05 00:09:27.903,192
3,2607.0,2022-08-05 00:09:27.720,192
3,2606.0,2022-08-05 00:09:27.537,192
3,2605.0,2022-08-05 00:09:27.350,192
3,2604.0,2022-08-05 00:09:27.167,192
3,2603.0,2022-08-05 00:09:26.980,192
3,2602.0,2022-08-05 00:09:26.797,192
3,2601.0,2022-08-05 00:09:26.607,192
3,2600.0,2022-08-05 00:09:26.420,192
3,2599.0,2022-08-05 00:09:26.233,192
3,2598.0,2022-08-05 00:09:26.050,192
3,2597.0,2022-08-05 00:09:25.863,192
3,2596.0,2022-08-05 00:09:25.680,192
3,2595.0,2022-08-05 00:09:25.493,192
3,2594.0,2022-08-05 00:09:25.307,192
3,2593.0,2022-08-05 00:09:25.127,192
3,2592.0,2022-08-05 00:09:24.933,192
3,2591.0,2022-08-05 00:09:24.743,192
3,2590.0,2022-08-05 00:09:24.557,192
3,2589.0,2022-08-05 00:09:24.370,192
3,2588.0,2022-08-05 00:09:24.187,192
3,2587.0,2022-08-05 00:09:24.000,192
3,2586.0,2022-08-05 00:09:23.813,192
3,2585.0,2022-08-05 00:09:23.627,192
3,2584.0,2022-08-05 00:09:23.440,192
3,2583.0,2022-08-05 00:09:23.257,192
3,2582.0,2022-08-05 00:09:23.070,192
3,2581.0,2022-08-05 00:09:22.880,192
3,2580.0,2022-08-05 00:09:22.693,192
3,2579.0,2022-08-05 00:09:22.507,192
3,2578.0,2022-08-05 00:09:22.323,192
3,2577.0,2022-08-05 00:09:22.137,192
3,2576.0,2022-08-05 00:09:21.953,192
3,2575.0,2022-08-05 00:09:21.767,192
3,2574.0,2022-08-05 00:09:21.583,192
3,2573.0,2022-08-05 00:09:21.397,192
3,2572.0,2022-08-05 00:09:21.210,192
3,2571.0,2022-08-05 00:09:21.023,192
3,2570.0,2022-08-05 00:09:20.840,192
3,2569.0,2022-08-05 00:09:20.657,192
3,2568.0,2022-08-05 00:09:20.470,192
3,2567.0,2022-08-05 00:09:20.287,192
3,2566.0,2022-08-05 00:09:20.103,192
3,2565.0,2022-08-05 00:09:19.917,192
3,2564.0,2022-08-05 00:09:19.733,192
3,2563.0,2022-08-05 00:09:19.550,192
3,2562.0,2022-08-05 00:09:19.360,192
3,2561.0,2022-08-05 00:09:19.173,192
3,2560.0,2022-08-05 00:09:18.990,192
3,2559.0,2022-08-05 00:09:18.807,192
3,2558.0,2022-08-05 00:09:18.620,192
3,2557.0,2022-08-05 00:09:18.437,192
3,2556.0,2022-08-05 00:09:18.253,192
3,2555.0,2022-08-05 00:09:18.070,192
3,2554.0,2022-08-05 00:09:17.883,192
3,2553.0,2022-08-05 00:09:17.700,192
3,2552.0,2022-08-05 00:09:17.513,192
3,2551.0,2022-08-05 00:09:17.327,192
3,2550.0,2022-08-05 00:09:17.143,192
3,2549.0,2022-08-05 00:09:16.957,192
3,2548.0,2022-08-05 00:09:16.770,192
3,2547.0,2022-08-05 00:09:16.587,192
3,2546.0,2022-08-05 00:09:16.403,192
3,2545.0,2022-08-05 00:09:16.217,192
3,2544.0,2022-08-05 00:09:16.030,192
3,2543.0,2022-08-05 00:09:15.847,192
3,2542.0,2022-08-05 00:09:15.663,192
3,2541.0,2022-08-05 00:09:15.477,192
3,2540.0,2022-08-05 00:09:15.290,192
3,2539.0,2022-08-05 00:09:15.107,192
3,2538.0,2022-08-05 00:09:14.920,192
3,2537.0,2022-08-05 00:09:14.733,192
3,2536.0,2022-08-05 00:09:14.550,192
3,2535.0,2022-08-05 00:09:14.363,192
3,2534.0,2022-08-05 00:09:14.180,192
3,2533.0,2022-08-05 00:09:13.993,192
3,2532.0,2022-08-05 00:09:13.810,192
3,2531.0,2022-08-05 00:09:13.623,192
3,2530.0,2022-08-05 00:09:13.437,192
3,2529.0,2022-08-05 00:09:13.253,192
3,2528.0,2022-08-05 00:09:13.067,192
3,2527.0,2022-08-05 00:09:12.883,192
3,2526.0,2022-08-05 00:09:12.697,192
3,2525.0,2022-08-05 00:09:12.513,192
3,2524.0,2022-08-05 00:09:12.327,192
3,2523.0,2022-08-05 00:09:12.143,192
3,2522.0,2022-08-05 00:09:11.960,192
3,2521.0,2022-08-05 00:09:11.773,192
3,2520.0,2022-08-05 00:09:11.587,192
3,2519.0,2022-08-05 00:09:11.397,192
3,2518.0,2022-08-05 00:09:11.210,192
3,2517.0,2022-08-05 00:09:11.027,192
3,2516.0,2022-08-05 00:09:10.837,192
3,2515.0,2022-08-05 00:09:10.650,192
3,2514.0,2022-08-05 00:09:10.463,192
3,2513.0,2022-08-05 00:09:10.277,192
3,2512.0,2022-08-05 00:09:10.090,192
3,2511.0,2022-08-05 00:09:09.903,192
3,2510.0,2022-08-05 00:09:09.717,192
3,2509.0,2022-08-05 00:09:09.533,192
3,2508.0,2022-08-05 00:09:09.350,192
3,2507.0,2022-08-05 00:09:09.163,192
3,2506.0,2022-08-05 00:09:08.977,192
3,2505.0,2022-08-05 00:09:08.793,192
3,2504.0,2022-08-05 00:09:08.607,192
3,2503.0,2022-08-05 00:09:08.417,192
3,2502.0,2022-08-05 00:09:08.230,192
3,2501.0,2022-08-05 00:09:08.043,192
3,2500.0,2022-08-05 00:09:07.860,192
3,2499.0,2022-08-05 00:09:07.677,192
3,2498.0,2022-08-05 00:09:07.490,192
3,2497.0,2022-08-05 00:09:07.303,192
3,2496.0,2022-08-05 00:09:07.120,192
3,2495.0,2022-08-05 00:09:06.933,192
3,2494.0,2022-08-05 00:09:06.750,192
3,2493.0,2022-08-05 00:09:06.563,192
3,2492.0,2022-08-05 00:09:06.380,192
3,2491.0,2022-08-05 00:09:06.190,192
3,2490.0,2022-08-05 00:09:06.007,192
3,2489.0,2022-08-05 00:09:05.820,192
3,2488.0,2022-08-05 00:09:05.633,192
3,2487.0,2022-08-05 00:09:05.447,192
3,2486.0,2022-08-05 00:09:05.260,192
3,2485.0,2022-08-05 00:09:05.073,192
3,2484.0,2022-08-05 00:09:04.890,192
3,2483.0,2022-08-05 00:09:04.703,192
3,2482.0,2022-08-05 00:09:04.520,192
3,2481.0,2022-08-05 00:09:04.330,192
3,2480.0,2022-08-05 00:09:04.147,192
3,2479.0,2022-08-05 00:09:03.963,192
3,2478.0,2022-08-05 00:09:03.777,192
3,2477.0,2022-08-05 00:09:03.593,192
3,2476.0,2022-08-05 00:09:03.407,192
3,2475.0,2022-08-05 00:09:03.220,192
3,2474.0,2022-08-05 00:09:03.033,192
3,2473.0,2022-08-05 00:09:02.847,192
3,2472.0,2022-08-05 00:09:02.660,192
3,2471.0,2022-08-05 00:09:02.477,192
3,2470.0,2022-08-05 00:09:02.290,192
3,2469.0,2022-08-05 00:09:02.107,192
3,2468.0,2022-08-05 00:09:01.920,192
3,2467.0,2022-08-05 00:09:01.737,192
3,2466.0,2022-08-05 00:09:01.553,192
3,2465.0,2022-08-05 00:09:01.370,192
3,2464.0,2022-08-05 00:09:01.180,192
3,2463.0,2022-08-05 00:09:00.993,192
3,2462.0,2022-08-05 00:09:00.803,192
3,2461.0,2022-08-05 00:09:00.620,192
3,2460.0,2022-08-05 00:09:00.437,192
3,2459.0,2022-08-05 00:09:00.247,192
3,2458.0,2022-08-05 00:09:00.060,192
3,2457.0,2022-08-05 00:08:59.873,192
3,2456.0,2022-08-05 00:08:59.687,192
3,2455.0,2022-08-05 00:08:59.500,192
3,2454.0,2022-08-05 00:08:59.310,192
3,2453.0,2022-08-05 00:08:59.123,192
3,2452.0,2022-08-05 00:08:58.940,192
3,2451.0,2022-08-05 00:08:58.753,192
3,2450.0,2022-08-05 00:08:58.563,192
3,2449.0,2022-08-05 00:08:58.380,192
3,2448.0,2022-08-05 00:08:58.193,192
3,2447.0,2022-08-05 00:08:58.007,192
3,2446.0,2022-08-05 00:08:57.820,192
3,2445.0,2022-08-05 00:08:57.633,192
3,2444.0,2022-08-05 00:08:57.447,192
3,2443.0,2022-08-05 00:08:57.260,192
3,2442.0,2022-08-05 00:08:57.073,192
3,2441.0,2022-08-05 00:08:56.890,192
3,2440.0,2022-08-05 00:08:56.707,192
3,2439.0,2022-08-05 00:08:56.520,192
3,2438.0,2022-08-05 00:08:56.333,192
3,2437.0,2022-08-05 00:08:56.150,192
3,2436.0,2022-08-05 00:08:55.963,192
3,2435.0,2022-08-05 00:08:55.773,192
3,2434.0,2022-08-05 00:08:55.587,192
3,2433.0,2022-08-05 00:08:55.403,192
3,2432.0,2022-08-05 00:08:55.217,192
3,2431.0,2022-08-05 00:08:55.030,192
3,2430.0,2022-08-05 00:08:54.847,192
3,2429.0,2022-08-05 00:08:54.663,192
3,2428.0,2022-08-05 00:08:54.477,192
3,2427.0,2022-08-05 00:08:54.290,192
3,2426.0,2022-08-05 00:08:54.103,192
3,2425.0,2022-08-05 00:08:53.917,192
3,2424.0,2022-08-05 00:08:53.730,192
3,2423.0,2022-08-05 00:08:53.543,192
3,2422.0,2022-08-05 00:08:53.357,192
3,2421.0,2022-08-05 00:08:53.173,192
3,2420.0,2022-08-05 00:08:52.990,192
3,2419.0,2022-08-05 00:08:52.807,192
3,2418.0,2022-08-05 00:08:52.623,192
3,2417.0,2022-08-05 00:08:52.440,192
3,2416.0,2022-08-05 00:08:52.253,192
3,2415.0,2022-08-05 00:08:52.067,192
3,2414.0,2022-08-05 00:08:51.877,192
3,2413.0,2022-08-05 00:08:51.693,192
3,2412.0,2022-08-05 00:08:51.507,192
3,2411.0,2022-08-05 00:08:51.323,192
3,2410.0,2022-08-05 00:08:51.137,192
3,2409.0,2022-08-05 00:08:50.950,192
3,2408.0,2022-08-05 00:08:50.767,192
3,2407.0,2022-08-05 00:08:50.580,192
3,2406.0,2022-08-05 00:08:50.393,192
3,2405.0,2022-08-05 00:08:50.210,192
3,2404.0,2022-08-05 00:08:50.027,192
3,2403.0,2022-08-05 00:08:49.840,192
3,2402.0,2022-08-05 00:08:49.653,192
3,2401.0,2022-08-05 00:08:49.470,192
3,2400.0,2022-08-05 00:08:49.287,192
3,2399.0,2022-08-05 00:08:49.100,192
3,2398.0,2022-08-05 00:08:48.917,192
3,2397.0,2022-08-05 00:08:48.733,192
3,2396.0,2022-08-05 00:08:48.547,192
3,2395.0,2022-08-05 00:08:48.360,192
3,2394.0,2022-08-05 00:08:48.177,192
3,2393.0,2022-08-05 00:08:47.990,192
3,2392.0,2022-08-05 00:08:47.803,192
3,2391.0,2022-08-05 00:08:47.620,192
3,2390.0,2022-08-05 00:08:47.433,192
3,2389.0,2022-08-05 00:08:47.250,192
3,2388.0,2022-08-05 00:08:47.067,192
3,2387.0,2022-08-05 00:08:46.880,192
3,2386.0,2022-08-05 00:08:46.697,192
3,2385.0,2022-08-05 00:08:46.513,192
3,2384.0,2022-08-05 00:08:46.327,192
3,2383.0,2022-08-05 00:08:46.143,192
3,2382.0,2022-08-05 00:08:45.957,192
3,2381.0,2022-08-05 00:08:45.773,192
3,2380.0,2022-08-05 00:08:45.587,192
3,2379.0,2022-08-05 00:08:45.403,192
3,2378.0,2022-08-05 00:08:45.220,192
3,2377.0,2022-08-05 00:08:45.033,192
3,2376.0,2022-08-05 00:08:44.850,192
3,2375.0,2022-08-05 00:08:44.667,192
3,2374.0,2022-08-05 00:08:44.483,192
3,2373.0,2022-08-05 00:08:44.297,192
3,2372.0,2022-08-05 00:08:44.113,192
3,2371.0,2022-08-05 00:08:43.927,192
3,2370.0,2022-08-05 00:08:43.743,192
3,2369.0,2022-08-05 00:08:43.557,192
3,2368.0,2022-08-05 00:08:43.370,192
3,2367.0,2022-08-05 00:08:43.183,192
3,2366.0,2022-08-05 00:08:43.000,192
3,2365.0,2022-08-05 00:08:42.817,192
3,2364.0,2022-08-05 00:08:42.633,192
3,2363.0,2022-08-05 00:08:42.447,192
3,2362.0,2022-08-05 00:08:42.263,192
3,2361.0,2022-08-05 00:08:42.077,192
3,2360.0,2022-08-05 00:08:41.893,192
3,2359.0,2022-08-05 00:08:41.710,192
3,2358.0,2022-08-05 00:08:41.523,192
3,2357.0,2022-08-05 00:08:41.337,192
3,2356.0,2022-08-05 00:08:41.153,192
3,2355.0,2022-08-05 00:08:40.970,192
3,2354.0,2022-08-05 00:08:40.783,192
3,2353.0,2022-08-05 00:08:40.600,192
3,2352.0,2022-08-05 00:08:40.417,192
3,2351.0,2022-08-05 00:08:40.233,192
3,2350.0,2022-08-05 00:08:40.047,192
3,2349.0,2022-08-05 00:08:39.860,192
3,2348.0,2022-08-05 00:08:39.673,192
3,2347.0,2022-08-05 00:08:39.483,192
3,2346.0,2022-08-05 00:08:39.300,192
3,2345.0,2022-08-05 00:08:39.117,192
3,2344.0,2022-08-05 00:08:38.930,192
3,2343.0,2022-08-05 00:08:38.743,192
3,2342.0,2022-08-05 00:08:38.563,192
3,2341.0,2022-08-05 00:08:38.377,192
3,2340.0,2022-08-05 00:08:38.193,192
3,2339.0,2022-08-05 00:08:38.003,192
3,2338.0,2022-08-05 00:08:37.820,192
3,2337.0,2022-08-05 00:08:37.637,192
3,2336.0,2022-08-05 00:08:37.447,192
3,2335.0,2022-08-05 00:08:37.260,192
3,2334.0,2022-08-05 00:08:37.073,192
3,2333.0,2022-08-05 00:08:36.887,192
3,2332.0,2022-08-05 00:08:36.703,192
3,2331.0,2022-08-05 00:08:36.513,192
3,2330.0,2022-08-05 00:08:36.313,192
3,2329.0,2022-08-05 00:08:36.130,192
3,2328.0,2022-08-05 00:08:35.943,192
3,2327.0,2022-08-05 00:08:35.757,192
3,2326.0,2022-08-05 00:08:35.570,192
3,2325.0,2022-08-05 00:08:35.387,192
3,2324.0,2022-08-05 00:08:35.200,192
3,2323.0,2022-08-05 00:08:35.013,192
3,2322.0,2022-08-05 00:08:34.827,192
3,2321.0,2022-08-05 00:08:34.643,192
3,2320.0,2022-08-05 00:08:34.460,192
3,2319.0,2022-08-05 00:08:34.277,192
3,2318.0,2022-08-05 00:08:34.090,192
3,2317.0,2022-08-05 00:08:33.907,192
3,2316.0,2022-08-05 00:08:33.723,192
3,2315.0,2022-08-05 00:08:33.537,192
3,2314.0,2022-08-05 00:08:33.353,192
3,2313.0,2022-08-05 00:08:33.170,192
3,2312.0,2022-08-05 00:08:32.983,192
3,2311.0,2022-08-05 00:08:32.797,192
3,2310.0,2022-08-05 00:08:32.613,192
3,2309.0,2022-08-05 00:08:32.430,192
3,2308.0,2022-08-05 00:08:32.243,192
3,2307.0,2022-08-05 00:08:32.057,192
3,2306.0,2022-08-05 00:08:31.870,192
3,2305.0,2022-08-05 00:08:31.687,192
3,2304.0,2022-08-05 00:08:31.500,192
3,2303.0,2022-08-05 00:08:31.317,192
3,2302.0,2022-08-05 00:08:31.133,192
3,2301.0,2022-08-05 00:08:30.947,192
3,2300.0,2022-08-05 00:08:30.763,192
3,2299.0,2022-08-05 00:08:30.573,192
3,2298.0,2022-08-05 00:08:30.390,192
3,2297.0,2022-08-05 00:08:30.203,192
3,2296.0,2022-08-05 00:08:30.017,192
3,2295.0,2022-08-05 00:08:29.830,192
3,2294.0,2022-08-05 00:08:29.647,192
3,2293.0,2022-08-05 00:08:29.460,192
3,2292.0,2022-08-05 00:08:29.277,192
3,2291.0,2022-08-05 00:08:29.090,192
3,2290.0,2022-08-05 00:08:28.907,192
3,2289.0,2022-08-05 00:08:28.720,192
3,2288.0,2022-08-05 00:08:28.537,192
3,2287.0,2022-08-05 00:08:28.353,192
3,2286.0,2022-08-05 00:08:28.167,192
3,2285.0,2022-08-05 00:08:27.983,192
3,2284.0,2022-08-05 00:08:27.797,192
3,2283.0,2022-08-05 00:08:27.610,192
3,2282.0,2022-08-05 00:08:27.423,192
3,2281.0,2022-08-05 00:08:27.240,192
3,2280.0,2022-08-05 00:08:27.053,192
3,2279.0,2022-08-05 00:08:26.870,192
3,2278.0,2022-08-05 00:08:26.687,192
3,2277.0,2022-08-05 00:08:26.500,192
3,2276.0,2022-08-05 00:08:26.317,192
3,2275.0,2022-08-05 00:08:26.130,192
3,2274.0,2022-08-05 00:08:25.943,192
3,2273.0,2022-08-05 00:08:25.757,192
3,2272.0,2022-08-05 00:08:25.573,192
3,2271.0,2022-08-05 00:08:25.387,192
3,2270.0,2022-08-05 00:08:25.200,192
3,2269.0,2022-08-05 00:08:25.013,192
3,2268.0,2022-08-05 00:08:24.830,192
3,2267.0,2022-08-05 00:08:24.643,192
3,2266.0,2022-08-05 00:08:24.460,192
3,2265.0,2022-08-05 00:08:24.277,192
3,2264.0,2022-08-05 00:08:24.090,192
3,2263.0,2022-08-05 00:08:23.907,192
3,2262.0,2022-08-05 00:08:23.720,192
3,2261.0,2022-08-05 00:08:23.537,192
3,2260.0,2022-08-05 00:08:23.353,192
3,2259.0,2022-08-05 00:08:23.170,192
3,2258.0,2022-08-05 00:08:22.987,192
3,2257.0,2022-08-05 00:08:22.800,192
3,2256.0,2022-08-05 00:08:22.617,192
3,2255.0,2022-08-05 00:08:22.430,192
3,2254.0,2022-08-05 00:08:22.247,192
3,2253.0,2022-08-05 00:08:22.063,192
3,2252.0,2022-08-05 00:08:21.880,192
3,2251.0,2022-08-05 00:08:21.693,192
3,2250.0,2022-08-05 00:08:21.510,192
3,2249.0,2022-08-05 00:08:21.327,192
3,2248.0,2022-08-05 00:08:21.140,192
3,2247.0,2022-08-05 00:08:20.957,192
3,2246.0,2022-08-05 00:08:20.770,192
3,2245.0,2022-08-05 00:08:20.583,192
3,2244.0,2022-08-05 00:08:20.397,192
3,2243.0,2022-08-05 00:08:20.213,192
3,2242.0,2022-08-05 00:08:20.027,192
3,2241.0,2022-08-05 00:08:19.840,192
3,2240.0,2022-08-05 00:08:19.653,192
3,2239.0,2022-08-05 00:08:19.470,192
3,2238.0,2022-08-05 00:08:19.283,192
3,2237.0,2022-08-05 00:08:19.097,192
3,2236.0,2022-08-05 00:08:18.910,192
3,2235.0,2022-08-05 00:08:18.723,192
3,2234.0,2022-08-05 00:08:18.540,192
3,2233.0,2022-08-05 00:08:18.357,192
3,2232.0,2022-08-05 00:08:18.170,192
3,2231.0,2022-08-05 00:08:17.987,192
3,2230.0,2022-08-05 00:08:17.800,192
3,2229.0,2022-08-05 00:08:17.617,192
3,2228.0,2022-08-05 00:08:17.430,192
3,2227.0,2022-08-05 00:08:17.243,192
3,2226.0,2022-08-05 00:08:17.060,192
3,2225.0,2022-08-05 00:08:16.873,192
3,2224.0,2022-08-05 00:08:16.683,192
3,2223.0,2022-08-05 00:08:16.503,192
3,2222.0,2022-08-05 00:08:16.313,192
3,2221.0,2022-08-05 00:08:16.127,192
3,2220.0,2022-08-05 00:08:15.943,192
3,2219.0,2022-08-05 00:08:15.753,192
3,2218.0,2022-08-05 00:08:15.570,192
3,2217.0,2022-08-05 00:08:15.383,192
3,2216.0,2022-08-05 00:08:15.193,192
3,2215.0,2022-08-05 00:08:15.007,192
3,2214.0,2022-08-05 00:08:14.820,192
3,2213.0,2022-08-05 00:08:14.637,192
3,2212.0,2022-08-05 00:08:14.447,192
3,2211.0,2022-08-05 00:08:14.263,192
3,2210.0,2022-08-05 00:08:14.077,192
3,2209.0,2022-08-05 00:08:13.893,192
3,2208.0,2022-08-05 00:08:13.710,192
3,2207.0,2022-08-05 00:08:13.527,192
3,2206.0,2022-08-05 00:08:13.340,192
3,2205.0,2022-08-05 00:08:13.157,192
3,2204.0,2022-08-05 00:08:12.973,192
3,2203.0,2022-08-05 00:08:12.790,192
3,2202.0,2022-08-05 00:08:12.603,192
3,2201.0,2022-08-05 00:08:12.417,192
3,2200.0,2022-08-05 00:08:12.233,192
3,2199.0,2022-08-05 00:08:12.047,192
3,2198.0,2022-08-05 00:08:11.863,192
3,2197.0,2022-08-05 00:08:11.680,192
3,2196.0,2022-08-05 00:08:11.493,192
3,2195.0,2022-08-05 00:08:11.303,192
3,2194.0,2022-08-05 00:08:11.120,192
3,2193.0,2022-08-05 00:08:10.937,192
3,2192.0,2022-08-05 00:08:10.750,192
3,2191.0,2022-08-05 00:08:10.563,192
3,2190.0,2022-08-05 00:08:10.380,192
3,2189.0,2022-08-05 00:08:10.193,192
3,2188.0,2022-08-05 00:08:10.007,192
3,2187.0,2022-08-05 00:08:09.820,192
3,2186.0,2022-08-05 00:08:09.637,192
3,2185.0,2022-08-05 00:08:09.453,192
3,2184.0,2022-08-05 00:08:09.263,192
3,2183.0,2022-08-05 00:08:09.080,192
3,2182.0,2022-08-05 00:08:08.897,192
3,2181.0,2022-08-05 00:08:08.710,192
3,2180.0,2022-08-05 00:08:08.527,192
3,2179.0,2022-08-05 00:08:08.343,192
3,2178.0,2022-08-05 00:08:08.157,192
3,2177.0,2022-08-05 00:08:07.970,192
3,2176.0,2022-08-05 00:08:07.787,192
3,2175.0,2022-08-05 00:08:07.600,192
3,2174.0,2022-08-05 00:08:07.417,192
3,2173.0,2022-08-05 00:08:07.230,192
3,2172.0,2022-08-05 00:08:07.043,192
3,2171.0,2022-08-05 00:08:06.860,192
3,2170.0,2022-08-05 00:08:06.673,192
3,2169.0,2022-08-05 00:08:06.487,192
3,2168.0,2022-08-05 00:08:06.300,192
3,2167.0,2022-08-05 00:08:06.117,192
3,2166.0,2022-08-05 00:08:05.930,192
3,2165.0,2022-08-05 00:08:05.743,192
3,2164.0,2022-08-05 00:08:05.557,192
3,2163.0,2022-08-05 00:08:05.370,192
3,2162.0,2022-08-05 00:08:05.183,192
3,2161.0,2022-08-05 00:08:04.997,192
3,2160.0,2022-08-05 00:08:04.813,192
3,2159.0,2022-08-05 00:08:04.627,192
3,2158.0,2022-08-05 00:08:04.443,192
3,2157.0,2022-08-05 00:08:04.260,192
3,2156.0,2022-08-05 00:08:04.073,192
3,2155.0,2022-08-05 00:08:03.890,192
3,2154.0,2022-08-05 00:08:03.707,192
3,2153.0,2022-08-05 00:08:03.520,192
3,2152.0,2022-08-05 00:08:03.333,192
3,2151.0,2022-08-05 00:08:03.150,192
3,2150.0,2022-08-05 00:08:02.967,192
3,2149.0,2022-08-05 00:08:02.783,192
3,2148.0,2022-08-05 00:08:02.597,192
3,2147.0,2022-08-05 00:08:02.410,192
3,2146.0,2022-08-05 00:08:02.227,192
3,2145.0,2022-08-05 00:08:02.040,192
3,2144.0,2022-08-05 00:08:01.853,192
3,2143.0,2022-08-05 00:08:01.667,192
3,2142.0,2022-08-05 00:08:01.480,192
3,2141.0,2022-08-05 00:08:01.297,192
3,2140.0,2022-08-05 00:08:01.110,192
3,2139.0,2022-08-05 00:08:00.927,192
3,2138.0,2022-08-05 00:08:00.740,192
3,2137.0,2022-08-05 00:08:00.557,192
3,2136.0,2022-08-05 00:08:00.370,192
3,2135.0,2022-08-05 00:08:00.183,192
3,2134.0,2022-08-05 00:08:00.000,192
3,2133.0,2022-08-05 00:07:59.813,192
3,2132.0,2022-08-05 00:07:59.630,192
3,2131.0,2022-08-05 00:07:59.443,192
3,2130.0,2022-08-05 00:07:59.260,192
3,2129.0,2022-08-05 00:07:59.077,192
3,2128.0,2022-08-05 00:07:58.890,192
3,2127.0,2022-08-05 00:07:58.707,192
3,2126.0,2022-08-05 00:07:58.520,192
3,2125.0,2022-08-05 00:07:58.337,192
3,2124.0,2022-08-05 00:07:58.150,192
3,2123.0,2022-08-05 00:07:57.967,192
3,2122.0,2022-08-05 00:07:57.783,192
3,2121.0,2022-08-05 00:07:57.600,192
3,2120.0,2022-08-05 00:07:57.413,192
3,2119.0,2022-08-05 00:07:57.230,192
3,2118.0,2022-08-05 00:07:57.043,192
3,2117.0,2022-08-05 00:07:56.860,192
3,2116.0,2022-08-05 00:07:56.673,192
3,2115.0,2022-08-05 00:07:56.490,192
3,2114.0,2022-08-05 00:07:56.300,192
3,2113.0,2022-08-05 00:07:56.117,192
3,2112.0,2022-08-05 00:07:55.930,192
3,2111.0,2022-08-05 00:07:55.747,192
3,2110.0,2022-08-05 00:07:55.563,192
3,2109.0,2022-08-05 00:07:55.377,192
3,2108.0,2022-08-05 00:07:55.190,192
3,2107.0,2022-08-05 00:07:55.000,192
3,2106.0,2022-08-05 00:07:54.817,192
3,2105.0,2022-08-05 00:07:54.630,192
3,2104.0,2022-08-05 00:07:54.443,192
3,2103.0,2022-08-05 00:07:54.260,192
3,2102.0,2022-08-05 00:07:54.073,192
3,2101.0,2022-08-05 00:07:53.887,192
3,2100.0,2022-08-05 00:07:53.703,192
3,2099.0,2022-08-05 00:07:53.517,192
3,2098.0,2022-08-05 00:07:53.337,192
3,2097.0,2022-08-05 00:07:53.150,192
3,2096.0,2022-08-05 00:07:52.963,192
3,2095.0,2022-08-05 00:07:52.780,192
3,2094.0,2022-08-05 00:07:52.593,192
3,2093.0,2022-08-05 00:07:52.410,192
3,2092.0,2022-08-05 00:07:52.223,192
3,2091.0,2022-08-05 00:07:52.037,192
3,2090.0,2022-08-05 00:07:51.850,192
3,2089.0,2022-08-05 00:07:51.667,192
3,2088.0,2022-08-05 00:07:51.480,192
3,2087.0,2022-08-05 00:07:51.297,192
3,2086.0,2022-08-05 00:07:51.110,192
3,2085.0,2022-08-05 00:07:50.923,192
3,2084.0,2022-08-05 00:07:50.740,192
3,2083.0,2022-08-05 00:07:50.547,192
3,2082.0,2022-08-05 00:07:50.353,192
3,2081.0,2022-08-05 00:07:50.167,192
3,2080.0,2022-08-05 00:07:49.987,192
3,2079.0,2022-08-05 00:07:49.800,192
3,2078.0,2022-08-05 00:07:49.617,192
3,2077.0,2022-08-05 00:07:49.430,192
3,2076.0,2022-08-05 00:07:49.250,192
3,2075.0,2022-08-05 00:07:49.067,192
3,2074.0,2022-08-05 00:07:48.880,192
3,2073.0,2022-08-05 00:07:48.693,192
3,2072.0,2022-08-05 00:07:48.513,192
3,2071.0,2022-08-05 00:07:48.330,192
3,2070.0,2022-08-05 00:07:48.143,192
3,2069.0,2022-08-05 00:07:47.957,192
3,2068.0,2022-08-05 00:07:47.773,192
3,2067.0,2022-08-05 00:07:47.590,192
3,2066.0,2022-08-05 00:07:47.407,192
3,2065.0,2022-08-05 00:07:47.223,192
3,2064.0,2022-08-05 00:07:47.033,192
3,2063.0,2022-08-05 00:07:46.850,192
3,2062.0,2022-08-05 00:07:46.667,192
3,2061.0,2022-08-05 00:07:46.483,192
3,2060.0,2022-08-05 00:07:46.297,192
3,2059.0,2022-08-05 00:07:46.110,192
3,2058.0,2022-08-05 00:07:45.927,192
3,2057.0,2022-08-05 00:07:45.743,192
3,2056.0,2022-08-05 00:07:45.560,192
3,2055.0,2022-08-05 00:07:45.373,192
3,2054.0,2022-08-05 00:07:45.190,192
3,2053.0,2022-08-05 00:07:45.003,192
3,2052.0,2022-08-05 00:07:44.820,192
3,2051.0,2022-08-05 00:07:44.633,192
3,2050.0,2022-08-05 00:07:44.450,192
3,2049.0,2022-08-05 00:07:44.267,192
3,2048.0,2022-08-05 00:07:44.083,192
3,2047.0,2022-08-05 00:07:43.897,192
3,2046.0,2022-08-05 00:07:43.713,192
3,2045.0,2022-08-05 00:07:43.527,192
3,2044.0,2022-08-05 00:07:43.343,192
3,2043.0,2022-08-05 00:07:43.160,192
3,2042.0,2022-08-05 00:07:42.973,192
3,2041.0,2022-08-05 00:07:42.787,192
3,2040.0,2022-08-05 00:07:42.600,192
3,2039.0,2022-08-05 00:07:42.417,192
3,2038.0,2022-08-05 00:07:42.230,192
3,2037.0,2022-08-05 00:07:42.043,192
3,2036.0,2022-08-05 00:07:41.857,192
3,2035.0,2022-08-05 00:07:41.677,192
3,2034.0,2022-08-05 00:07:41.490,192
3,2033.0,2022-08-05 00:07:41.307,192
3,2032.0,2022-08-05 00:07:41.120,192
3,2031.0,2022-08-05 00:07:40.933,192
3,2030.0,2022-08-05 00:07:40.750,192
3,2029.0,2022-08-05 00:07:40.567,192
3,2028.0,2022-08-05 00:07:40.380,192
3,2027.0,2022-08-05 00:07:40.197,192
3,2026.0,2022-08-05 00:07:40.013,192
3,2025.0,2022-08-05 00:07:39.827,192
3,2024.0,2022-08-05 00:07:39.643,192
3,2023.0,2022-08-05 00:07:39.460,192
3,2022.0,2022-08-05 00:07:39.273,192
3,2021.0,2022-08-05 00:07:39.087,192
3,2020.0,2022-08-05 00:07:38.903,192
3,2019.0,2022-08-05 00:07:38.717,192
3,2018.0,2022-08-05 00:07:38.533,192
3,2017.0,2022-08-05 00:07:38.350,192
3,2016.0,2022-08-05 00:07:38.167,192
3,2015.0,2022-08-05 00:07:37.983,192
3,2014.0,2022-08-05 00:07:37.797,192
3,2013.0,2022-08-05 00:07:37.613,192
3,2012.0,2022-08-05 00:07:37.430,192
3,2011.0,2022-08-05 00:07:37.243,192
3,2010.0,2022-08-05 00:07:37.060,192
3,2009.0,2022-08-05 00:07:36.873,192
3,2008.0,2022-08-05 00:07:36.690,192
3,2007.0,2022-08-05 00:07:36.507,192
3,2006.0,2022-08-05 00:07:36.320,192
3,2005.0,2022-08-05 00:07:36.137,192
3,2004.0,2022-08-05 00:07:35.953,192
3,2003.0,2022-08-05 00:07:35.767,192
3,2002.0,2022-08-05 00:07:35.583,192
3,2001.0,2022-08-05 00:07:35.397,192
3,2000.0,2022-08-05 00:07:35.213,192
3,1999.0,2022-08-05 00:07:35.027,192
3,1998.0,2022-08-05 00:07:34.840,192
3,1997.0,2022-08-05 00:07:34.657,192
3,1996.0,2022-08-05 00:07:34.473,192
3,1995.0,2022-08-05 00:07:34.290,192
3,1994.0,2022-08-05 00:07:34.107,192
3,1993.0,2022-08-05 00:07:33.920,192
3,1992.0,2022-08-05 00:07:33.737,192
3,1991.0,2022-08-05 00:07:33.553,192
3,1990.0,2022-08-05 00:07:33.367,192
3,1989.0,2022-08-05 00:07:33.180,192
3,1988.0,2022-08-05 00:07:32.997,192
3,1987.0,2022-08-05 00:07:32.813,192
3,1986.0,2022-08-05 00:07:32.630,192
3,1985.0,2022-08-05 00:07:32.447,192
3,1984.0,2022-08-05 00:07:32.260,192
3,1983.0,2022-08-05 00:07:32.077,192
3,1982.0,2022-08-05 00:07:31.893,192
3,1981.0,2022-08-05 00:07:31.707,192
3,1980.0,2022-08-05 00:07:31.523,192
3,1979.0,2022-08-05 00:07:31.340,192
3,1978.0,2022-08-05 00:07:31.157,192
3,1977.0,2022-08-05 00:07:30.973,192
3,1976.0,2022-08-05 00:07:30.787,192
3,1975.0,2022-08-05 00:07:30.600,192
3,1974.0,2022-08-05 00:07:30.417,192
3,1973.0,2022-08-05 00:07:30.230,192
3,1972.0,2022-08-05 00:07:30.047,192
3,1971.0,2022-08-05 00:07:29.863,192
3,1970.0,2022-08-05 00:07:29.677,192
3,1969.0,2022-08-05 00:07:29.493,192
3,1968.0,2022-08-05 00:07:29.307,192
3,1967.0,2022-08-05 00:07:29.127,192
3,1966.0,2022-08-05 00:07:28.940,192
3,1965.0,2022-08-05 00:07:28.760,192
3,1964.0,2022-08-05 00:07:28.573,192
3,1963.0,2022-08-05 00:07:28.390,192
3,1962.0,2022-08-05 00:07:28.203,192
3,1961.0,2022-08-05 00:07:28.020,192
3,1960.0,2022-08-05 00:07:27.837,192
3,1959.0,2022-08-05 00:07:27.650,192
3,1958.0,2022-08-05 00:07:27.467,192
3,1957.0,2022-08-05 00:07:27.280,192
3,1956.0,2022-08-05 00:07:27.097,192
3,1955.0,2022-08-05 00:07:26.910,192
3,1954.0,2022-08-05 00:07:26.727,192
3,1953.0,2022-08-05 00:07:26.543,192
3,1952.0,2022-08-05 00:07:26.360,192
3,1951.0,2022-08-05 00:07:26.177,192
3,1950.0,2022-08-05 00:07:25.993,192
3,1949.0,2022-08-05 00:07:25.810,192
3,1948.0,2022-08-05 00:07:25.627,192
3,1947.0,2022-08-05 00:07:25.440,192
3,1946.0,2022-08-05 00:07:25.257,192
3,1945.0,2022-08-05 00:07:25.070,192
3,1944.0,2022-08-05 00:07:24.883,192
3,1943.0,2022-08-05 00:07:24.700,192
3,1942.0,2022-08-05 00:07:24.517,192
3,1941.0,2022-08-05 00:07:24.333,192
3,1940.0,2022-08-05 00:07:24.147,192
3,1939.0,2022-08-05 00:07:23.960,192
3,1938.0,2022-08-05 00:07:23.777,192
3,1937.0,2022-08-05 00:07:23.593,192
3,1936.0,2022-08-05 00:07:23.410,192
3,1935.0,2022-08-05 00:07:23.223,192
3,1934.0,2022-08-05 00:07:23.040,192
3,1933.0,2022-08-05 00:07:22.857,192
3,1932.0,2022-08-05 00:07:22.670,192
3,1931.0,2022-08-05 00:07:22.487,192
3,1930.0,2022-08-05 00:07:22.300,192
3,1929.0,2022-08-05 00:07:22.117,192
3,1928.0,2022-08-05 00:07:21.930,192
3,1927.0,2022-08-05 00:07:21.747,192
3,1926.0,2022-08-05 00:07:21.560,192
3,1925.0,2022-08-05 00:07:21.377,192
3,1924.0,2022-08-05 00:07:21.190,192
3,1923.0,2022-08-05 00:07:21.007,192
3,1922.0,2022-08-05 00:07:20.823,192
3,1921.0,2022-08-05 00:07:20.643,192
3,1920.0,2022-08-05 00:07:20.440,192
3,1919.0,2022-08-05 00:07:20.253,192
3,1918.0,2022-08-05 00:07:20.067,192
3,1917.0,2022-08-05 00:07:19.883,192
3,1916.0,2022-08-05 00:07:19.700,192
3,1915.0,2022-08-05 00:07:19.513,192
3,1914.0,2022-08-05 00:07:19.330,192
3,1913.0,2022-08-05 00:07:19.147,192
3,1912.0,2022-08-05 00:07:18.963,192
3,1911.0,2022-08-05 00:07:18.777,192
3,1910.0,2022-08-05 00:07:18.597,192
3,1909.0,2022-08-05 00:07:18.410,192
3,1908.0,2022-08-05 00:07:18.227,192
3,1907.0,2022-08-05 00:07:18.043,192
3,1906.0,2022-08-05 00:07:17.857,192
3,1905.0,2022-08-05 00:07:17.673,192
3,1904.0,2022-08-05 00:07:17.490,192
3,1903.0,2022-08-05 00:07:17.307,192
3,1902.0,2022-08-05 00:07:17.123,192
3,1901.0,2022-08-05 00:07:16.937,192
3,1900.0,2022-08-05 00:07:16.753,192
3,1899.0,2022-08-05 00:07:16.570,192
3,1898.0,2022-08-05 00:07:16.383,192
3,1897.0,2022-08-05 00:07:16.197,192
3,1896.0,2022-08-05 00:07:16.010,192
3,1895.0,2022-08-05 00:07:15.827,192
3,1894.0,2022-08-05 00:07:15.640,192
3,1893.0,2022-08-05 00:07:15.453,192
3,1892.0,2022-08-05 00:07:15.270,192
3,1891.0,2022-08-05 00:07:15.087,192
3,1890.0,2022-08-05 00:07:14.900,192
3,1889.0,2022-08-05 00:07:14.717,192
3,1888.0,2022-08-05 00:07:14.533,192
3,1887.0,2022-08-05 00:07:14.347,192
3,1886.0,2022-08-05 00:07:14.160,192
3,1885.0,2022-08-05 00:07:13.977,192
3,1884.0,2022-08-05 00:07:13.790,192
3,1883.0,2022-08-05 00:07:13.607,192
3,1882.0,2022-08-05 00:07:13.420,192
3,1881.0,2022-08-05 00:07:13.233,192
3,1880.0,2022-08-05 00:07:13.050,192
3,1879.0,2022-08-05 00:07:12.867,192
3,1878.0,2022-08-05 00:07:12.680,192
3,1877.0,2022-08-05 00:07:12.493,192
3,1876.0,2022-08-05 00:07:12.307,192
3,1875.0,2022-08-05 00:07:12.123,192
3,1874.0,2022-08-05 00:07:11.937,192
3,1873.0,2022-08-05 00:07:11.753,192
3,1872.0,2022-08-05 00:07:11.567,192
3,1871.0,2022-08-05 00:07:11.380,192
3,1870.0,2022-08-05 00:07:11.197,192
3,1869.0,2022-08-05 00:07:11.010,192
3,1868.0,2022-08-05 00:07:10.823,192
3,1867.0,2022-08-05 00:07:10.637,192
3,1866.0,2022-08-05 00:07:10.450,192
3,1865.0,2022-08-05 00:07:10.267,192
3,1864.0,2022-08-05 00:07:10.077,192
3,1863.0,2022-08-05 00:07:09.890,192
3,1862.0,2022-08-05 00:07:09.703,192
3,1861.0,2022-08-05 00:07:09.517,192
3,1860.0,2022-08-05 00:07:09.333,192
3,1859.0,2022-08-05 00:07:09.147,192
3,1858.0,2022-08-05 00:07:08.960,192
3,1857.0,2022-08-05 00:07:08.777,192
3,1856.0,2022-08-05 00:07:08.593,192
3,1855.0,2022-08-05 00:07:08.410,192
3,1854.0,2022-08-05 00:07:08.223,192
3,1853.0,2022-08-05 00:07:08.040,192
3,1852.0,2022-08-05 00:07:07.853,192
3,1851.0,2022-08-05 00:07:07.670,192
3,1850.0,2022-08-05 00:07:07.487,192
3,1849.0,2022-08-05 00:07:07.307,192
3,1848.0,2022-08-05 00:07:07.120,192
3,1847.0,2022-08-05 00:07:06.927,192
3,1846.0,2022-08-05 00:07:06.737,192
3,1845.0,2022-08-05 00:07:06.553,192
3,1844.0,2022-08-05 00:07:06.367,192
3,1843.0,2022-08-05 00:07:06.183,192
3,1842.0,2022-08-05 00:07:05.980,192
3,1841.0,2022-08-05 00:07:05.797,192
3,1840.0,2022-08-05 00:07:05.613,192
3,1839.0,2022-08-05 00:07:05.427,192
3,1838.0,2022-08-05 00:07:05.240,192
3,1837.0,2022-08-05 00:07:05.053,192
3,1836.0,2022-08-05 00:07:04.867,192
3,1835.0,2022-08-05 00:07:04.687,192
3,1834.0,2022-08-05 00:07:04.500,192
3,1833.0,2022-08-05 00:07:04.317,192
3,1832.0,2022-08-05 00:07:04.130,192
3,1831.0,2022-08-05 00:07:03.947,192
3,1830.0,2022-08-05 00:07:03.760,192
3,1829.0,2022-08-05 00:07:03.577,192
3,1828.0,2022-08-05 00:07:03.393,192
3,1827.0,2022-08-05 00:07:03.203,192
3,1826.0,2022-08-05 00:07:03.020,192
3,1825.0,2022-08-05 00:07:02.833,192
3,1824.0,2022-08-05 00:07:02.637,192
3,1823.0,2022-08-05 00:07:02.453,192
3,1822.0,2022-08-05 00:07:02.270,192
3,1821.0,2022-08-05 00:07:02.087,192
3,1820.0,2022-08-05 00:07:01.903,192
3,1819.0,2022-08-05 00:07:01.720,192
3,1818.0,2022-08-05 00:07:01.533,192
3,1817.0,2022-08-05 00:07:01.347,192
3,1816.0,2022-08-05 00:07:01.163,192
3,1815.0,2022-08-05 00:07:00.980,192
3,1814.0,2022-08-05 00:07:00.793,192
3,1813.0,2022-08-05 00:07:00.607,192
3,1812.0,2022-08-05 00:07:00.423,192
3,1811.0,2022-08-05 00:07:00.237,192
3,1810.0,2022-08-05 00:07:00.053,192
3,1809.0,2022-08-05 00:06:59.870,192
3,1808.0,2022-08-05 00:06:59.683,192
3,1807.0,2022-08-05 00:06:59.497,192
3,1806.0,2022-08-05 00:06:59.310,192
3,1805.0,2022-08-05 00:06:59.123,192
3,1804.0,2022-08-05 00:06:58.943,192
3,1803.0,2022-08-05 00:06:58.753,192
3,1802.0,2022-08-05 00:06:58.567,192
3,1801.0,2022-08-05 00:06:58.380,192
3,1800.0,2022-08-05 00:06:58.197,192
3,1799.0,2022-08-05 00:06:58.007,192
3,1798.0,2022-08-05 00:06:57.820,192
3,1797.0,2022-08-05 00:06:57.637,192
3,1796.0,2022-08-05 00:06:57.450,192
3,1795.0,2022-08-05 00:06:57.263,192
3,1794.0,2022-08-05 00:06:57.077,192
3,1793.0,2022-08-05 00:06:56.890,192
3,1792.0,2022-08-05 00:06:56.707,192
3,1791.0,2022-08-05 00:06:56.523,192
3,1790.0,2022-08-05 00:06:56.337,192
3,1789.0,2022-08-05 00:06:56.153,192
3,1788.0,2022-08-05 00:06:55.970,192
3,1787.0,2022-08-05 00:06:55.783,192
3,1786.0,2022-08-05 00:06:55.600,192
3,1785.0,2022-08-05 00:06:55.413,192
3,1784.0,2022-08-05 00:06:55.230,192
3,1783.0,2022-08-05 00:06:55.040,192
3,1782.0,2022-08-05 00:06:54.857,192
3,1781.0,2022-08-05 00:06:54.670,192
3,1780.0,2022-08-05 00:06:54.483,192
3,1779.0,2022-08-05 00:06:54.300,192
3,1778.0,2022-08-05 00:06:54.113,192
3,1777.0,2022-08-05 00:06:53.930,192
3,1776.0,2022-08-05 00:06:53.747,192
3,1775.0,2022-08-05 00:06:53.560,192
3,1774.0,2022-08-05 00:06:53.377,192
3,1773.0,2022-08-05 00:06:53.190,192
3,1772.0,2022-08-05 00:06:53.010,192
3,1771.0,2022-08-05 00:06:52.827,192
3,1770.0,2022-08-05 00:06:52.643,192
3,1769.0,2022-08-05 00:06:52.457,192
3,1768.0,2022-08-05 00:06:52.270,192
3,1767.0,2022-08-05 00:06:52.087,192
3,1766.0,2022-08-05 00:06:51.903,192
3,1765.0,2022-08-05 00:06:51.720,192
3,1764.0,2022-08-05 00:06:51.533,192
3,1763.0,2022-08-05 00:06:51.343,192
3,1762.0,2022-08-05 00:06:51.160,192
3,1761.0,2022-08-05 00:06:50.977,192
3,1760.0,2022-08-05 00:06:50.790,192
3,1759.0,2022-08-05 00:06:50.600,192
3,1758.0,2022-08-05 00:06:50.413,192
3,1757.0,2022-08-05 00:06:50.227,192
3,1756.0,2022-08-05 00:06:50.043,192
3,1755.0,2022-08-05 00:06:49.860,192
3,1754.0,2022-08-05 00:06:49.673,192
3,1753.0,2022-08-05 00:06:49.487,192
3,1752.0,2022-08-05 00:06:49.300,192
3,1751.0,2022-08-05 00:06:49.113,192
3,1750.0,2022-08-05 00:06:48.930,192
3,1749.0,2022-08-05 00:06:48.747,192
3,1748.0,2022-08-05 00:06:48.560,192
3,1747.0,2022-08-05 00:06:48.377,192
3,1746.0,2022-08-05 00:06:48.190,192
3,1745.0,2022-08-05 00:06:48.007,192
3,1744.0,2022-08-05 00:06:47.823,192
3,1743.0,2022-08-05 00:06:47.637,192
3,1742.0,2022-08-05 00:06:47.453,192
3,1741.0,2022-08-05 00:06:47.270,192
3,1740.0,2022-08-05 00:06:47.087,192
3,1739.0,2022-08-05 00:06:46.903,192
3,1738.0,2022-08-05 00:06:46.720,192
3,1737.0,2022-08-05 00:06:46.537,192
3,1736.0,2022-08-05 00:06:46.350,192
3,1735.0,2022-08-05 00:06:46.163,192
3,1734.0,2022-08-05 00:06:45.980,192
3,1733.0,2022-08-05 00:06:45.797,192
3,1732.0,2022-08-05 00:06:45.610,192
3,1731.0,2022-08-05 00:06:45.427,192
3,1730.0,2022-08-05 00:06:45.243,192
3,1729.0,2022-08-05 00:06:45.060,192
3,1728.0,2022-08-05 00:06:44.873,192
3,1727.0,2022-08-05 00:06:44.687,192
3,1726.0,2022-08-05 00:06:44.500,192
3,1725.0,2022-08-05 00:06:44.313,192
3,1724.0,2022-08-05 00:06:44.130,192
3,1723.0,2022-08-05 00:06:43.943,192
3,1722.0,2022-08-05 00:06:43.757,192
3,1721.0,2022-08-05 00:06:43.573,192
3,1720.0,2022-08-05 00:06:43.387,192
3,1719.0,2022-08-05 00:06:43.200,192
3,1718.0,2022-08-05 00:06:43.013,192
3,1717.0,2022-08-05 00:06:42.827,192
3,1716.0,2022-08-05 00:06:42.643,192
3,1715.0,2022-08-05 00:06:42.457,192
3,1714.0,2022-08-05 00:06:42.273,192
3,1713.0,2022-08-05 00:06:42.090,192
3,1712.0,2022-08-05 00:06:41.903,192
3,1711.0,2022-08-05 00:06:41.720,192
3,1710.0,2022-08-05 00:06:41.537,192
3,1709.0,2022-08-05 00:06:41.350,192
3,1708.0,2022-08-05 00:06:41.163,192
3,1707.0,2022-08-05 00:06:40.980,192
3,1706.0,2022-08-05 00:06:40.790,192
3,1705.0,2022-08-05 00:06:40.603,192
3,1704.0,2022-08-05 00:06:40.417,192
3,1703.0,2022-08-05 00:06:40.233,192
3,1702.0,2022-08-05 00:06:40.050,192
3,1701.0,2022-08-05 00:06:39.867,192
3,1700.0,2022-08-05 00:06:39.680,192
3,1699.0,2022-08-05 00:06:39.497,192
3,1698.0,2022-08-05 00:06:39.310,192
3,1697.0,2022-08-05 00:06:39.123,192
3,1696.0,2022-08-05 00:06:38.940,192
3,1695.0,2022-08-05 00:06:38.757,192
3,1694.0,2022-08-05 00:06:38.570,192
3,1693.0,2022-08-05 00:06:38.387,192
3,1692.0,2022-08-05 00:06:38.200,192
3,1691.0,2022-08-05 00:06:38.013,192
3,1690.0,2022-08-05 00:06:37.830,192
3,1689.0,2022-08-05 00:06:37.643,192
3,1688.0,2022-08-05 00:06:37.457,192
3,1687.0,2022-08-05 00:06:37.270,192
3,1686.0,2022-08-05 00:06:37.083,192
3,1685.0,2022-08-05 00:06:36.900,192
3,1684.0,2022-08-05 00:06:36.710,192
3,1683.0,2022-08-05 00:06:36.527,192
3,1682.0,2022-08-05 00:06:36.340,192
3,1681.0,2022-08-05 00:06:36.157,192
3,1680.0,2022-08-05 00:06:35.970,192
3,1679.0,2022-08-05 00:06:35.787,192
3,1678.0,2022-08-05 00:06:35.603,192
3,1677.0,2022-08-05 00:06:35.417,192
3,1676.0,2022-08-05 00:06:35.233,192
3,1675.0,2022-08-05 00:06:35.050,192
3,1674.0,2022-08-05 00:06:34.867,192
3,1673.0,2022-08-05 00:06:34.683,192
3,1672.0,2022-08-05 00:06:34.497,192
3,1671.0,2022-08-05 00:06:34.313,192
3,1670.0,2022-08-05 00:06:34.127,192
3,1669.0,2022-08-05 00:06:33.940,192
3,1668.0,2022-08-05 00:06:33.740,192
3,1667.0,2022-08-05 00:06:33.553,192
3,1666.0,2022-08-05 00:06:33.367,192
3,1665.0,2022-08-05 00:06:33.180,192
3,1664.0,2022-08-05 00:06:32.993,192
3,1663.0,2022-08-05 00:06:32.810,192
3,1662.0,2022-08-05 00:06:32.623,192
3,1661.0,2022-08-05 00:06:32.440,192
3,1660.0,2022-08-05 00:06:32.257,192
3,1659.0,2022-08-05 00:06:32.073,192
3,1658.0,2022-08-05 00:06:31.887,192
3,1657.0,2022-08-05 00:06:31.703,192
3,1656.0,2022-08-05 00:06:31.517,192
3,1655.0,2022-08-05 00:06:31.333,192
3,1654.0,2022-08-05 00:06:31.147,192
3,1653.0,2022-08-05 00:06:30.963,192
3,1652.0,2022-08-05 00:06:30.777,192
3,1651.0,2022-08-05 00:06:30.590,192
3,1650.0,2022-08-05 00:06:30.400,192
3,1649.0,2022-08-05 00:06:30.213,192
3,1648.0,2022-08-05 00:06:30.030,192
3,1647.0,2022-08-05 00:06:29.843,192
3,1646.0,2022-08-05 00:06:29.657,192
3,1645.0,2022-08-05 00:06:29.470,192
3,1644.0,2022-08-05 00:06:29.287,192
3,1643.0,2022-08-05 00:06:29.100,192
3,1642.0,2022-08-05 00:06:28.917,192
3,1641.0,2022-08-05 00:06:28.730,192
3,1640.0,2022-08-05 00:06:28.540,192
3,1639.0,2022-08-05 00:06:28.357,192
3,1638.0,2022-08-05 00:06:28.167,192
3,1637.0,2022-08-05 00:06:27.983,192
3,1636.0,2022-08-05 00:06:27.800,192
3,1635.0,2022-08-05 00:06:27.617,192
3,1634.0,2022-08-05 00:06:27.430,192
3,1633.0,2022-08-05 00:06:27.243,192
3,1632.0,2022-08-05 00:06:27.053,192
3,1631.0,2022-08-05 00:06:26.870,192
3,1630.0,2022-08-05 00:06:26.687,192
3,1629.0,2022-08-05 00:06:26.497,192
3,1628.0,2022-08-05 00:06:26.313,192
3,1627.0,2022-08-05 00:06:26.127,192
3,1626.0,2022-08-05 00:06:25.937,192
3,1625.0,2022-08-05 00:06:25.753,192
3,1624.0,2022-08-05 00:06:25.570,192
3,1623.0,2022-08-05 00:06:25.383,192
3,1622.0,2022-08-05 00:06:25.200,192
3,1621.0,2022-08-05 00:06:25.013,192
3,1620.0,2022-08-05 00:06:24.830,192
3,1619.0,2022-08-05 00:06:24.643,192
3,1618.0,2022-08-05 00:06:24.457,192
3,1617.0,2022-08-05 00:06:24.273,192
3,1616.0,2022-08-05 00:06:24.087,192
3,1615.0,2022-08-05 00:06:23.900,192
3,1614.0,2022-08-05 00:06:23.717,192
3,1613.0,2022-08-05 00:06:23.527,192
3,1612.0,2022-08-05 00:06:23.343,192
3,1611.0,2022-08-05 00:06:23.160,192
3,1610.0,2022-08-05 00:06:22.973,192
3,1609.0,2022-08-05 00:06:22.787,192
3,1608.0,2022-08-05 00:06:22.603,192
3,1607.0,2022-08-05 00:06:22.417,192
3,1606.0,2022-08-05 00:06:22.233,192
3,1605.0,2022-08-05 00:06:22.047,192
3,1604.0,2022-08-05 00:06:21.867,192
3,1603.0,2022-08-05 00:06:21.683,192
3,1602.0,2022-08-05 00:06:21.497,192
3,1601.0,2022-08-05 00:06:21.310,192
3,1600.0,2022-08-05 00:06:21.127,192
3,1599.0,2022-08-05 00:06:20.943,192
3,1598.0,2022-08-05 00:06:20.757,192
3,1597.0,2022-08-05 00:06:20.573,192
3,1596.0,2022-08-05 00:06:20.390,192
3,1595.0,2022-08-05 00:06:20.203,192
3,1594.0,2022-08-05 00:06:20.017,192
3,1593.0,2022-08-05 00:06:19.833,192
3,1592.0,2022-08-05 00:06:19.650,192
3,1591.0,2022-08-05 00:06:19.463,192
3,1590.0,2022-08-05 00:06:19.280,192
3,1589.0,2022-08-05 00:06:19.097,192
3,1588.0,2022-08-05 00:06:18.897,192
3,1587.0,2022-08-05 00:06:18.710,192
3,1586.0,2022-08-05 00:06:18.523,192
3,1585.0,2022-08-05 00:06:18.333,192
3,1584.0,2022-08-05 00:06:18.147,192
3,1583.0,2022-08-05 00:06:17.960,192
3,1582.0,2022-08-05 00:06:17.777,192
3,1581.0,2022-08-05 00:06:17.593,192
3,1580.0,2022-08-05 00:06:17.407,192
3,1579.0,2022-08-05 00:06:17.223,192
3,1578.0,2022-08-05 00:06:17.037,192
3,1577.0,2022-08-05 00:06:16.853,192
3,1576.0,2022-08-05 00:06:16.670,192
3,1575.0,2022-08-05 00:06:16.480,192
3,1574.0,2022-08-05 00:06:16.297,192
3,1573.0,2022-08-05 00:06:16.113,192
3,1572.0,2022-08-05 00:06:15.927,192
3,1571.0,2022-08-05 00:06:15.740,192
3,1570.0,2022-08-05 00:06:15.557,192
3,1569.0,2022-08-05 00:06:15.373,192
3,1568.0,2022-08-05 00:06:15.187,192
3,1567.0,2022-08-05 00:06:15.003,192
3,1566.0,2022-08-05 00:06:14.817,192
3,1565.0,2022-08-05 00:06:14.630,192
3,1564.0,2022-08-05 00:06:14.447,192
3,1563.0,2022-08-05 00:06:14.260,192
3,1562.0,2022-08-05 00:06:14.077,192
3,1561.0,2022-08-05 00:06:13.890,192
3,1560.0,2022-08-05 00:06:13.707,192
3,1559.0,2022-08-05 00:06:13.523,192
3,1558.0,2022-08-05 00:06:13.337,192
3,1557.0,2022-08-05 00:06:13.150,192
3,1556.0,2022-08-05 00:06:12.963,192
3,1555.0,2022-08-05 00:06:12.780,192
3,1554.0,2022-08-05 00:06:12.597,192
3,1553.0,2022-08-05 00:06:12.410,192
3,1552.0,2022-08-05 00:06:12.227,192
3,1551.0,2022-08-05 00:06:12.043,192
3,1550.0,2022-08-05 00:06:11.860,192
3,1549.0,2022-08-05 00:06:11.673,192
3,1548.0,2022-08-05 00:06:11.490,192
3,1547.0,2022-08-05 00:06:11.303,192
3,1546.0,2022-08-05 00:06:11.120,192
3,1545.0,2022-08-05 00:06:10.933,192
3,1544.0,2022-08-05 00:06:10.750,192
3,1543.0,2022-08-05 00:06:10.563,192
3,1542.0,2022-08-05 00:06:10.380,192
3,1541.0,2022-08-05 00:06:10.197,192
3,1540.0,2022-08-05 00:06:10.010,192
3,1539.0,2022-08-05 00:06:09.827,192
3,1538.0,2022-08-05 00:06:09.643,192
3,1537.0,2022-08-05 00:06:09.457,192
3,1536.0,2022-08-05 00:06:09.270,192
3,1535.0,2022-08-05 00:06:09.087,192
3,1534.0,2022-08-05 00:06:08.903,192
3,1533.0,2022-08-05 00:06:08.720,192
3,1532.0,2022-08-05 00:06:08.533,192
3,1531.0,2022-08-05 00:06:08.353,192
3,1530.0,2022-08-05 00:06:08.167,192
3,1529.0,2022-08-05 00:06:07.980,192
3,1528.0,2022-08-05 00:06:07.797,192
3,1527.0,2022-08-05 00:06:07.607,192
3,1526.0,2022-08-05 00:06:07.423,192
3,1525.0,2022-08-05 00:06:07.233,192
3,1524.0,2022-08-05 00:06:07.047,192
3,1523.0,2022-08-05 00:06:06.863,192
3,1522.0,2022-08-05 00:06:06.680,192
3,1521.0,2022-08-05 00:06:06.493,192
3,1520.0,2022-08-05 00:06:06.307,192
3,1519.0,2022-08-05 00:06:06.123,192
3,1518.0,2022-08-05 00:06:05.937,192
3,1517.0,2022-08-05 00:06:05.753,192
3,1516.0,2022-08-05 00:06:05.570,192
3,1515.0,2022-08-05 00:06:05.383,192
3,1514.0,2022-08-05 00:06:05.197,192
3,1513.0,2022-08-05 00:06:05.010,192
3,1512.0,2022-08-05 00:06:04.827,192
3,1511.0,2022-08-05 00:06:04.640,192
3,1510.0,2022-08-05 00:06:04.453,192
3,1509.0,2022-08-05 00:06:04.270,192
3,1508.0,2022-08-05 00:06:04.087,192
3,1507.0,2022-08-05 00:06:03.903,192
3,1506.0,2022-08-05 00:06:03.717,192
3,1505.0,2022-08-05 00:06:03.530,192
3,1504.0,2022-08-05 00:06:03.347,192
3,1503.0,2022-08-05 00:06:03.163,192
3,1502.0,2022-08-05 00:06:02.977,192
3,1501.0,2022-08-05 00:06:02.787,192
3,1500.0,2022-08-05 00:06:02.603,192
3,1499.0,2022-08-05 00:06:02.420,192
3,1498.0,2022-08-05 00:06:02.233,192
3,1497.0,2022-08-05 00:06:02.047,192
3,1496.0,2022-08-05 00:06:01.860,192
3,1495.0,2022-08-05 00:06:01.673,192
3,1494.0,2022-08-05 00:06:01.487,192
3,1493.0,2022-08-05 00:06:01.303,192
3,1492.0,2022-08-05 00:06:01.117,192
3,1491.0,2022-08-05 00:06:00.930,192
3,1490.0,2022-08-05 00:06:00.743,192
3,1489.0,2022-08-05 00:06:00.560,192
3,1488.0,2022-08-05 00:06:00.373,192
3,1487.0,2022-08-05 00:06:00.187,192
3,1486.0,2022-08-05 00:06:00.003,192
3,1485.0,2022-08-05 00:05:59.820,192
3,1484.0,2022-08-05 00:05:59.633,192
3,1483.0,2022-08-05 00:05:59.450,192
3,1482.0,2022-08-05 00:05:59.263,192
3,1481.0,2022-08-05 00:05:59.077,192
3,1480.0,2022-08-05 00:05:58.893,192
3,1479.0,2022-08-05 00:05:58.707,192
3,1478.0,2022-08-05 00:05:58.520,192
3,1477.0,2022-08-05 00:05:58.333,192
3,1476.0,2022-08-05 00:05:58.150,192
3,1475.0,2022-08-05 00:05:57.967,192
3,1474.0,2022-08-05 00:05:57.780,192
3,1473.0,2022-08-05 00:05:57.593,192
3,1472.0,2022-08-05 00:05:57.407,192
3,1471.0,2022-08-05 00:05:57.223,192
3,1470.0,2022-08-05 00:05:57.037,192
3,1469.0,2022-08-05 00:05:56.850,192
3,1468.0,2022-08-05 00:05:56.667,192
3,1467.0,2022-08-05 00:05:56.480,192
3,1466.0,2022-08-05 00:05:56.297,192
3,1465.0,2022-08-05 00:05:56.110,192
3,1464.0,2022-08-05 00:05:55.927,192
3,1463.0,2022-08-05 00:05:55.743,192
3,1462.0,2022-08-05 00:05:55.560,192
3,1461.0,2022-08-05 00:05:55.373,192
3,1460.0,2022-08-05 00:05:55.190,192
3,1459.0,2022-08-05 00:05:55.003,192
3,1458.0,2022-08-05 00:05:54.820,192
3,1457.0,2022-08-05 00:05:54.633,192
3,1456.0,2022-08-05 00:05:54.450,192
3,1455.0,2022-08-05 00:05:54.263,192
3,1454.0,2022-08-05 00:05:54.077,192
3,1453.0,2022-08-05 00:05:53.887,192
3,1452.0,2022-08-05 00:05:53.703,192
3,1451.0,2022-08-05 00:05:53.517,192
3,1450.0,2022-08-05 00:05:53.330,192
3,1449.0,2022-08-05 00:05:53.143,192
3,1448.0,2022-08-05 00:05:52.960,192
3,1447.0,2022-08-05 00:05:52.777,192
3,1446.0,2022-08-05 00:05:52.593,192
3,1445.0,2022-08-05 00:05:52.407,192
3,1444.0,2022-08-05 00:05:52.220,192
3,1443.0,2022-08-05 00:05:52.033,192
3,1442.0,2022-08-05 00:05:51.847,192
3,1441.0,2022-08-05 00:05:51.660,192
3,1440.0,2022-08-05 00:05:51.477,192
3,1439.0,2022-08-05 00:05:51.287,192
3,1438.0,2022-08-05 00:05:51.103,192
3,1437.0,2022-08-05 00:05:50.917,192
3,1436.0,2022-08-05 00:05:50.730,192
3,1435.0,2022-08-05 00:05:50.547,192
3,1434.0,2022-08-05 00:05:50.363,192
3,1433.0,2022-08-05 00:05:50.177,192
3,1432.0,2022-08-05 00:05:49.990,192
3,1431.0,2022-08-05 00:05:49.807,192
3,1430.0,2022-08-05 00:05:49.623,192
3,1429.0,2022-08-05 00:05:49.440,192
3,1428.0,2022-08-05 00:05:49.257,192
3,1427.0,2022-08-05 00:05:49.070,192
3,1426.0,2022-08-05 00:05:48.887,192
3,1425.0,2022-08-05 00:05:48.700,192
3,1424.0,2022-08-05 00:05:48.517,192
3,1423.0,2022-08-05 00:05:48.327,192
3,1422.0,2022-08-05 00:05:48.140,192
3,1421.0,2022-08-05 00:05:47.957,192
3,1420.0,2022-08-05 00:05:47.770,192
3,1419.0,2022-08-05 00:05:47.583,192
3,1418.0,2022-08-05 00:05:47.400,192
3,1417.0,2022-08-05 00:05:47.217,192
3,1416.0,2022-08-05 00:05:47.030,192
3,1415.0,2022-08-05 00:05:46.847,192
3,1414.0,2022-08-05 00:05:46.663,192
3,1413.0,2022-08-05 00:05:46.477,192
3,1412.0,2022-08-05 00:05:46.290,192
3,1411.0,2022-08-05 00:05:46.103,192
3,1410.0,2022-08-05 00:05:45.917,192
3,1409.0,2022-08-05 00:05:45.730,192
3,1408.0,2022-08-05 00:05:45.547,192
3,1407.0,2022-08-05 00:05:45.363,192
3,1406.0,2022-08-05 00:05:45.177,192
3,1405.0,2022-08-05 00:05:44.990,192
3,1404.0,2022-08-05 00:05:44.807,192
3,1403.0,2022-08-05 00:05:44.620,192
3,1402.0,2022-08-05 00:05:44.437,192
3,1401.0,2022-08-05 00:05:44.253,192
3,1400.0,2022-08-05 00:05:44.067,192
3,1399.0,2022-08-05 00:05:43.880,192
3,1398.0,2022-08-05 00:05:43.697,192
3,1397.0,2022-08-05 00:05:43.510,192
3,1396.0,2022-08-05 00:05:43.323,192
3,1395.0,2022-08-05 00:05:43.140,192
3,1394.0,2022-08-05 00:05:42.953,192
3,1393.0,2022-08-05 00:05:42.767,192
3,1392.0,2022-08-05 00:05:42.580,192
3,1391.0,2022-08-05 00:05:42.393,192
3,1390.0,2022-08-05 00:05:42.207,192
3,1389.0,2022-08-05 00:05:42.020,192
3,1388.0,2022-08-05 00:05:41.833,192
3,1387.0,2022-08-05 00:05:41.650,192
3,1386.0,2022-08-05 00:05:41.463,192
3,1385.0,2022-08-05 00:05:41.277,192
3,1384.0,2022-08-05 00:05:41.093,192
3,1383.0,2022-08-05 00:05:40.903,192
3,1382.0,2022-08-05 00:05:40.720,192
3,1381.0,2022-08-05 00:05:40.533,192
3,1380.0,2022-08-05 00:05:40.350,192
3,1379.0,2022-08-05 00:05:40.163,192
3,1378.0,2022-08-05 00:05:39.980,192
3,1377.0,2022-08-05 00:05:39.797,192
3,1376.0,2022-08-05 00:05:39.610,192
3,1375.0,2022-08-05 00:05:39.427,192
3,1374.0,2022-08-05 00:05:39.240,192
3,1373.0,2022-08-05 00:05:39.053,192
3,1372.0,2022-08-05 00:05:38.867,192
3,1371.0,2022-08-05 00:05:38.683,192
3,1370.0,2022-08-05 00:05:38.497,192
3,1369.0,2022-08-05 00:05:38.313,192
3,1368.0,2022-08-05 00:05:38.127,192
3,1367.0,2022-08-05 00:05:37.940,192
3,1366.0,2022-08-05 00:05:37.757,192
3,1365.0,2022-08-05 00:05:37.573,192
3,1364.0,2022-08-05 00:05:37.390,192
3,1363.0,2022-08-05 00:05:37.203,192
3,1362.0,2022-08-05 00:05:37.020,192
3,1361.0,2022-08-05 00:05:36.837,192
3,1360.0,2022-08-05 00:05:36.653,192
3,1359.0,2022-08-05 00:05:36.467,192
3,1358.0,2022-08-05 00:05:36.280,192
3,1357.0,2022-08-05 00:05:36.093,192
3,1356.0,2022-08-05 00:05:35.910,192
3,1355.0,2022-08-05 00:05:35.723,192
3,1354.0,2022-08-05 00:05:35.537,192
3,1353.0,2022-08-05 00:05:35.353,192
3,1352.0,2022-08-05 00:05:35.167,192
3,1351.0,2022-08-05 00:05:34.980,192
3,1350.0,2022-08-05 00:05:34.793,192
3,1349.0,2022-08-05 00:05:34.610,192
3,1348.0,2022-08-05 00:05:34.423,192
3,1347.0,2022-08-05 00:05:34.240,192
3,1346.0,2022-08-05 00:05:34.057,192
3,1345.0,2022-08-05 00:05:33.870,192
3,1344.0,2022-08-05 00:05:33.687,192
3,1343.0,2022-08-05 00:05:33.503,192
3,1342.0,2022-08-05 00:05:33.320,192
3,1341.0,2022-08-05 00:05:33.137,192
3,1340.0,2022-08-05 00:05:32.953,192
3,1339.0,2022-08-05 00:05:32.770,192
3,1338.0,2022-08-05 00:05:32.587,192
3,1337.0,2022-08-05 00:05:32.400,192
3,1336.0,2022-08-05 00:05:32.213,192
3,1335.0,2022-08-05 00:05:32.030,192
3,1334.0,2022-08-05 00:05:31.847,192
3,1333.0,2022-08-05 00:05:31.660,192
3,1332.0,2022-08-05 00:05:31.477,192
3,1331.0,2022-08-05 00:05:31.290,192
3,1330.0,2022-08-05 00:05:31.107,192
3,1329.0,2022-08-05 00:05:30.923,192
3,1328.0,2022-08-05 00:05:30.740,192
3,1327.0,2022-08-05 00:05:30.557,192
3,1326.0,2022-08-05 00:05:30.367,192
3,1325.0,2022-08-05 00:05:30.180,192
3,1324.0,2022-08-05 00:05:29.997,192
3,1323.0,2022-08-05 00:05:29.810,192
3,1322.0,2022-08-05 00:05:29.627,192
3,1321.0,2022-08-05 00:05:29.440,192
3,1320.0,2022-08-05 00:05:29.257,192
3,1319.0,2022-08-05 00:05:29.070,192
3,1318.0,2022-08-05 00:05:28.887,192
3,1317.0,2022-08-05 00:05:28.703,192
3,1316.0,2022-08-05 00:05:28.520,192
3,1315.0,2022-08-05 00:05:28.337,192
3,1314.0,2022-08-05 00:05:28.150,192
3,1313.0,2022-08-05 00:05:27.967,192
3,1312.0,2022-08-05 00:05:27.780,192
3,1311.0,2022-08-05 00:05:27.593,192
3,1310.0,2022-08-05 00:05:27.410,192
3,1309.0,2022-08-05 00:05:27.223,192
3,1308.0,2022-08-05 00:05:27.037,192
3,1307.0,2022-08-05 00:05:26.853,192
3,1306.0,2022-08-05 00:05:26.667,192
3,1305.0,2022-08-05 00:05:26.483,192
3,1304.0,2022-08-05 00:05:26.297,192
3,1303.0,2022-08-05 00:05:26.110,192
3,1302.0,2022-08-05 00:05:25.927,192
3,1301.0,2022-08-05 00:05:25.740,192
3,1300.0,2022-08-05 00:05:25.557,192
3,1299.0,2022-08-05 00:05:25.370,192
3,1298.0,2022-08-05 00:05:25.187,192
3,1297.0,2022-08-05 00:05:25.003,192
3,1296.0,2022-08-05 00:05:24.820,192
3,1295.0,2022-08-05 00:05:24.633,192
3,1294.0,2022-08-05 00:05:24.447,192
3,1293.0,2022-08-05 00:05:24.263,192
3,1292.0,2022-08-05 00:05:24.077,192
3,1291.0,2022-08-05 00:05:23.893,192
3,1290.0,2022-08-05 00:05:23.707,192
3,1289.0,2022-08-05 00:05:23.520,192
3,1288.0,2022-08-05 00:05:23.333,192
3,1287.0,2022-08-05 00:05:23.150,192
3,1286.0,2022-08-05 00:05:22.963,192
3,1285.0,2022-08-05 00:05:22.777,192
3,1284.0,2022-08-05 00:05:22.590,192
3,1283.0,2022-08-05 00:05:22.403,192
3,1282.0,2022-08-05 00:05:22.220,192
3,1281.0,2022-08-05 00:05:22.033,192
3,1280.0,2022-08-05 00:05:21.850,192
3,1279.0,2022-08-05 00:05:21.663,192
3,1278.0,2022-08-05 00:05:21.480,192
3,1277.0,2022-08-05 00:05:21.297,192
3,1276.0,2022-08-05 00:05:21.113,192
3,1275.0,2022-08-05 00:05:20.927,192
3,1274.0,2022-08-05 00:05:20.740,192
3,1273.0,2022-08-05 00:05:20.557,192
3,1272.0,2022-08-05 00:05:20.373,192
3,1271.0,2022-08-05 00:05:20.187,192
3,1270.0,2022-08-05 00:05:20.003,192
3,1269.0,2022-08-05 00:05:19.817,192
3,1268.0,2022-08-05 00:05:19.633,192
3,1267.0,2022-08-05 00:05:19.447,192
3,1266.0,2022-08-05 00:05:19.260,192
3,1265.0,2022-08-05 00:05:19.077,192
3,1264.0,2022-08-05 00:05:18.893,192
3,1263.0,2022-08-05 00:05:18.707,192
3,1262.0,2022-08-05 00:05:18.523,192
3,1261.0,2022-08-05 00:05:18.337,192
3,1260.0,2022-08-05 00:05:18.153,192
3,1259.0,2022-08-05 00:05:17.967,192
3,1258.0,2022-08-05 00:05:17.787,192
3,1257.0,2022-08-05 00:05:17.600,192
3,1256.0,2022-08-05 00:05:17.417,192
3,1255.0,2022-08-05 00:05:17.230,192
3,1254.0,2022-08-05 00:05:17.047,192
3,1253.0,2022-08-05 00:05:16.860,192
3,1252.0,2022-08-05 00:05:16.677,192
3,1251.0,2022-08-05 00:05:16.493,192
3,1250.0,2022-08-05 00:05:16.307,192
3,1249.0,2022-08-05 00:05:16.123,192
3,1248.0,2022-08-05 00:05:15.937,192
3,1247.0,2022-08-05 00:05:15.753,192
3,1246.0,2022-08-05 00:05:15.570,192
3,1245.0,2022-08-05 00:05:15.383,192
3,1244.0,2022-08-05 00:05:15.200,192
3,1243.0,2022-08-05 00:05:15.013,192
3,1242.0,2022-08-05 00:05:14.830,192
3,1241.0,2022-08-05 00:05:14.643,192
3,1240.0,2022-08-05 00:05:14.460,192
3,1239.0,2022-08-05 00:05:14.277,192
3,1238.0,2022-08-05 00:05:14.090,192
3,1237.0,2022-08-05 00:05:13.903,192
3,1236.0,2022-08-05 00:05:13.720,192
3,1235.0,2022-08-05 00:05:13.533,192
3,1234.0,2022-08-05 00:05:13.347,192
3,1233.0,2022-08-05 00:05:13.163,192
3,1232.0,2022-08-05 00:05:12.980,192
3,1231.0,2022-08-05 00:05:12.793,192
3,1230.0,2022-08-05 00:05:12.610,192
3,1229.0,2022-08-05 00:05:12.423,192
3,1228.0,2022-08-05 00:05:12.240,192
3,1227.0,2022-08-05 00:05:12.057,192
3,1226.0,2022-08-05 00:05:11.870,192
3,1225.0,2022-08-05 00:05:11.683,192
3,1224.0,2022-08-05 00:05:11.500,192
3,1223.0,2022-08-05 00:05:11.317,192
3,1222.0,2022-08-05 00:05:11.133,192
3,1221.0,2022-08-05 00:05:10.943,192
3,1220.0,2022-08-05 00:05:10.760,192
3,1219.0,2022-08-05 00:05:10.570,192
3,1218.0,2022-08-05 00:05:10.387,192
3,1217.0,2022-08-05 00:05:10.200,192
3,1216.0,2022-08-05 00:05:10.013,192
3,1215.0,2022-08-05 00:05:09.830,192
3,1214.0,2022-08-05 00:05:09.643,192
3,1213.0,2022-08-05 00:05:09.457,192
3,1212.0,2022-08-05 00:05:09.273,192
3,1211.0,2022-08-05 00:05:09.087,192
3,1210.0,2022-08-05 00:05:08.903,192
3,1209.0,2022-08-05 00:05:08.717,192
3,1208.0,2022-08-05 00:05:08.530,192
3,1207.0,2022-08-05 00:05:08.343,192
3,1206.0,2022-08-05 00:05:08.157,192
3,1205.0,2022-08-05 00:05:07.970,192
3,1204.0,2022-08-05 00:05:07.787,192
3,1203.0,2022-08-05 00:05:07.600,192
3,1202.0,2022-08-05 00:05:07.417,192
3,1201.0,2022-08-05 00:05:07.227,192
3,1200.0,2022-08-05 00:05:07.040,192
3,1199.0,2022-08-05 00:05:06.857,192
3,1198.0,2022-08-05 00:05:06.670,192
3,1197.0,2022-08-05 00:05:06.487,192
3,1196.0,2022-08-05 00:05:06.300,192
3,1195.0,2022-08-05 00:05:06.113,192
3,1194.0,2022-08-05 00:05:05.930,192
3,1193.0,2022-08-05 00:05:05.747,192
3,1192.0,2022-08-05 00:05:05.563,192
3,1191.0,2022-08-05 00:05:05.377,192
3,1190.0,2022-08-05 00:05:05.190,192
3,1189.0,2022-08-05 00:05:05.003,192
3,1188.0,2022-08-05 00:05:04.820,192
3,1187.0,2022-08-05 00:05:04.630,192
3,1186.0,2022-08-05 00:05:04.443,192
3,1185.0,2022-08-05 00:05:04.260,192
3,1184.0,2022-08-05 00:05:04.073,192
3,1183.0,2022-08-05 00:05:03.890,192
3,1182.0,2022-08-05 00:05:03.703,192
3,1181.0,2022-08-05 00:05:03.520,192
3,1180.0,2022-08-05 00:05:03.330,192
3,1179.0,2022-08-05 00:05:03.143,192
3,1178.0,2022-08-05 00:05:02.957,192
3,1177.0,2022-08-05 00:05:02.773,192
3,1176.0,2022-08-05 00:05:02.587,192
3,1175.0,2022-08-05 00:05:02.400,192
3,1174.0,2022-08-05 00:05:02.217,192
3,1173.0,2022-08-05 00:05:02.030,192
3,1172.0,2022-08-05 00:05:01.843,192
3,1171.0,2022-08-05 00:05:01.660,192
3,1170.0,2022-08-05 00:05:01.473,192
3,1169.0,2022-08-05 00:05:01.290,192
3,1168.0,2022-08-05 00:05:01.103,192
3,1167.0,2022-08-05 00:05:00.917,192
3,1166.0,2022-08-05 00:05:00.730,192
3,1165.0,2022-08-05 00:05:00.543,192
3,1164.0,2022-08-05 00:05:00.360,192
3,1163.0,2022-08-05 00:05:00.170,192
3,1162.0,2022-08-05 00:04:59.987,192
3,1161.0,2022-08-05 00:04:59.803,192
3,1160.0,2022-08-05 00:04:59.617,192
3,1159.0,2022-08-05 00:04:59.430,192
3,1158.0,2022-08-05 00:04:59.243,192
3,1157.0,2022-08-05 00:04:59.060,192
3,1156.0,2022-08-05 00:04:58.873,192
3,1155.0,2022-08-05 00:04:58.687,192
3,1154.0,2022-08-05 00:04:58.503,192
3,1153.0,2022-08-05 00:04:58.317,192
3,1152.0,2022-08-05 00:04:58.130,192
3,1151.0,2022-08-05 00:04:57.943,192
3,1150.0,2022-08-05 00:04:57.757,192
3,1149.0,2022-08-05 00:04:57.573,192
3,1148.0,2022-08-05 00:04:57.390,192
3,1147.0,2022-08-05 00:04:57.207,192
3,1146.0,2022-08-05 00:04:57.027,192
3,1145.0,2022-08-05 00:04:56.843,192
3,1144.0,2022-08-05 00:04:56.657,192
3,1143.0,2022-08-05 00:04:56.473,192
3,1142.0,2022-08-05 00:04:56.290,192
3,1141.0,2022-08-05 00:04:56.103,192
3,1140.0,2022-08-05 00:04:55.917,192
3,1139.0,2022-08-05 00:04:55.733,192
3,1138.0,2022-08-05 00:04:55.547,192
3,1137.0,2022-08-05 00:04:55.360,192
3,1136.0,2022-08-05 00:04:55.177,192
3,1135.0,2022-08-05 00:04:54.990,192
3,1134.0,2022-08-05 00:04:54.803,192
3,1133.0,2022-08-05 00:04:54.617,192
3,1132.0,2022-08-05 00:04:54.430,192
3,1131.0,2022-08-05 00:04:54.243,192
3,1130.0,2022-08-05 00:04:54.060,192
3,1129.0,2022-08-05 00:04:53.873,192
3,1128.0,2022-08-05 00:04:53.687,192
3,1127.0,2022-08-05 00:04:53.503,192
3,1126.0,2022-08-05 00:04:53.317,192
3,1125.0,2022-08-05 00:04:53.133,192
3,1124.0,2022-08-05 00:04:52.947,192
3,1123.0,2022-08-05 00:04:52.763,192
3,1122.0,2022-08-05 00:04:52.577,192
3,1121.0,2022-08-05 00:04:52.390,192
3,1120.0,2022-08-05 00:04:52.203,192
3,1119.0,2022-08-05 00:04:52.020,192
3,1118.0,2022-08-05 00:04:51.837,192
3,1117.0,2022-08-05 00:04:51.650,192
3,1116.0,2022-08-05 00:04:51.467,192
3,1115.0,2022-08-05 00:04:51.283,192
3,1114.0,2022-08-05 00:04:51.097,192
3,1113.0,2022-08-05 00:04:50.913,192
3,1112.0,2022-08-05 00:04:50.727,192
3,1111.0,2022-08-05 00:04:50.543,192
3,1110.0,2022-08-05 00:04:50.357,192
3,1109.0,2022-08-05 00:04:50.173,192
3,1108.0,2022-08-05 00:04:49.973,192
3,1107.0,2022-08-05 00:04:49.787,192
3,1106.0,2022-08-05 00:04:49.603,192
3,1105.0,2022-08-05 00:04:49.417,192
3,1104.0,2022-08-05 00:04:49.230,192
3,1103.0,2022-08-05 00:04:49.047,192
3,1102.0,2022-08-05 00:04:48.863,192
3,1101.0,2022-08-05 00:04:48.680,192
3,1100.0,2022-08-05 00:04:48.493,192
3,1099.0,2022-08-05 00:04:48.307,192
3,1098.0,2022-08-05 00:04:48.123,192
3,1097.0,2022-08-05 00:04:47.940,192
3,1096.0,2022-08-05 00:04:47.753,192
3,1095.0,2022-08-05 00:04:47.567,192
3,1094.0,2022-08-05 00:04:47.383,192
3,1093.0,2022-08-05 00:04:47.197,192
3,1092.0,2022-08-05 00:04:47.013,192
3,1091.0,2022-08-05 00:04:46.830,192
3,1090.0,2022-08-05 00:04:46.643,192
3,1089.0,2022-08-05 00:04:46.457,192
3,1088.0,2022-08-05 00:04:46.267,192
3,1087.0,2022-08-05 00:04:46.083,192
3,1086.0,2022-08-05 00:04:45.897,192
3,1085.0,2022-08-05 00:04:45.710,192
3,1084.0,2022-08-05 00:04:45.523,192
3,1083.0,2022-08-05 00:04:45.337,192
3,1082.0,2022-08-05 00:04:45.153,192
3,1081.0,2022-08-05 00:04:44.967,192
3,1080.0,2022-08-05 00:04:44.780,192
3,1079.0,2022-08-05 00:04:44.593,192
3,1078.0,2022-08-05 00:04:44.407,192
3,1077.0,2022-08-05 00:04:44.223,192
3,1076.0,2022-08-05 00:04:44.037,192
3,1075.0,2022-08-05 00:04:43.853,192
3,1074.0,2022-08-05 00:04:43.670,192
3,1073.0,2022-08-05 00:04:43.483,192
3,1072.0,2022-08-05 00:04:43.300,192
3,1071.0,2022-08-05 00:04:43.117,192
3,1070.0,2022-08-05 00:04:42.930,192
3,1069.0,2022-08-05 00:04:42.747,192
3,1068.0,2022-08-05 00:04:42.560,192
3,1067.0,2022-08-05 00:04:42.373,192
3,1066.0,2022-08-05 00:04:42.187,192
3,1065.0,2022-08-05 00:04:42.003,192
3,1064.0,2022-08-05 00:04:41.817,192
3,1063.0,2022-08-05 00:04:41.633,192
3,1062.0,2022-08-05 00:04:41.447,192
3,1061.0,2022-08-05 00:04:41.260,192
3,1060.0,2022-08-05 00:04:41.077,192
3,1059.0,2022-08-05 00:04:40.893,192
3,1058.0,2022-08-05 00:04:40.707,192
3,1057.0,2022-08-05 00:04:40.523,192
3,1056.0,2022-08-05 00:04:40.340,192
3,1055.0,2022-08-05 00:04:40.157,192
3,1054.0,2022-08-05 00:04:39.970,192
3,1053.0,2022-08-05 00:04:39.783,192
3,1052.0,2022-08-05 00:04:39.597,192
3,1051.0,2022-08-05 00:04:39.410,192
3,1050.0,2022-08-05 00:04:39.227,192
3,1049.0,2022-08-05 00:04:39.040,192
3,1048.0,2022-08-05 00:04:38.857,192
3,1047.0,2022-08-05 00:04:38.673,192
3,1046.0,2022-08-05 00:04:38.490,192
3,1045.0,2022-08-05 00:04:38.303,192
3,1044.0,2022-08-05 00:04:38.120,192
3,1043.0,2022-08-05 00:04:37.940,192
3,1042.0,2022-08-05 00:04:37.757,192
3,1041.0,2022-08-05 00:04:37.570,192
3,1040.0,2022-08-05 00:04:37.387,192
3,1039.0,2022-08-05 00:04:37.203,192
3,1038.0,2022-08-05 00:04:37.020,192
3,1037.0,2022-08-05 00:04:36.837,192
3,1036.0,2022-08-05 00:04:36.650,192
3,1035.0,2022-08-05 00:04:36.467,192
3,1034.0,2022-08-05 00:04:36.280,192
3,1033.0,2022-08-05 00:04:36.097,192
3,1032.0,2022-08-05 00:04:35.910,192
3,1031.0,2022-08-05 00:04:35.727,192
3,1030.0,2022-08-05 00:04:35.540,192
3,1029.0,2022-08-05 00:04:35.357,192
3,1028.0,2022-08-05 00:04:35.170,192
3,1027.0,2022-08-05 00:04:34.987,192
3,1026.0,2022-08-05 00:04:34.803,192
3,1025.0,2022-08-05 00:04:34.617,192
3,1024.0,2022-08-05 00:04:34.433,192
3,1023.0,2022-08-05 00:04:34.250,192
3,1022.0,2022-08-05 00:04:34.063,192
3,1021.0,2022-08-05 00:04:33.880,192
3,1020.0,2022-08-05 00:04:33.697,192
3,1019.0,2022-08-05 00:04:33.513,192
3,1018.0,2022-08-05 00:04:33.330,192
3,1017.0,2022-08-05 00:04:33.143,192
3,1016.0,2022-08-05 00:04:32.960,192
3,1015.0,2022-08-05 00:04:32.773,192
3,1014.0,2022-08-05 00:04:32.590,192
3,1013.0,2022-08-05 00:04:32.407,192
3,1012.0,2022-08-05 00:04:32.220,192
3,1011.0,2022-08-05 00:04:32.033,192
3,1010.0,2022-08-05 00:04:31.847,192
3,1009.0,2022-08-05 00:04:31.663,192
3,1008.0,2022-08-05 00:04:31.473,192
3,1007.0,2022-08-05 00:04:31.287,192
3,1006.0,2022-08-05 00:04:31.103,192
3,1005.0,2022-08-05 00:04:30.913,192
3,1004.0,2022-08-05 00:04:30.730,192
3,1003.0,2022-08-05 00:04:30.543,192
3,1002.0,2022-08-05 00:04:30.360,192
3,1001.0,2022-08-05 00:04:30.173,192
3,1000.0,2022-08-05 00:04:29.987,192
3,999.0,2022-08-05 00:04:29.800,192
3,998.0,2022-08-05 00:04:29.617,192
3,997.0,2022-08-05 00:04:29.433,192
3,996.0,2022-08-05 00:04:29.250,192
3,995.0,2022-08-05 00:04:29.063,192
3,994.0,2022-08-05 00:04:28.877,192
3,993.0,2022-08-05 00:04:28.693,192
3,992.0,2022-08-05 00:04:28.507,192
3,991.0,2022-08-05 00:04:28.323,192
3,990.0,2022-08-05 00:04:28.137,192
3,989.0,2022-08-05 00:04:27.953,192
3,988.0,2022-08-05 00:04:27.767,192
3,987.0,2022-08-05 00:04:27.580,192
3,986.0,2022-08-05 00:04:27.397,192
3,985.0,2022-08-05 00:04:27.213,192
3,984.0,2022-08-05 00:04:27.027,192
3,983.0,2022-08-05 00:04:26.843,192
3,982.0,2022-08-05 00:04:26.653,192
3,981.0,2022-08-05 00:04:26.470,192
3,980.0,2022-08-05 00:04:26.283,192
3,979.0,2022-08-05 00:04:26.097,192
3,978.0,2022-08-05 00:04:25.913,192
3,977.0,2022-08-05 00:04:25.727,192
3,976.0,2022-08-05 00:04:25.543,192
3,975.0,2022-08-05 00:04:25.357,192
3,974.0,2022-08-05 00:04:25.170,192
3,973.0,2022-08-05 00:04:24.983,192
3,972.0,2022-08-05 00:04:24.800,192
3,971.0,2022-08-05 00:04:24.617,192
3,970.0,2022-08-05 00:04:24.430,192
3,969.0,2022-08-05 00:04:24.243,192
3,968.0,2022-08-05 00:04:24.057,192
3,967.0,2022-08-05 00:04:23.873,192
3,966.0,2022-08-05 00:04:23.687,192
3,965.0,2022-08-05 00:04:23.500,192
3,964.0,2022-08-05 00:04:23.317,192
3,963.0,2022-08-05 00:04:23.137,192
3,962.0,2022-08-05 00:04:22.950,192
3,961.0,2022-08-05 00:04:22.763,192
3,960.0,2022-08-05 00:04:22.580,192
3,959.0,2022-08-05 00:04:22.393,192
3,958.0,2022-08-05 00:04:22.207,192
3,957.0,2022-08-05 00:04:22.023,192
3,956.0,2022-08-05 00:04:21.837,192
3,955.0,2022-08-05 00:04:21.653,192
3,954.0,2022-08-05 00:04:21.470,192
3,953.0,2022-08-05 00:04:21.283,192
3,952.0,2022-08-05 00:04:21.097,192
3,951.0,2022-08-05 00:04:20.913,192
3,950.0,2022-08-05 00:04:20.730,192
3,949.0,2022-08-05 00:04:20.547,192
3,948.0,2022-08-05 00:04:20.363,192
3,947.0,2022-08-05 00:04:20.177,192
3,946.0,2022-08-05 00:04:19.993,192
3,945.0,2022-08-05 00:04:19.807,192
3,944.0,2022-08-05 00:04:19.620,192
3,943.0,2022-08-05 00:04:19.433,192
3,942.0,2022-08-05 00:04:19.250,192
3,941.0,2022-08-05 00:04:19.063,192
3,940.0,2022-08-05 00:04:18.880,192
3,939.0,2022-08-05 00:04:18.697,192
3,938.0,2022-08-05 00:04:18.513,192
3,937.0,2022-08-05 00:04:18.327,192
3,936.0,2022-08-05 00:04:18.140,192
3,935.0,2022-08-05 00:04:17.957,192
3,934.0,2022-08-05 00:04:17.773,192
3,933.0,2022-08-05 00:04:17.583,192
3,932.0,2022-08-05 00:04:17.397,192
3,931.0,2022-08-05 00:04:17.210,192
3,930.0,2022-08-05 00:04:17.023,192
3,929.0,2022-08-05 00:04:16.837,192
3,928.0,2022-08-05 00:04:16.653,192
3,927.0,2022-08-05 00:04:16.470,192
3,926.0,2022-08-05 00:04:16.283,192
3,925.0,2022-08-05 00:04:16.100,192
3,924.0,2022-08-05 00:04:15.913,192
3,923.0,2022-08-05 00:04:15.727,192
3,922.0,2022-08-05 00:04:15.540,192
3,921.0,2022-08-05 00:04:15.357,192
3,920.0,2022-08-05 00:04:15.170,192
3,919.0,2022-08-05 00:04:14.987,192
3,918.0,2022-08-05 00:04:14.800,192
3,917.0,2022-08-05 00:04:14.617,192
3,916.0,2022-08-05 00:04:14.430,192
3,915.0,2022-08-05 00:04:14.243,192
3,914.0,2022-08-05 00:04:14.060,192
3,913.0,2022-08-05 00:04:13.873,192
3,912.0,2022-08-05 00:04:13.690,192
3,911.0,2022-08-05 00:04:13.503,192
3,910.0,2022-08-05 00:04:13.317,192
3,909.0,2022-08-05 00:04:13.133,192
3,908.0,2022-08-05 00:04:12.950,192
3,907.0,2022-08-05 00:04:12.767,192
3,906.0,2022-08-05 00:04:12.580,192
3,905.0,2022-08-05 00:04:12.397,192
3,904.0,2022-08-05 00:04:12.213,192
3,903.0,2022-08-05 00:04:12.027,192
3,902.0,2022-08-05 00:04:11.840,192
3,901.0,2022-08-05 00:04:11.657,192
3,900.0,2022-08-05 00:04:11.470,192
3,899.0,2022-08-05 00:04:11.287,192
3,898.0,2022-08-05 00:04:11.100,192
3,897.0,2022-08-05 00:04:10.910,192
3,896.0,2022-08-05 00:04:10.727,192
3,895.0,2022-08-05 00:04:10.543,192
3,894.0,2022-08-05 00:04:10.353,192
3,893.0,2022-08-05 00:04:10.170,192
3,892.0,2022-08-05 00:04:09.983,192
3,891.0,2022-08-05 00:04:09.797,192
3,890.0,2022-08-05 00:04:09.610,192
3,889.0,2022-08-05 00:04:09.427,192
3,888.0,2022-08-05 00:04:09.243,192
3,887.0,2022-08-05 00:04:09.057,192
3,886.0,2022-08-05 00:04:08.873,192
3,885.0,2022-08-05 00:04:08.690,192
3,884.0,2022-08-05 00:04:08.507,192
3,883.0,2022-08-05 00:04:08.323,192
3,882.0,2022-08-05 00:04:08.137,192
3,881.0,2022-08-05 00:04:07.953,192
3,880.0,2022-08-05 00:04:07.770,192
3,879.0,2022-08-05 00:04:07.590,192
3,878.0,2022-08-05 00:04:07.403,192
3,877.0,2022-08-05 00:04:07.217,192
3,876.0,2022-08-05 00:04:07.033,192
3,875.0,2022-08-05 00:04:06.850,192
3,874.0,2022-08-05 00:04:06.663,192
3,873.0,2022-08-05 00:04:06.477,192
3,872.0,2022-08-05 00:04:06.290,192
3,871.0,2022-08-05 00:04:06.107,192
3,870.0,2022-08-05 00:04:05.920,192
3,869.0,2022-08-05 00:04:05.737,192
3,868.0,2022-08-05 00:04:05.550,192
3,867.0,2022-08-05 00:04:05.367,192
3,866.0,2022-08-05 00:04:05.183,192
3,865.0,2022-08-05 00:04:04.997,192
3,864.0,2022-08-05 00:04:04.810,192
3,863.0,2022-08-05 00:04:04.623,192
3,862.0,2022-08-05 00:04:04.437,192
3,861.0,2022-08-05 00:04:04.253,192
3,860.0,2022-08-05 00:04:04.067,192
3,859.0,2022-08-05 00:04:03.880,192
3,858.0,2022-08-05 00:04:03.697,192
3,857.0,2022-08-05 00:04:03.510,192
3,856.0,2022-08-05 00:04:03.323,192
3,855.0,2022-08-05 00:04:03.140,192
3,854.0,2022-08-05 00:04:02.953,192
3,853.0,2022-08-05 00:04:02.767,192
3,852.0,2022-08-05 00:04:02.583,192
3,851.0,2022-08-05 00:04:02.397,192
3,850.0,2022-08-05 00:04:02.213,192
3,849.0,2022-08-05 00:04:02.030,192
3,848.0,2022-08-05 00:04:01.847,192
3,847.0,2022-08-05 00:04:01.663,192
3,846.0,2022-08-05 00:04:01.480,192
3,845.0,2022-08-05 00:04:01.297,192
3,844.0,2022-08-05 00:04:01.110,192
3,843.0,2022-08-05 00:04:00.927,192
3,842.0,2022-08-05 00:04:00.743,192
3,841.0,2022-08-05 00:04:00.553,192
3,840.0,2022-08-05 00:04:00.370,192
3,839.0,2022-08-05 00:04:00.180,192
3,838.0,2022-08-05 00:03:59.997,192
3,837.0,2022-08-05 00:03:59.810,192
3,836.0,2022-08-05 00:03:59.623,192
3,835.0,2022-08-05 00:03:59.437,192
3,834.0,2022-08-05 00:03:59.253,192
3,833.0,2022-08-05 00:03:59.067,192
3,832.0,2022-08-05 00:03:58.883,192
3,831.0,2022-08-05 00:03:58.697,192
3,830.0,2022-08-05 00:03:58.513,192
3,829.0,2022-08-05 00:03:58.327,192
3,828.0,2022-08-05 00:03:58.140,192
3,827.0,2022-08-05 00:03:57.953,192
3,826.0,2022-08-05 00:03:57.767,192
3,825.0,2022-08-05 00:03:57.583,192
3,824.0,2022-08-05 00:03:57.400,192
3,823.0,2022-08-05 00:03:57.217,192
3,822.0,2022-08-05 00:03:57.030,192
3,821.0,2022-08-05 00:03:56.867,192
3,820.0,2022-08-05 00:03:56.740,192
3,819.0,2022-08-05 00:03:56.553,192
3,818.0,2022-08-05 00:03:56.370,192
3,817.0,2022-08-05 00:03:56.187,192
3,816.0,2022-08-05 00:03:56.003,192
3,815.0,2022-08-05 00:03:55.820,192
3,814.0,2022-08-05 00:03:55.633,192
3,813.0,2022-08-05 00:03:55.450,192
3,812.0,2022-08-05 00:03:55.260,192
3,811.0,2022-08-05 00:03:55.073,192
3,810.0,2022-08-05 00:03:54.887,192
3,809.0,2022-08-05 00:03:54.703,192
3,808.0,2022-08-05 00:03:54.500,192
3,807.0,2022-08-05 00:03:54.313,192
3,806.0,2022-08-05 00:03:54.130,192
3,805.0,2022-08-05 00:03:53.943,192
3,804.0,2022-08-05 00:03:53.757,192
3,803.0,2022-08-05 00:03:53.570,192
3,802.0,2022-08-05 00:03:53.383,192
3,801.0,2022-08-05 00:03:53.197,192
3,800.0,2022-08-05 00:03:53.010,192
3,799.0,2022-08-05 00:03:52.820,192
3,798.0,2022-08-05 00:03:52.633,192
3,797.0,2022-08-05 00:03:52.447,192
3,796.0,2022-08-05 00:03:52.260,192
3,795.0,2022-08-05 00:03:52.073,192
3,794.0,2022-08-05 00:03:51.887,192
3,793.0,2022-08-05 00:03:51.703,192
3,792.0,2022-08-05 00:03:51.517,192
3,791.0,2022-08-05 00:03:51.330,192
3,790.0,2022-08-05 00:03:51.143,192
3,789.0,2022-08-05 00:03:50.957,192
3,788.0,2022-08-05 00:03:50.773,192
3,787.0,2022-08-05 00:03:50.587,192
3,786.0,2022-08-05 00:03:50.403,192
3,785.0,2022-08-05 00:03:50.217,192
3,784.0,2022-08-05 00:03:50.030,192
3,783.0,2022-08-05 00:03:49.843,192
3,782.0,2022-08-05 00:03:49.657,192
3,781.0,2022-08-05 00:03:49.473,192
3,780.0,2022-08-05 00:03:49.283,192
3,779.0,2022-08-05 00:03:49.097,192
3,778.0,2022-08-05 00:03:48.910,192
3,777.0,2022-08-05 00:03:48.723,192
3,776.0,2022-08-05 00:03:48.540,192
3,775.0,2022-08-05 00:03:48.357,192
3,774.0,2022-08-05 00:03:48.170,192
3,773.0,2022-08-05 00:03:47.987,192
3,772.0,2022-08-05 00:03:47.803,192
3,771.0,2022-08-05 00:03:47.617,192
3,770.0,2022-08-05 00:03:47.433,192
3,769.0,2022-08-05 00:03:47.250,192
3,768.0,2022-08-05 00:03:47.063,192
3,767.0,2022-08-05 00:03:46.877,192
3,766.0,2022-08-05 00:03:46.693,192
3,765.0,2022-08-05 00:03:46.507,192
3,764.0,2022-08-05 00:03:46.320,192
3,763.0,2022-08-05 00:03:46.133,192
3,762.0,2022-08-05 00:03:45.947,192
3,761.0,2022-08-05 00:03:45.760,192
3,760.0,2022-08-05 00:03:45.577,192
3,759.0,2022-08-05 00:03:45.390,192
3,758.0,2022-08-05 00:03:45.203,192
3,757.0,2022-08-05 00:03:45.017,192
3,756.0,2022-08-05 00:03:44.830,192
3,755.0,2022-08-05 00:03:44.643,192
3,754.0,2022-08-05 00:03:44.457,192
3,753.0,2022-08-05 00:03:44.273,192
3,752.0,2022-08-05 00:03:44.087,192
3,751.0,2022-08-05 00:03:43.903,192
3,750.0,2022-08-05 00:03:43.717,192
3,749.0,2022-08-05 00:03:43.530,192
3,748.0,2022-08-05 00:03:43.343,192
3,747.0,2022-08-05 00:03:43.157,192
3,746.0,2022-08-05 00:03:42.973,192
3,745.0,2022-08-05 00:03:42.790,192
3,744.0,2022-08-05 00:03:42.603,192
3,743.0,2022-08-05 00:03:42.420,192
3,742.0,2022-08-05 00:03:42.237,192
3,741.0,2022-08-05 00:03:42.050,192
3,740.0,2022-08-05 00:03:41.863,192
3,739.0,2022-08-05 00:03:41.677,192
3,738.0,2022-08-05 00:03:41.493,192
3,737.0,2022-08-05 00:03:41.307,192
3,736.0,2022-08-05 00:03:41.120,192
3,735.0,2022-08-05 00:03:40.937,192
3,734.0,2022-08-05 00:03:40.750,192
3,733.0,2022-08-05 00:03:40.567,192
3,732.0,2022-08-05 00:03:40.380,192
3,731.0,2022-08-05 00:03:40.193,192
3,730.0,2022-08-05 00:03:40.007,192
3,729.0,2022-08-05 00:03:39.820,192
3,728.0,2022-08-05 00:03:39.633,192
3,727.0,2022-08-05 00:03:39.450,192
3,726.0,2022-08-05 00:03:39.267,192
3,725.0,2022-08-05 00:03:39.077,192
3,724.0,2022-08-05 00:03:38.890,192
3,723.0,2022-08-05 00:03:38.703,192
3,722.0,2022-08-05 00:03:38.517,192
3,721.0,2022-08-05 00:03:38.330,192
3,720.0,2022-08-05 00:03:38.147,192
3,719.0,2022-08-05 00:03:37.960,192
3,718.0,2022-08-05 00:03:37.777,192
3,717.0,2022-08-05 00:03:37.593,192
3,716.0,2022-08-05 00:03:37.407,192
3,715.0,2022-08-05 00:03:37.220,192
3,714.0,2022-08-05 00:03:37.033,192
3,713.0,2022-08-05 00:03:36.850,192
3,712.0,2022-08-05 00:03:36.663,192
3,711.0,2022-08-05 00:03:36.477,192
3,710.0,2022-08-05 00:03:36.293,192
3,709.0,2022-08-05 00:03:36.107,192
3,708.0,2022-08-05 00:03:35.923,192
3,707.0,2022-08-05 00:03:35.737,192
3,706.0,2022-08-05 00:03:35.553,192
3,705.0,2022-08-05 00:03:35.367,192
3,704.0,2022-08-05 00:03:35.183,192
3,703.0,2022-08-05 00:03:35.000,192
3,702.0,2022-08-05 00:03:34.813,192
3,701.0,2022-08-05 00:03:34.627,192
3,700.0,2022-08-05 00:03:34.443,192
3,699.0,2022-08-05 00:03:34.257,192
3,698.0,2022-08-05 00:03:34.070,192
3,697.0,2022-08-05 00:03:33.883,192
3,696.0,2022-08-05 00:03:33.697,192
3,695.0,2022-08-05 00:03:33.513,192
3,694.0,2022-08-05 00:03:33.327,192
3,693.0,2022-08-05 00:03:33.140,192
3,692.0,2022-08-05 00:03:32.957,192
3,691.0,2022-08-05 00:03:32.770,192
3,690.0,2022-08-05 00:03:32.587,192
3,689.0,2022-08-05 00:03:32.400,192
3,688.0,2022-08-05 00:03:32.213,192
3,687.0,2022-08-05 00:03:32.027,192
3,686.0,2022-08-05 00:03:31.847,192
3,685.0,2022-08-05 00:03:31.657,192
3,684.0,2022-08-05 00:03:31.473,192
3,683.0,2022-08-05 00:03:31.287,192
3,682.0,2022-08-05 00:03:31.100,192
3,681.0,2022-08-05 00:03:30.913,192
3,680.0,2022-08-05 00:03:30.727,192
3,679.0,2022-08-05 00:03:30.540,192
3,678.0,2022-08-05 00:03:30.357,192
3,677.0,2022-08-05 00:03:30.170,192
3,676.0,2022-08-05 00:03:29.987,192
3,675.0,2022-08-05 00:03:29.797,192
3,674.0,2022-08-05 00:03:29.610,192
3,673.0,2022-08-05 00:03:29.427,192
3,672.0,2022-08-05 00:03:29.243,192
3,671.0,2022-08-05 00:03:29.057,192
3,670.0,2022-08-05 00:03:28.870,192
3,669.0,2022-08-05 00:03:28.687,192
3,668.0,2022-08-05 00:03:28.503,192
3,667.0,2022-08-05 00:03:28.317,192
3,666.0,2022-08-05 00:03:28.133,192
3,665.0,2022-08-05 00:03:27.947,192
3,664.0,2022-08-05 00:03:27.757,192
3,663.0,2022-08-05 00:03:27.573,192
3,662.0,2022-08-05 00:03:27.387,192
3,661.0,2022-08-05 00:03:27.197,192
3,660.0,2022-08-05 00:03:27.013,192
3,659.0,2022-08-05 00:03:26.827,192
3,658.0,2022-08-05 00:03:26.643,192
3,657.0,2022-08-05 00:03:26.457,192
3,656.0,2022-08-05 00:03:26.270,192
3,655.0,2022-08-05 00:03:26.080,192
3,654.0,2022-08-05 00:03:25.897,192
3,653.0,2022-08-05 00:03:25.710,192
3,652.0,2022-08-05 00:03:25.527,192
3,651.0,2022-08-05 00:03:25.340,192
3,650.0,2022-08-05 00:03:25.153,192
3,649.0,2022-08-05 00:03:24.967,192
3,648.0,2022-08-05 00:03:24.783,192
3,647.0,2022-08-05 00:03:24.597,192
3,646.0,2022-08-05 00:03:24.413,192
3,645.0,2022-08-05 00:03:24.223,192
3,644.0,2022-08-05 00:03:24.040,192
3,643.0,2022-08-05 00:03:23.853,192
3,642.0,2022-08-05 00:03:23.670,192
3,641.0,2022-08-05 00:03:23.487,192
3,640.0,2022-08-05 00:03:23.300,192
3,639.0,2022-08-05 00:03:23.113,192
3,638.0,2022-08-05 00:03:22.930,192
3,637.0,2022-08-05 00:03:22.743,192
3,636.0,2022-08-05 00:03:22.560,192
3,635.0,2022-08-05 00:03:22.377,192
3,634.0,2022-08-05 00:03:22.193,192
3,633.0,2022-08-05 00:03:22.007,192
3,632.0,2022-08-05 00:03:21.823,192
3,631.0,2022-08-05 00:03:21.640,192
3,630.0,2022-08-05 00:03:21.453,192
3,629.0,2022-08-05 00:03:21.270,192
3,628.0,2022-08-05 00:03:21.087,192
3,627.0,2022-08-05 00:03:20.900,192
3,626.0,2022-08-05 00:03:20.713,192
3,625.0,2022-08-05 00:03:20.530,192
3,624.0,2022-08-05 00:03:20.340,192
3,623.0,2022-08-05 00:03:20.157,192
3,622.0,2022-08-05 00:03:19.973,192
3,621.0,2022-08-05 00:03:19.787,192
3,620.0,2022-08-05 00:03:19.603,192
3,619.0,2022-08-05 00:03:19.417,192
3,618.0,2022-08-05 00:03:19.230,192
3,617.0,2022-08-05 00:03:19.047,192
3,616.0,2022-08-05 00:03:18.860,192
3,615.0,2022-08-05 00:03:18.677,192
3,614.0,2022-08-05 00:03:18.493,192
3,613.0,2022-08-05 00:03:18.307,192
3,612.0,2022-08-05 00:03:18.123,192
3,611.0,2022-08-05 00:03:17.937,192
3,610.0,2022-08-05 00:03:17.753,192
3,609.0,2022-08-05 00:03:17.567,192
3,608.0,2022-08-05 00:03:17.380,192
3,607.0,2022-08-05 00:03:17.197,192
3,606.0,2022-08-05 00:03:17.013,192
3,605.0,2022-08-05 00:03:16.827,192
3,604.0,2022-08-05 00:03:16.643,192
3,603.0,2022-08-05 00:03:16.457,192
3,602.0,2022-08-05 00:03:16.273,192
3,601.0,2022-08-05 00:03:16.087,192
3,600.0,2022-08-05 00:03:15.897,192
3,599.0,2022-08-05 00:03:15.710,192
3,598.0,2022-08-05 00:03:15.527,192
3,597.0,2022-08-05 00:03:15.343,192
3,596.0,2022-08-05 00:03:15.157,192
3,595.0,2022-08-05 00:03:14.973,192
3,594.0,2022-08-05 00:03:14.787,192
3,593.0,2022-08-05 00:03:14.603,192
3,592.0,2022-08-05 00:03:14.420,192
3,591.0,2022-08-05 00:03:14.233,192
3,590.0,2022-08-05 00:03:14.047,192
3,589.0,2022-08-05 00:03:13.860,192
3,588.0,2022-08-05 00:03:13.673,192
3,587.0,2022-08-05 00:03:13.490,192
3,586.0,2022-08-05 00:03:13.303,192
3,585.0,2022-08-05 00:03:13.120,192
3,584.0,2022-08-05 00:03:12.933,192
3,583.0,2022-08-05 00:03:12.753,192
3,582.0,2022-08-05 00:03:12.567,192
3,581.0,2022-08-05 00:03:12.383,192
3,580.0,2022-08-05 00:03:12.197,192
3,579.0,2022-08-05 00:03:12.010,192
3,578.0,2022-08-05 00:03:11.827,192
3,577.0,2022-08-05 00:03:11.640,192
3,576.0,2022-08-05 00:03:11.457,192
3,575.0,2022-08-05 00:03:11.270,192
3,574.0,2022-08-05 00:03:11.087,192
3,573.0,2022-08-05 00:03:10.903,192
3,572.0,2022-08-05 00:03:10.717,192
3,571.0,2022-08-05 00:03:10.533,192
3,570.0,2022-08-05 00:03:10.347,192
3,569.0,2022-08-05 00:03:10.167,192
3,568.0,2022-08-05 00:03:09.980,192
3,567.0,2022-08-05 00:03:09.793,192
3,566.0,2022-08-05 00:03:09.607,192
3,565.0,2022-08-05 00:03:09.407,192
3,564.0,2022-08-05 00:03:09.220,192
3,563.0,2022-08-05 00:03:09.037,192
3,562.0,2022-08-05 00:03:08.847,192
3,561.0,2022-08-05 00:03:08.657,192
3,560.0,2022-08-05 00:03:08.460,192
3,559.0,2022-08-05 00:03:08.260,192
3,558.0,2022-08-05 00:03:08.060,192
3,557.0,2022-08-05 00:03:07.873,192
3,556.0,2022-08-05 00:03:07.690,192
3,555.0,2022-08-05 00:03:07.507,192
3,554.0,2022-08-05 00:03:07.320,192
3,553.0,2022-08-05 00:03:07.163,192
3,552.0,2022-08-05 00:03:07.027,192
3,551.0,2022-08-05 00:03:06.843,192
3,550.0,2022-08-05 00:03:06.657,192
3,549.0,2022-08-05 00:03:06.473,192
3,548.0,2022-08-05 00:03:06.290,192
3,547.0,2022-08-05 00:03:06.103,192
3,546.0,2022-08-05 00:03:05.917,192
3,545.0,2022-08-05 00:03:05.730,192
3,544.0,2022-08-05 00:03:05.547,192
3,543.0,2022-08-05 00:03:05.367,192
3,542.0,2022-08-05 00:03:05.240,192
3,541.0,2022-08-05 00:03:05.113,192
3,540.0,2022-08-05 00:03:04.947,192
3,539.0,2022-08-05 00:03:04.760,192
3,538.0,2022-08-05 00:03:04.577,192
3,537.0,2022-08-05 00:03:04.393,192
3,536.0,2022-08-05 00:03:04.207,192
3,535.0,2022-08-05 00:03:04.020,192
3,534.0,2022-08-05 00:03:03.833,192
3,533.0,2022-08-05 00:03:03.650,192
3,532.0,2022-08-05 00:03:03.463,192
3,531.0,2022-08-05 00:03:03.277,192
3,530.0,2022-08-05 00:03:03.093,192
3,529.0,2022-08-05 00:03:02.910,192
3,528.0,2022-08-05 00:03:02.723,192
3,527.0,2022-08-05 00:03:02.537,192
3,526.0,2022-08-05 00:03:02.350,192
3,525.0,2022-08-05 00:03:02.167,192
3,524.0,2022-08-05 00:03:01.980,192
3,523.0,2022-08-05 00:03:01.797,192
3,522.0,2022-08-05 00:03:01.610,192
3,521.0,2022-08-05 00:03:01.423,192
3,520.0,2022-08-05 00:03:01.240,192
3,519.0,2022-08-05 00:03:01.053,192
3,518.0,2022-08-05 00:03:00.870,192
3,517.0,2022-08-05 00:03:00.683,192
3,516.0,2022-08-05 00:03:00.497,192
3,515.0,2022-08-05 00:03:00.313,192
3,514.0,2022-08-05 00:03:00.127,192
3,513.0,2022-08-05 00:02:59.940,192
3,512.0,2022-08-05 00:02:59.757,192
3,511.0,2022-08-05 00:02:59.570,192
3,510.0,2022-08-05 00:02:59.380,192
3,509.0,2022-08-05 00:02:59.197,192
3,508.0,2022-08-05 00:02:59.010,192
3,507.0,2022-08-05 00:02:58.827,192
3,506.0,2022-08-05 00:02:58.640,192
3,505.0,2022-08-05 00:02:58.457,192
3,504.0,2022-08-05 00:02:58.273,192
3,503.0,2022-08-05 00:02:58.087,192
3,502.0,2022-08-05 00:02:57.897,192
3,501.0,2022-08-05 00:02:57.713,192
3,500.0,2022-08-05 00:02:57.530,192
3,499.0,2022-08-05 00:02:57.343,192
3,498.0,2022-08-05 00:02:57.157,192
3,497.0,2022-08-05 00:02:56.973,192
3,496.0,2022-08-05 00:02:56.790,192
3,495.0,2022-08-05 00:02:56.607,192
3,494.0,2022-08-05 00:02:56.420,192
3,493.0,2022-08-05 00:02:56.237,192
3,492.0,2022-08-05 00:02:56.050,192
3,491.0,2022-08-05 00:02:55.863,192
3,490.0,2022-08-05 00:02:55.680,192
3,489.0,2022-08-05 00:02:55.493,192
3,488.0,2022-08-05 00:02:55.310,192
3,487.0,2022-08-05 00:02:55.123,192
3,486.0,2022-08-05 00:02:54.937,192
3,485.0,2022-08-05 00:02:54.750,192
3,484.0,2022-08-05 00:02:54.567,192
3,483.0,2022-08-05 00:02:54.380,192
3,482.0,2022-08-05 00:02:54.193,192
3,481.0,2022-08-05 00:02:54.007,192
3,480.0,2022-08-05 00:02:53.820,192
3,479.0,2022-08-05 00:02:53.633,192
3,478.0,2022-08-05 00:02:53.447,192
3,477.0,2022-08-05 00:02:53.257,192
3,476.0,2022-08-05 00:02:53.073,192
3,475.0,2022-08-05 00:02:52.887,192
3,474.0,2022-08-05 00:02:52.703,192
3,473.0,2022-08-05 00:02:52.520,192
3,472.0,2022-08-05 00:02:52.337,192
3,471.0,2022-08-05 00:02:52.150,192
3,470.0,2022-08-05 00:02:51.967,192
3,469.0,2022-08-05 00:02:51.783,192
3,468.0,2022-08-05 00:02:51.597,192
3,467.0,2022-08-05 00:02:51.417,192
3,466.0,2022-08-05 00:02:51.230,192
3,465.0,2022-08-05 00:02:51.043,192
3,464.0,2022-08-05 00:02:50.857,192
3,463.0,2022-08-05 00:02:50.670,192
3,462.0,2022-08-05 00:02:50.487,192
3,461.0,2022-08-05 00:02:50.300,192
3,460.0,2022-08-05 00:02:50.117,192
3,459.0,2022-08-05 00:02:49.930,192
3,458.0,2022-08-05 00:02:49.740,192
3,457.0,2022-08-05 00:02:49.557,192
3,456.0,2022-08-05 00:02:49.370,192
3,455.0,2022-08-05 00:02:49.183,192
3,454.0,2022-08-05 00:02:48.997,192
3,453.0,2022-08-05 00:02:48.810,192
3,452.0,2022-08-05 00:02:48.623,192
3,451.0,2022-08-05 00:02:48.437,192
3,450.0,2022-08-05 00:02:48.250,192
3,449.0,2022-08-05 00:02:48.063,192
3,448.0,2022-08-05 00:02:47.877,192
3,447.0,2022-08-05 00:02:47.690,192
3,446.0,2022-08-05 00:02:47.503,192
3,445.0,2022-08-05 00:02:47.320,192
3,444.0,2022-08-05 00:02:47.130,192
3,443.0,2022-08-05 00:02:46.947,192
3,442.0,2022-08-05 00:02:46.763,192
3,441.0,2022-08-05 00:02:46.580,192
3,440.0,2022-08-05 00:02:46.393,192
3,439.0,2022-08-05 00:02:46.210,192
3,438.0,2022-08-05 00:02:46.027,192
3,437.0,2022-08-05 00:02:45.840,192
3,436.0,2022-08-05 00:02:45.653,192
3,435.0,2022-08-05 00:02:45.473,192
3,434.0,2022-08-05 00:02:45.287,192
3,433.0,2022-08-05 00:02:45.103,192
3,432.0,2022-08-05 00:02:44.917,192
3,431.0,2022-08-05 00:02:44.727,192
3,430.0,2022-08-05 00:02:44.543,192
3,429.0,2022-08-05 00:02:44.357,192
3,428.0,2022-08-05 00:02:44.173,192
3,427.0,2022-08-05 00:02:43.990,192
3,426.0,2022-08-05 00:02:43.803,192
3,425.0,2022-08-05 00:02:43.617,192
3,424.0,2022-08-05 00:02:43.473,192
3,423.0,2022-08-05 00:02:43.350,192
3,422.0,2022-08-05 00:02:43.223,192
3,421.0,2022-08-05 00:02:43.100,192
3,420.0,2022-08-05 00:02:42.980,192
3,419.0,2022-08-05 00:02:42.853,192
3,418.0,2022-08-05 00:02:42.727,192
3,417.0,2022-08-05 00:02:42.600,192
3,416.0,2022-08-05 00:02:42.477,192
3,415.0,2022-08-05 00:02:42.353,192
3,414.0,2022-08-05 00:02:42.227,192
3,413.0,2022-08-05 00:02:42.103,192
3,412.0,2022-08-05 00:02:41.973,192
3,411.0,2022-08-05 00:02:41.847,192
3,410.0,2022-08-05 00:02:41.670,192
3,409.0,2022-08-05 00:02:41.483,192
3,408.0,2022-08-05 00:02:41.340,192
3,407.0,2022-08-05 00:02:41.203,192
3,406.0,2022-08-05 00:02:41.020,192
3,405.0,2022-08-05 00:02:40.833,192
3,404.0,2022-08-05 00:02:40.650,192
3,403.0,2022-08-05 00:02:40.460,192
3,402.0,2022-08-05 00:02:40.327,192
3,401.0,2022-08-05 00:02:40.153,192
3,400.0,2022-08-05 00:02:39.967,192
3,399.0,2022-08-05 00:02:39.780,192
3,398.0,2022-08-05 00:02:39.597,192
3,397.0,2022-08-05 00:02:39.407,192
3,396.0,2022-08-05 00:02:39.223,192
3,395.0,2022-08-05 00:02:39.040,192
3,394.0,2022-08-05 00:02:38.857,192
3,393.0,2022-08-05 00:02:38.670,192
3,392.0,2022-08-05 00:02:38.487,192
3,391.0,2022-08-05 00:02:38.303,192
3,390.0,2022-08-05 00:02:38.120,192
3,389.0,2022-08-05 00:02:37.933,192
3,388.0,2022-08-05 00:02:37.800,192
3,387.0,2022-08-05 00:02:37.673,192
3,386.0,2022-08-05 00:02:37.547,192
3,385.0,2022-08-05 00:02:37.423,192
3,384.0,2022-08-05 00:02:37.297,192
3,383.0,2022-08-05 00:02:37.173,192
3,382.0,2022-08-05 00:02:37.050,192
3,381.0,2022-08-05 00:02:36.923,192
3,380.0,2022-08-05 00:02:36.773,192
3,379.0,2022-08-05 00:02:36.620,192
3,378.0,2022-08-05 00:02:36.490,192
3,377.0,2022-08-05 00:02:36.340,192
3,376.0,2022-08-05 00:02:36.153,192
3,375.0,2022-08-05 00:02:35.970,192
3,374.0,2022-08-05 00:02:35.783,192
3,373.0,2022-08-05 00:02:35.617,192
3,372.0,2022-08-05 00:02:35.490,192
3,371.0,2022-08-05 00:02:35.363,192
3,370.0,2022-08-05 00:02:35.177,192
3,369.0,2022-08-05 00:02:34.993,192
3,368.0,2022-08-05 00:02:34.807,192
3,367.0,2022-08-05 00:02:34.633,192
3,366.0,2022-08-05 00:02:34.507,192
3,365.0,2022-08-05 00:02:34.383,192
3,364.0,2022-08-05 00:02:34.210,192
3,363.0,2022-08-05 00:02:34.083,192
3,362.0,2022-08-05 00:02:33.953,192
3,361.0,2022-08-05 00:02:33.767,192
3,360.0,2022-08-05 00:02:33.583,192
3,359.0,2022-08-05 00:02:33.397,192
3,358.0,2022-08-05 00:02:33.213,192
3,357.0,2022-08-05 00:02:33.030,192
3,356.0,2022-08-05 00:02:32.830,192
3,355.0,2022-08-05 00:02:32.643,192
3,354.0,2022-08-05 00:02:32.457,192
3,353.0,2022-08-05 00:02:32.273,192
3,352.0,2022-08-05 00:02:32.087,192
3,351.0,2022-08-05 00:02:31.907,192
3,350.0,2022-08-05 00:02:31.723,192
3,349.0,2022-08-05 00:02:31.540,192
3,348.0,2022-08-05 00:02:31.360,192
3,347.0,2022-08-05 00:02:31.170,192
3,346.0,2022-08-05 00:02:30.987,192
3,345.0,2022-08-05 00:02:30.803,192
3,344.0,2022-08-05 00:02:30.617,192
3,343.0,2022-08-05 00:02:30.430,192
3,342.0,2022-08-05 00:02:30.243,192
3,341.0,2022-08-05 00:02:30.057,192
3,340.0,2022-08-05 00:02:29.873,192
3,339.0,2022-08-05 00:02:29.690,192
3,338.0,2022-08-05 00:02:29.507,192
3,337.0,2022-08-05 00:02:29.320,192
3,336.0,2022-08-05 00:02:29.137,192
3,335.0,2022-08-05 00:02:28.950,192
3,334.0,2022-08-05 00:02:28.767,192
3,333.0,2022-08-05 00:02:28.583,192
3,332.0,2022-08-05 00:02:28.397,192
3,331.0,2022-08-05 00:02:28.213,192
3,330.0,2022-08-05 00:02:28.027,192
3,329.0,2022-08-05 00:02:27.843,192
3,328.0,2022-08-05 00:02:27.657,192
3,327.0,2022-08-05 00:02:27.467,192
3,326.0,2022-08-05 00:02:27.283,192
3,325.0,2022-08-05 00:02:27.097,192
3,324.0,2022-08-05 00:02:26.910,192
3,323.0,2022-08-05 00:02:26.723,192
3,322.0,2022-08-05 00:02:26.540,192
3,321.0,2022-08-05 00:02:26.353,192
3,320.0,2022-08-05 00:02:26.167,192
3,319.0,2022-08-05 00:02:25.983,192
3,318.0,2022-08-05 00:02:25.797,192
3,317.0,2022-08-05 00:02:25.613,192
3,316.0,2022-08-05 00:02:25.427,192
3,315.0,2022-08-05 00:02:25.243,192
3,314.0,2022-08-05 00:02:25.060,192
3,313.0,2022-08-05 00:02:24.877,192
3,312.0,2022-08-05 00:02:24.690,192
3,311.0,2022-08-05 00:02:24.503,192
3,310.0,2022-08-05 00:02:24.317,192
3,309.0,2022-08-05 00:02:24.130,192
3,308.0,2022-08-05 00:02:23.947,192
3,307.0,2022-08-05 00:02:23.760,192
3,306.0,2022-08-05 00:02:23.573,192
3,305.0,2022-08-05 00:02:23.387,192
3,304.0,2022-08-05 00:02:23.203,192
3,303.0,2022-08-05 00:02:23.017,192
3,302.0,2022-08-05 00:02:22.830,192
3,301.0,2022-08-05 00:02:22.643,192
3,300.0,2022-08-05 00:02:22.460,192
3,299.0,2022-08-05 00:02:22.273,192
3,298.0,2022-08-05 00:02:22.087,192
3,297.0,2022-08-05 00:02:21.903,192
3,296.0,2022-08-05 00:02:21.720,192
3,295.0,2022-08-05 00:02:21.537,192
3,294.0,2022-08-05 00:02:21.353,192
3,293.0,2022-08-05 00:02:21.167,192
3,292.0,2022-08-05 00:02:20.983,192
3,291.0,2022-08-05 00:02:20.800,192
3,290.0,2022-08-05 00:02:20.617,192
3,289.0,2022-08-05 00:02:20.430,192
3,288.0,2022-08-05 00:02:20.243,192
3,287.0,2022-08-05 00:02:20.057,192
3,286.0,2022-08-05 00:02:19.870,192
3,285.0,2022-08-05 00:02:19.687,192
3,284.0,2022-08-05 00:02:19.500,192
3,283.0,2022-08-05 00:02:19.313,192
3,282.0,2022-08-05 00:02:19.127,192
3,281.0,2022-08-05 00:02:18.943,192
3,280.0,2022-08-05 00:02:18.757,192
3,279.0,2022-08-05 00:02:18.570,192
3,278.0,2022-08-05 00:02:18.387,192
3,277.0,2022-08-05 00:02:18.203,192
3,276.0,2022-08-05 00:02:18.020,192
3,275.0,2022-08-05 00:02:17.837,192
3,274.0,2022-08-05 00:02:17.653,192
3,273.0,2022-08-05 00:02:17.467,192
3,272.0,2022-08-05 00:02:17.283,192
3,271.0,2022-08-05 00:02:17.097,192
3,270.0,2022-08-05 00:02:16.913,192
3,269.0,2022-08-05 00:02:16.730,192
3,268.0,2022-08-05 00:02:16.547,192
3,267.0,2022-08-05 00:02:16.363,192
3,266.0,2022-08-05 00:02:16.180,192
3,265.0,2022-08-05 00:02:15.990,192
3,264.0,2022-08-05 00:02:15.803,192
3,263.0,2022-08-05 00:02:15.620,192
3,262.0,2022-08-05 00:02:15.430,192
3,261.0,2022-08-05 00:02:15.243,192
3,260.0,2022-08-05 00:02:15.057,192
3,259.0,2022-08-05 00:02:14.873,192
3,258.0,2022-08-05 00:02:14.687,192
3,257.0,2022-08-05 00:02:14.500,192
3,256.0,2022-08-05 00:02:14.313,192
3,255.0,2022-08-05 00:02:14.123,192
3,254.0,2022-08-05 00:02:13.940,192
3,253.0,2022-08-05 00:02:13.753,192
3,252.0,2022-08-05 00:02:13.570,192
3,251.0,2022-08-05 00:02:13.387,192
3,250.0,2022-08-05 00:02:13.207,192
3,249.0,2022-08-05 00:02:13.077,192
3,248.0,2022-08-05 00:02:12.950,192
3,247.0,2022-08-05 00:02:12.793,192
3,246.0,2022-08-05 00:02:12.610,192
3,245.0,2022-08-05 00:02:12.423,192
3,244.0,2022-08-05 00:02:12.240,192
3,243.0,2022-08-05 00:02:12.053,192
3,242.0,2022-08-05 00:02:11.870,192
3,241.0,2022-08-05 00:02:11.683,192
3,240.0,2022-08-05 00:02:11.513,192
3,239.0,2022-08-05 00:02:11.370,192
3,238.0,2022-08-05 00:02:11.183,192
3,237.0,2022-08-05 00:02:11.000,192
3,236.0,2022-08-05 00:02:10.813,192
3,235.0,2022-08-05 00:02:10.627,192
3,234.0,2022-08-05 00:02:10.440,192
3,233.0,2022-08-05 00:02:10.253,192
3,232.0,2022-08-05 00:02:10.070,192
3,231.0,2022-08-05 00:02:09.883,192
3,230.0,2022-08-05 00:02:09.700,192
3,229.0,2022-08-05 00:02:09.517,192
3,228.0,2022-08-05 00:02:09.330,192
3,227.0,2022-08-05 00:02:09.143,192
3,226.0,2022-08-05 00:02:08.957,192
3,225.0,2022-08-05 00:02:08.770,192
3,224.0,2022-08-05 00:02:08.583,192
3,223.0,2022-08-05 00:02:08.413,192
3,222.0,2022-08-05 00:02:08.287,192
3,221.0,2022-08-05 00:02:08.160,192
3,220.0,2022-08-05 00:02:08.037,192
3,219.0,2022-08-05 00:02:07.910,192
3,218.0,2022-08-05 00:02:07.787,192
3,217.0,2022-08-05 00:02:07.660,192
3,216.0,2022-08-05 00:02:07.533,192
3,215.0,2022-08-05 00:02:07.403,192
3,214.0,2022-08-05 00:02:07.277,192
3,213.0,2022-08-05 00:02:07.150,192
3,212.0,2022-08-05 00:02:07.020,192
3,211.0,2022-08-05 00:02:06.890,192
3,210.0,2022-08-05 00:02:06.763,192
3,209.0,2022-08-05 00:02:06.640,192
3,208.0,2022-08-05 00:02:06.513,192
3,207.0,2022-08-05 00:02:06.370,192
3,206.0,2022-08-05 00:02:06.180,192
3,205.0,2022-08-05 00:02:05.997,192
3,204.0,2022-08-05 00:02:05.813,192
3,203.0,2022-08-05 00:02:05.627,192
3,202.0,2022-08-05 00:02:05.440,192
3,201.0,2022-08-05 00:02:05.253,192
3,200.0,2022-08-05 00:02:05.070,192
3,199.0,2022-08-05 00:02:04.887,192
3,198.0,2022-08-05 00:02:04.703,192
3,197.0,2022-08-05 00:02:04.517,192
3,196.0,2022-08-05 00:02:04.333,192
3,195.0,2022-08-05 00:02:04.147,192
3,194.0,2022-08-05 00:02:03.963,192
3,193.0,2022-08-05 00:02:03.777,192
3,192.0,2022-08-05 00:02:03.593,192
3,191.0,2022-08-05 00:02:03.407,192
3,190.0,2022-08-05 00:02:03.223,192
3,189.0,2022-08-05 00:02:03.040,192
3,188.0,2022-08-05 00:02:02.857,192
3,187.0,2022-08-05 00:02:02.670,192
3,186.0,2022-08-05 00:02:02.483,192
3,185.0,2022-08-05 00:02:02.300,192
3,184.0,2022-08-05 00:02:02.117,192
3,183.0,2022-08-05 00:02:01.933,192
3,182.0,2022-08-05 00:02:01.747,192
3,181.0,2022-08-05 00:02:01.563,192
3,180.0,2022-08-05 00:02:01.377,192
3,179.0,2022-08-05 00:02:01.193,192
3,178.0,2022-08-05 00:02:01.007,192
3,177.0,2022-08-05 00:02:00.820,192
3,176.0,2022-08-05 00:02:00.637,192
3,175.0,2022-08-05 00:02:00.453,192
3,174.0,2022-08-05 00:02:00.267,192
3,173.0,2022-08-05 00:02:00.080,192
3,172.0,2022-08-05 00:01:59.893,192
3,171.0,2022-08-05 00:01:59.707,192
3,170.0,2022-08-05 00:01:59.523,192
3,169.0,2022-08-05 00:01:59.340,192
3,168.0,2022-08-05 00:01:59.157,192
3,167.0,2022-08-05 00:01:58.970,192
3,166.0,2022-08-05 00:01:58.787,192
3,165.0,2022-08-05 00:01:58.600,192
3,164.0,2022-08-05 00:01:58.413,192
3,163.0,2022-08-05 00:01:58.227,192
3,162.0,2022-08-05 00:01:58.040,192
3,161.0,2022-08-05 00:01:57.857,192
3,160.0,2022-08-05 00:01:57.673,192
3,159.0,2022-08-05 00:01:57.487,192
3,158.0,2022-08-05 00:01:57.303,192
3,157.0,2022-08-05 00:01:57.117,192
3,156.0,2022-08-05 00:01:56.930,192
3,155.0,2022-08-05 00:01:56.743,192
3,154.0,2022-08-05 00:01:56.560,192
3,153.0,2022-08-05 00:01:56.373,192
3,152.0,2022-08-05 00:01:56.187,192
3,151.0,2022-08-05 00:01:56.000,192
3,150.0,2022-08-05 00:01:55.817,192
3,149.0,2022-08-05 00:01:55.630,192
3,148.0,2022-08-05 00:01:55.447,192
3,147.0,2022-08-05 00:01:55.263,192
3,146.0,2022-08-05 00:01:55.077,192
3,145.0,2022-08-05 00:01:54.890,192
3,144.0,2022-08-05 00:01:54.703,192
3,143.0,2022-08-05 00:01:54.517,192
3,142.0,2022-08-05 00:01:54.330,192
3,141.0,2022-08-05 00:01:54.143,192
3,140.0,2022-08-05 00:01:53.957,192
3,139.0,2022-08-05 00:01:53.770,192
3,138.0,2022-08-05 00:01:53.587,192
3,137.0,2022-08-05 00:01:53.400,192
3,136.0,2022-08-05 00:01:53.217,192
3,135.0,2022-08-05 00:01:53.030,192
3,134.0,2022-08-05 00:01:52.843,192
3,133.0,2022-08-05 00:01:52.657,192
3,132.0,2022-08-05 00:01:52.470,192
3,131.0,2022-08-05 00:01:52.287,192
3,130.0,2022-08-05 00:01:52.100,192
3,129.0,2022-08-05 00:01:51.913,192
3,128.0,2022-08-05 00:01:51.727,192
3,127.0,2022-08-05 00:01:51.543,192
3,126.0,2022-08-05 00:01:51.360,192
3,125.0,2022-08-05 00:01:51.173,192
3,124.0,2022-08-05 00:01:50.987,192
3,123.0,2022-08-05 00:01:50.803,192
3,122.0,2022-08-05 00:01:50.617,192
3,121.0,2022-08-05 00:01:50.430,192
3,120.0,2022-08-05 00:01:50.247,192
3,119.0,2022-08-05 00:01:50.060,192
3,118.0,2022-08-05 00:01:49.873,192
3,117.0,2022-08-05 00:01:49.690,192
3,116.0,2022-08-05 00:01:49.503,192
3,115.0,2022-08-05 00:01:49.320,192
3,114.0,2022-08-05 00:01:49.137,192
3,113.0,2022-08-05 00:01:48.950,192
3,112.0,2022-08-05 00:01:48.763,192
3,111.0,2022-08-05 00:01:48.577,192
3,110.0,2022-08-05 00:01:48.390,192
3,109.0,2022-08-05 00:01:48.203,192
3,108.0,2022-08-05 00:01:48.017,192
3,107.0,2022-08-05 00:01:47.833,192
3,106.0,2022-08-05 00:01:47.647,192
3,105.0,2022-08-05 00:01:47.463,192
3,104.0,2022-08-05 00:01:47.277,192
3,103.0,2022-08-05 00:01:47.093,192
3,102.0,2022-08-05 00:01:46.907,192
3,101.0,2022-08-05 00:01:46.720,192
3,100.0,2022-08-05 00:01:46.530,192
3,99.0,2022-08-05 00:01:46.343,192
3,98.0,2022-08-05 00:01:46.163,192
3,97.0,2022-08-05 00:01:45.977,192
3,96.0,2022-08-05 00:01:45.790,192
3,95.0,2022-08-05 00:01:45.603,192
3,94.0,2022-08-05 00:01:45.417,192
3,93.0,2022-08-05 00:01:45.233,192
3,92.0,2022-08-05 00:01:45.047,192
3,91.0,2022-08-05 00:01:44.863,192
3,90.0,2022-08-05 00:01:44.677,192
3,89.0,2022-08-05 00:01:44.493,192
3,88.0,2022-08-05 00:01:44.307,192
3,87.0,2022-08-05 00:01:44.123,192
3,86.0,2022-08-05 00:01:43.937,192
3,85.0,2022-08-05 00:01:43.753,192
3,84.0,2022-08-05 00:01:43.570,192
3,83.0,2022-08-05 00:01:43.387,192
3,82.0,2022-08-05 00:01:43.200,192
3,81.0,2022-08-05 00:01:43.013,192
3,80.0,2022-08-05 00:01:42.830,192
3,79.0,2022-08-05 00:01:42.643,192
3,78.0,2022-08-05 00:01:42.460,192
3,77.0,2022-08-05 00:01:42.273,192
3,76.0,2022-08-05 00:01:42.087,192
3,75.0,2022-08-05 00:01:41.903,192
3,74.0,2022-08-05 00:01:41.720,192
3,73.0,2022-08-05 00:01:41.533,192
3,72.0,2022-08-05 00:01:41.350,192
3,71.0,2022-08-05 00:01:41.163,192
3,70.0,2022-08-05 00:01:40.983,192
3,69.0,2022-08-05 00:01:40.800,192
3,68.0,2022-08-05 00:01:40.613,192
3,67.0,2022-08-05 00:01:40.427,192
3,66.0,2022-08-05 00:01:40.240,192
3,65.0,2022-08-05 00:01:40.057,192
3,64.0,2022-08-05 00:01:39.870,192
3,63.0,2022-08-05 00:01:39.687,192
3,62.0,2022-08-05 00:01:39.503,192
3,61.0,2022-08-05 00:01:39.317,192
3,60.0,2022-08-05 00:01:39.130,192
3,59.0,2022-08-05 00:01:38.943,192
3,58.0,2022-08-05 00:01:38.760,192
3,57.0,2022-08-05 00:01:38.573,192
3,56.0,2022-08-05 00:01:38.387,192
3,55.0,2022-08-05 00:01:38.200,192
3,54.0,2022-08-05 00:01:38.010,192
3,53.0,2022-08-05 00:01:37.827,192
3,52.0,2022-08-05 00:01:37.640,192
3,51.0,2022-08-05 00:01:37.453,192
3,50.0,2022-08-05 00:01:37.270,192
3,49.0,2022-08-05 00:01:37.083,192
3,48.0,2022-08-05 00:01:36.897,192
3,47.0,2022-08-05 00:01:36.707,192
3,46.0,2022-08-05 00:01:36.523,192
3,45.0,2022-08-05 00:01:36.340,192
3,44.0,2022-08-05 00:01:36.153,192
3,43.0,2022-08-05 00:01:35.967,192
3,42.0,2022-08-05 00:01:35.783,192
3,41.0,2022-08-05 00:01:35.597,192
3,40.0,2022-08-05 00:01:35.413,192
3,39.0,2022-08-05 00:01:35.253,192
3,38.0,2022-08-05 00:01:35.087,192
3,37.0,2022-08-05 00:01:34.950,192
3,36.0,2022-08-05 00:01:34.767,192
3,35.0,2022-08-05 00:01:34.577,192
3,34.0,2022-08-05 00:01:34.390,192
3,33.0,2022-08-05 00:01:34.203,192
3,32.0,2022-08-05 00:01:34.017,192
3,31.0,2022-08-05 00:01:33.830,192
3,30.0,2022-08-05 00:01:33.643,192
3,29.0,2022-08-05 00:01:33.480,192
3,28.0,2022-08-05 00:01:33.337,192
3,27.0,2022-08-05 00:01:33.153,192
3,26.0,2022-08-05 00:01:32.967,192
3,25.0,2022-08-05 00:01:32.783,192
3,24.0,2022-08-05 00:01:32.597,192
3,23.0,2022-08-05 00:01:32.413,192
3,22.0,2022-08-05 00:01:32.230,192
3,21.0,2022-08-05 00:01:32.090,192
3,20.0,2022-08-05 00:01:31.920,192
3,19.0,2022-08-05 00:01:31.737,192
3,18.0,2022-08-05 00:01:31.547,192
3,17.0,2022-08-05 00:01:31.360,192
3,16.0,2022-08-05 00:01:31.177,192
3,15.0,2022-08-05 00:01:30.990,192
3,14.0,2022-08-05 00:01:30.807,192
3,13.0,2022-08-05 00:01:30.620,192
3,12.0,2022-08-05 00:01:30.430,192
3,11.0,2022-08-05 00:01:30.247,192
3,10.0,2022-08-05 00:01:30.063,192
3,9.0,2022-08-05 00:01:29.880,192
3,8.0,2022-08-05 00:01:29.693,192
3,7.0,2022-08-05 00:01:29.510,192
3,6.0,2022-08-05 00:01:29.323,192
3,5.0,2022-08-05 00:01:29.140,192
3,4.0,2022-08-05 00:01:28.953,192
3,3.0,2022-08-05 00:01:28.767,192
3,2.0,2022-08-05 00:01:28.583,192
3,1.0,2022-08-05 00:01:28.397,192
3,0.0,2022-08-05 00:01:28.310,192
3,216.0,2022-08-05 00:01:28.217,192
3,215.0,2022-08-05 00:01:28.093,192
3,214.0,2022-08-05 00:01:27.967,192
3,213.0,2022-08-05 00:01:27.843,192
3,212.0,2022-08-05 00:01:27.720,192
3,211.0,2022-08-05 00:01:27.593,192
3,210.0,2022-08-05 00:01:27.470,192
3,209.0,2022-08-05 00:01:27.343,192
3,208.0,2022-08-05 00:01:27.217,192
3,207.0,2022-08-05 00:01:27.087,192
3,206.0,2022-08-05 00:01:26.957,192
3,205.0,2022-08-05 00:01:26.777,192
3,204.0,2022-08-05 00:01:26.590,192
3,203.0,2022-08-05 00:01:26.407,192
3,202.0,2022-08-05 00:01:26.223,192
3,201.0,2022-08-05 00:01:26.040,192
3,200.0,2022-08-05 00:01:25.853,192
3,199.0,2022-08-05 00:01:25.667,192
3,198.0,2022-08-05 00:01:25.480,192
3,197.0,2022-08-05 00:01:25.293,192
3,196.0,2022-08-05 00:01:25.110,192
3,195.0,2022-08-05 00:01:24.927,192
3,194.0,2022-08-05 00:01:24.740,192
3,193.0,2022-08-05 00:01:24.553,192
3,192.0,2022-08-05 00:01:24.370,192
3,191.0,2022-08-05 00:01:24.187,192
3,190.0,2022-08-05 00:01:24.000,192
3,189.0,2022-08-05 00:01:23.817,192
3,188.0,2022-08-05 00:01:23.630,192
3,187.0,2022-08-05 00:01:23.447,192
3,186.0,2022-08-05 00:01:23.263,192
3,185.0,2022-08-05 00:01:23.077,192
3,184.0,2022-08-05 00:01:22.890,192
3,183.0,2022-08-05 00:01:22.703,192
3,182.0,2022-08-05 00:01:22.523,192
3,181.0,2022-08-05 00:01:22.340,192
3,180.0,2022-08-05 00:01:22.150,192
3,179.0,2022-08-05 00:01:21.967,192
3,178.0,2022-08-05 00:01:21.780,192
3,177.0,2022-08-05 00:01:21.593,192
3,176.0,2022-08-05 00:01:21.410,192
3,175.0,2022-08-05 00:01:21.223,192
3,174.0,2022-08-05 00:01:21.037,192
3,173.0,2022-08-05 00:01:20.853,192
3,172.0,2022-08-05 00:01:20.670,192
3,171.0,2022-08-05 00:01:20.483,192
3,170.0,2022-08-05 00:01:20.300,192
3,169.0,2022-08-05 00:01:20.113,192
3,168.0,2022-08-05 00:01:19.930,192
3,167.0,2022-08-05 00:01:19.770,192
3,166.0,2022-08-05 00:01:19.647,192
3,165.0,2022-08-05 00:01:19.510,192
3,164.0,2022-08-05 00:01:19.323,192
3,163.0,2022-08-05 00:01:19.140,192
3,162.0,2022-08-05 00:01:18.953,192
3,161.0,2022-08-05 00:01:18.767,192
3,160.0,2022-08-05 00:01:18.583,192
3,159.0,2022-08-05 00:01:18.397,192
3,158.0,2022-08-05 00:01:18.220,192
3,157.0,2022-08-05 00:01:18.073,192
3,156.0,2022-08-05 00:01:17.890,192
3,155.0,2022-08-05 00:01:17.707,192
3,154.0,2022-08-05 00:01:17.517,192
3,153.0,2022-08-05 00:01:17.330,192
3,152.0,2022-08-05 00:01:17.147,192
3,151.0,2022-08-05 00:01:16.960,192
3,150.0,2022-08-05 00:01:16.777,192
3,149.0,2022-08-05 00:01:16.593,192
3,148.0,2022-08-05 00:01:16.410,192
3,147.0,2022-08-05 00:01:16.227,192
3,146.0,2022-08-05 00:01:16.040,192
3,145.0,2022-08-05 00:01:15.853,192
3,144.0,2022-08-05 00:01:15.670,192
3,143.0,2022-08-05 00:01:15.483,192
3,142.0,2022-08-05 00:01:15.297,192
3,141.0,2022-08-05 00:01:15.110,192
3,140.0,2022-08-05 00:01:14.923,192
3,139.0,2022-08-05 00:01:14.737,192
3,138.0,2022-08-05 00:01:14.553,192
3,137.0,2022-08-05 00:01:14.367,192
3,136.0,2022-08-05 00:01:14.183,192
3,135.0,2022-08-05 00:01:14.060,192
3,134.0,2022-08-05 00:01:13.937,192
3,133.0,2022-08-05 00:01:13.807,192
3,132.0,2022-08-05 00:01:13.683,192
3,131.0,2022-08-05 00:01:13.557,192
3,130.0,2022-08-05 00:01:13.437,192
3,129.0,2022-08-05 00:01:13.310,192
3,128.0,2022-08-05 00:01:13.183,192
3,127.0,2022-08-05 00:01:13.060,192
3,126.0,2022-08-05 00:01:12.910,192
3,125.0,2022-08-05 00:01:12.727,192
3,124.0,2022-08-05 00:01:12.543,192
3,123.0,2022-08-05 00:01:12.357,192
3,122.0,2022-08-05 00:01:12.173,192
3,121.0,2022-08-05 00:01:11.990,192
3,120.0,2022-08-05 00:01:11.803,192
3,119.0,2022-08-05 00:01:11.617,192
3,118.0,2022-08-05 00:01:11.433,192
3,117.0,2022-08-05 00:01:11.303,192
3,116.0,2022-08-05 00:01:11.180,192
3,115.0,2022-08-05 00:01:11.053,192
3,114.0,2022-08-05 00:01:10.913,192
3,113.0,2022-08-05 00:01:10.727,192
3,112.0,2022-08-05 00:01:10.547,192
3,111.0,2022-08-05 00:01:10.423,192
3,110.0,2022-08-05 00:01:10.293,192
3,109.0,2022-08-05 00:01:10.163,192
3,108.0,2022-08-05 00:01:09.980,192
3,107.0,2022-08-05 00:01:09.793,192
3,106.0,2022-08-05 00:01:09.610,192
3,105.0,2022-08-05 00:01:09.423,192
3,104.0,2022-08-05 00:01:09.237,192
3,103.0,2022-08-05 00:01:09.053,192
3,102.0,2022-08-05 00:01:08.870,192
3,101.0,2022-08-05 00:01:08.697,192
3,100.0,2022-08-05 00:01:08.570,192
3,99.0,2022-08-05 00:01:08.447,192
3,98.0,2022-08-05 00:01:08.300,192
3,97.0,2022-08-05 00:01:08.113,192
3,96.0,2022-08-05 00:01:07.927,192
3,95.0,2022-08-05 00:01:07.723,192
3,94.0,2022-08-05 00:01:07.540,192
3,93.0,2022-08-05 00:01:07.350,192
3,92.0,2022-08-05 00:01:07.167,192
3,91.0,2022-08-05 00:01:06.997,192
3,90.0,2022-08-05 00:01:06.870,192
3,89.0,2022-08-05 00:01:06.743,192
3,88.0,2022-08-05 00:01:06.557,192
3,87.0,2022-08-05 00:01:06.370,192
3,86.0,2022-08-05 00:01:06.210,192
3,85.0,2022-08-05 00:01:06.073,192
3,84.0,2022-08-05 00:01:05.907,192
3,83.0,2022-08-05 00:01:05.780,192
3,82.0,2022-08-05 00:01:05.643,192
3,81.0,2022-08-05 00:01:05.460,192
3,80.0,2022-08-05 00:01:05.273,192
3,79.0,2022-08-05 00:01:05.087,192
3,78.0,2022-08-05 00:01:04.903,192
3,77.0,2022-08-05 00:01:04.720,192
3,76.0,2022-08-05 00:01:04.577,192
3,75.0,2022-08-05 00:01:04.450,192
3,74.0,2022-08-05 00:01:04.323,192
3,73.0,2022-08-05 00:01:04.200,192
3,72.0,2022-08-05 00:01:04.073,192
3,71.0,2022-08-05 00:01:03.927,192
3,70.0,2022-08-05 00:01:03.740,192
3,69.0,2022-08-05 00:01:03.550,192
3,68.0,2022-08-05 00:01:03.363,192
3,67.0,2022-08-05 00:01:03.177,192
3,66.0,2022-08-05 00:01:02.990,192
3,65.0,2022-08-05 00:01:02.803,192
3,64.0,2022-08-05 00:01:02.617,192
3,63.0,2022-08-05 00:01:02.430,192
3,62.0,2022-08-05 00:01:02.247,192
3,61.0,2022-08-05 00:01:02.060,192
3,60.0,2022-08-05 00:01:01.873,192
3,59.0,2022-08-05 00:01:01.690,192
3,58.0,2022-08-05 00:01:01.507,192
3,57.0,2022-08-05 00:01:01.320,192
3,56.0,2022-08-05 00:01:01.137,192
3,55.0,2022-08-05 00:01:00.953,192
3,54.0,2022-08-05 00:01:00.770,192
3,53.0,2022-08-05 00:01:00.583,192
3,52.0,2022-08-05 00:01:00.400,192
3,51.0,2022-08-05 00:01:00.213,192
3,50.0,2022-08-05 00:01:00.027,192
3,49.0,2022-08-05 00:00:59.843,192
3,48.0,2022-08-05 00:00:59.657,192
3,47.0,2022-08-05 00:00:59.470,192
3,46.0,2022-08-05 00:00:59.287,192
3,45.0,2022-08-05 00:00:59.097,192
3,44.0,2022-08-05 00:00:58.913,192
3,43.0,2022-08-05 00:00:58.730,192
3,42.0,2022-08-05 00:00:58.547,192
3,41.0,2022-08-05 00:00:58.360,192
3,40.0,2022-08-05 00:00:58.173,192
3,39.0,2022-08-05 00:00:57.987,192
3,38.0,2022-08-05 00:00:57.803,192
3,37.0,2022-08-05 00:00:57.620,192
3,36.0,2022-08-05 00:00:57.430,192
3,35.0,2022-08-05 00:00:57.247,192
3,34.0,2022-08-05 00:00:57.060,192
3,33.0,2022-08-05 00:00:56.873,192
3,32.0,2022-08-05 00:00:56.690,192
3,31.0,2022-08-05 00:00:56.503,192
3,30.0,2022-08-05 00:00:56.317,192
3,29.0,2022-08-05 00:00:56.130,192
3,28.0,2022-08-05 00:00:55.943,192
3,27.0,2022-08-05 00:00:55.757,192
3,26.0,2022-08-05 00:00:55.570,192
3,25.0,2022-08-05 00:00:55.383,192
3,24.0,2022-08-05 00:00:55.193,192
3,23.0,2022-08-05 00:00:55.007,192
3,22.0,2022-08-05 00:00:54.820,192
3,21.0,2022-08-05 00:00:54.630,192
3,20.0,2022-08-05 00:00:54.443,192
3,19.0,2022-08-05 00:00:54.260,192
3,18.0,2022-08-05 00:00:54.073,192
3,17.0,2022-08-05 00:00:53.883,192
3,16.0,2022-08-05 00:00:53.697,192
3,15.0,2022-08-05 00:00:53.510,192
3,14.0,2022-08-05 00:00:53.320,192
3,13.0,2022-08-05 00:00:53.133,192
3,12.0,2022-08-05 00:00:52.953,192
3,11.0,2022-08-05 00:00:52.767,192
3,10.0,2022-08-05 00:00:52.580,192
3,9.0,2022-08-05 00:00:52.393,192
3,8.0,2022-08-05 00:00:52.207,192
3,7.0,2022-08-05 00:00:52.023,192
3,6.0,2022-08-05 00:00:51.837,192
3,5.0,2022-08-05 00:00:51.653,192
3,4.0,2022-08-05 00:00:51.470,192
3,3.0,2022-08-05 00:00:51.287,192
3,2.0,2022-08-05 00:00:51.100,192
3,1.0,2022-08-05 00:00:50.903,192
3,1.0,2022-08-04 23:59:56.880,192
4,42.0,2022-08-05 00:16:11.797,192
4,41.0,2022-08-05 00:16:11.610,192
4,40.0,2022-08-05 00:16:11.423,192
4,39.0,2022-08-05 00:16:11.237,192
4,38.0,2022-08-05 00:16:11.050,192
4,37.0,2022-08-05 00:16:10.867,192
4,36.0,2022-08-05 00:16:10.680,192
4,35.0,2022-08-05 00:16:10.493,192
4,34.0,2022-08-05 00:16:10.303,192
4,33.0,2022-08-05 00:16:10.120,192
4,32.0,2022-08-05 00:16:09.937,192
4,31.0,2022-08-05 00:16:09.750,192
4,30.0,2022-08-05 00:16:09.563,192
4,29.0,2022-08-05 00:16:09.360,192
4,28.0,2022-08-05 00:16:09.170,192
4,27.0,2022-08-05 00:16:08.987,192
4,26.0,2022-08-05 00:16:08.800,192
4,25.0,2022-08-05 00:16:08.613,192
4,24.0,2022-08-05 00:16:08.427,192
4,23.0,2022-08-05 00:16:08.240,192
4,22.0,2022-08-05 00:16:08.057,192
4,21.0,2022-08-05 00:16:07.873,192
4,20.0,2022-08-05 00:16:07.687,192
4,19.0,2022-08-05 00:16:07.500,192
4,18.0,2022-08-05 00:16:07.313,192
4,17.0,2022-08-05 00:16:07.123,192
4,16.0,2022-08-05 00:16:06.937,192
4,15.0,2022-08-05 00:16:06.750,192
4,14.0,2022-08-05 00:16:06.567,192
4,13.0,2022-08-05 00:16:06.380,192
4,12.0,2022-08-05 00:16:06.193,192
4,11.0,2022-08-05 00:16:06.010,192
4,10.0,2022-08-05 00:16:05.823,192
4,9.0,2022-08-05 00:16:05.637,192
4,8.0,2022-08-05 00:16:05.450,192
4,7.0,2022-08-05 00:16:05.263,192
4,6.0,2022-08-05 00:16:05.077,192
4,5.0,2022-08-05 00:16:04.890,192
4,4.0,2022-08-05 00:16:04.700,192
4,3.0,2022-08-05 00:16:04.513,192
4,2.0,2022-08-05 00:16:04.327,192
4,1.0,2022-08-05 00:16:04.143,192
4,0.0,2022-08-05 00:16:04.070,192
4,4522.0,2022-08-05 00:16:03.960,192
4,4521.0,2022-08-05 00:16:03.773,192
4,4520.0,2022-08-05 00:16:03.590,192
4,4519.0,2022-08-05 00:16:03.403,192
4,4518.0,2022-08-05 00:16:03.220,192
4,4517.0,2022-08-05 00:16:03.030,192
4,4516.0,2022-08-05 00:16:02.843,192
4,4515.0,2022-08-05 00:16:02.653,192
4,4514.0,2022-08-05 00:16:02.470,192
4,4513.0,2022-08-05 00:16:02.287,192
4,4512.0,2022-08-05 00:16:02.103,192
4,4511.0,2022-08-05 00:16:01.917,192
4,4510.0,2022-08-05 00:16:01.727,192
4,4509.0,2022-08-05 00:16:01.543,192
4,4508.0,2022-08-05 00:16:01.360,192
4,4507.0,2022-08-05 00:16:01.173,192
4,4506.0,2022-08-05 00:16:00.987,192
4,4505.0,2022-08-05 00:16:00.820,192
4,4504.0,2022-08-05 00:16:00.673,192
4,4503.0,2022-08-05 00:16:00.487,192
4,4502.0,2022-08-05 00:16:00.300,192
4,4501.0,2022-08-05 00:16:00.113,192
4,4500.0,2022-08-05 00:15:59.923,192
4,4499.0,2022-08-05 00:15:59.737,192
4,4498.0,2022-08-05 00:15:59.553,192
4,4497.0,2022-08-05 00:15:59.367,192
4,4496.0,2022-08-05 00:15:59.177,192
4,4495.0,2022-08-05 00:15:58.983,192
4,4494.0,2022-08-05 00:15:58.850,192
4,4493.0,2022-08-05 00:15:58.667,192
4,4492.0,2022-08-05 00:15:58.477,192
4,4491.0,2022-08-05 00:15:58.290,192
4,4490.0,2022-08-05 00:15:58.103,192
4,4489.0,2022-08-05 00:15:57.923,192
4,4488.0,2022-08-05 00:15:57.763,192
4,4487.0,2022-08-05 00:15:57.580,192
4,4486.0,2022-08-05 00:15:57.393,192
4,4485.0,2022-08-05 00:15:57.207,192
4,4484.0,2022-08-05 00:15:57.020,192
4,4483.0,2022-08-05 00:15:56.833,192
4,4482.0,2022-08-05 00:15:56.647,192
4,4481.0,2022-08-05 00:15:56.460,192
4,4480.0,2022-08-05 00:15:56.273,192
4,4479.0,2022-08-05 00:15:56.087,192
4,4478.0,2022-08-05 00:15:55.900,192
4,4477.0,2022-08-05 00:15:55.713,192
4,4476.0,2022-08-05 00:15:55.527,192
4,4475.0,2022-08-05 00:15:55.340,192
4,4474.0,2022-08-05 00:15:55.153,192
4,4473.0,2022-08-05 00:15:54.970,192
4,4472.0,2022-08-05 00:15:54.780,192
4,4471.0,2022-08-05 00:15:54.597,192
4,4470.0,2022-08-05 00:15:54.410,192
4,4469.0,2022-08-05 00:15:54.223,192
4,4468.0,2022-08-05 00:15:54.040,192
4,4467.0,2022-08-05 00:15:53.853,192
4,4466.0,2022-08-05 00:15:53.670,192
4,4465.0,2022-08-05 00:15:53.540,192
4,4464.0,2022-08-05 00:15:53.393,192
4,4463.0,2022-08-05 00:15:53.203,192
4,4462.0,2022-08-05 00:15:53.017,192
4,4461.0,2022-08-05 00:15:52.830,192
4,4460.0,2022-08-05 00:15:52.643,192
4,4459.0,2022-08-05 00:15:52.457,192
4,4458.0,2022-08-05 00:15:52.267,192
4,4457.0,2022-08-05 00:15:52.080,192
4,4456.0,2022-08-05 00:15:51.893,192
4,4455.0,2022-08-05 00:15:51.707,192
4,4454.0,2022-08-05 00:15:51.520,192
4,4453.0,2022-08-05 00:15:51.337,192
4,4452.0,2022-08-05 00:15:51.150,192
4,4451.0,2022-08-05 00:15:50.947,192
4,4450.0,2022-08-05 00:15:50.760,192
4,4449.0,2022-08-05 00:15:50.570,192
4,4448.0,2022-08-05 00:15:50.383,192
4,4447.0,2022-08-05 00:15:50.197,192
4,4446.0,2022-08-05 00:15:50.007,192
4,4445.0,2022-08-05 00:15:49.823,192
4,4444.0,2022-08-05 00:15:49.637,192
4,4443.0,2022-08-05 00:15:49.447,192
4,4442.0,2022-08-05 00:15:49.263,192
4,4441.0,2022-08-05 00:15:49.077,192
4,4440.0,2022-08-05 00:15:48.890,192
4,4439.0,2022-08-05 00:15:48.700,192
4,4438.0,2022-08-05 00:15:48.513,192
4,4437.0,2022-08-05 00:15:48.327,192
4,4436.0,2022-08-05 00:15:48.140,192
4,4435.0,2022-08-05 00:15:47.957,192
4,4434.0,2022-08-05 00:15:47.770,192
4,4433.0,2022-08-05 00:15:47.583,192
4,4432.0,2022-08-05 00:15:47.397,192
4,4431.0,2022-08-05 00:15:47.213,192
4,4430.0,2022-08-05 00:15:47.027,192
4,4429.0,2022-08-05 00:15:46.840,192
4,4428.0,2022-08-05 00:15:46.657,192
4,4427.0,2022-08-05 00:15:46.470,192
4,4426.0,2022-08-05 00:15:46.287,192
4,4425.0,2022-08-05 00:15:46.103,192
4,4424.0,2022-08-05 00:15:45.917,192
4,4423.0,2022-08-05 00:15:45.733,192
4,4422.0,2022-08-05 00:15:45.550,192
4,4421.0,2022-08-05 00:15:45.367,192
4,4420.0,2022-08-05 00:15:45.183,192
4,4419.0,2022-08-05 00:15:44.997,192
4,4418.0,2022-08-05 00:15:44.813,192
4,4417.0,2022-08-05 00:15:44.627,192
4,4416.0,2022-08-05 00:15:44.443,192
4,4415.0,2022-08-05 00:15:44.260,192
4,4414.0,2022-08-05 00:15:44.073,192
4,4413.0,2022-08-05 00:15:43.890,192
4,4412.0,2022-08-05 00:15:43.707,192
4,4411.0,2022-08-05 00:15:43.520,192
4,4410.0,2022-08-05 00:15:43.337,192
4,4409.0,2022-08-05 00:15:43.150,192
4,4408.0,2022-08-05 00:15:42.963,192
4,4407.0,2022-08-05 00:15:42.777,192
4,4406.0,2022-08-05 00:15:42.580,192
4,4405.0,2022-08-05 00:15:42.393,192
4,4404.0,2022-08-05 00:15:42.207,192
4,4403.0,2022-08-05 00:15:42.023,192
4,4402.0,2022-08-05 00:15:41.837,192
4,4401.0,2022-08-05 00:15:41.653,192
4,4400.0,2022-08-05 00:15:41.467,192
4,4399.0,2022-08-05 00:15:41.283,192
4,4398.0,2022-08-05 00:15:41.097,192
4,4397.0,2022-08-05 00:15:40.910,192
4,4396.0,2022-08-05 00:15:40.727,192
4,4395.0,2022-08-05 00:15:40.540,192
4,4394.0,2022-08-05 00:15:40.353,192
4,4393.0,2022-08-05 00:15:40.170,192
4,4392.0,2022-08-05 00:15:39.987,192
4,4391.0,2022-08-05 00:15:39.800,192
4,4390.0,2022-08-05 00:15:39.613,192
4,4389.0,2022-08-05 00:15:39.430,192
4,4388.0,2022-08-05 00:15:39.247,192
4,4387.0,2022-08-05 00:15:39.063,192
4,4386.0,2022-08-05 00:15:38.877,192
4,4385.0,2022-08-05 00:15:38.693,192
4,4384.0,2022-08-05 00:15:38.507,192
4,4383.0,2022-08-05 00:15:38.323,192
4,4382.0,2022-08-05 00:15:38.137,192
4,4381.0,2022-08-05 00:15:37.953,192
4,4380.0,2022-08-05 00:15:37.767,192
4,4379.0,2022-08-05 00:15:37.587,192
4,4378.0,2022-08-05 00:15:37.400,192
4,4377.0,2022-08-05 00:15:37.217,192
4,4376.0,2022-08-05 00:15:37.033,192
4,4375.0,2022-08-05 00:15:36.847,192
4,4374.0,2022-08-05 00:15:36.660,192
4,4373.0,2022-08-05 00:15:36.477,192
4,4372.0,2022-08-05 00:15:36.293,192
4,4371.0,2022-08-05 00:15:36.107,192
4,4370.0,2022-08-05 00:15:35.920,192
4,4369.0,2022-08-05 00:15:35.733,192
4,4368.0,2022-08-05 00:15:35.547,192
4,4367.0,2022-08-05 00:15:35.363,192
4,4366.0,2022-08-05 00:15:35.177,192
4,4365.0,2022-08-05 00:15:34.993,192
4,4364.0,2022-08-05 00:15:34.807,192
4,4363.0,2022-08-05 00:15:34.623,192
4,4362.0,2022-08-05 00:15:34.437,192
4,4361.0,2022-08-05 00:15:34.253,192
4,4360.0,2022-08-05 00:15:34.070,192
4,4359.0,2022-08-05 00:15:33.887,192
4,4358.0,2022-08-05 00:15:33.700,192
4,4357.0,2022-08-05 00:15:33.517,192
4,4356.0,2022-08-05 00:15:33.333,192
4,4355.0,2022-08-05 00:15:33.147,192
4,4354.0,2022-08-05 00:15:32.963,192
4,4353.0,2022-08-05 00:15:32.777,192
4,4352.0,2022-08-05 00:15:32.593,192
4,4351.0,2022-08-05 00:15:32.407,192
4,4350.0,2022-08-05 00:15:32.223,192
4,4349.0,2022-08-05 00:15:32.037,192
4,4348.0,2022-08-05 00:15:31.853,192
4,4347.0,2022-08-05 00:15:31.670,192
4,4346.0,2022-08-05 00:15:31.487,192
4,4345.0,2022-08-05 00:15:31.300,192
4,4344.0,2022-08-05 00:15:31.113,192
4,4343.0,2022-08-05 00:15:30.927,192
4,4342.0,2022-08-05 00:15:30.743,192
4,4341.0,2022-08-05 00:15:30.560,192
4,4340.0,2022-08-05 00:15:30.373,192
4,4339.0,2022-08-05 00:15:30.187,192
4,4338.0,2022-08-05 00:15:30.000,192
4,4337.0,2022-08-05 00:15:29.813,192
4,4336.0,2022-08-05 00:15:29.630,192
4,4335.0,2022-08-05 00:15:29.443,192
4,4334.0,2022-08-05 00:15:29.260,192
4,4333.0,2022-08-05 00:15:29.073,192
4,4332.0,2022-08-05 00:15:28.887,192
4,4331.0,2022-08-05 00:15:28.700,192
4,4330.0,2022-08-05 00:15:28.517,192
4,4329.0,2022-08-05 00:15:28.330,192
4,4328.0,2022-08-05 00:15:28.147,192
4,4327.0,2022-08-05 00:15:27.960,192
4,4326.0,2022-08-05 00:15:27.777,192
4,4325.0,2022-08-05 00:15:27.590,192
4,4324.0,2022-08-05 00:15:27.403,192
4,4323.0,2022-08-05 00:15:27.217,192
4,4322.0,2022-08-05 00:15:27.033,192
4,4321.0,2022-08-05 00:15:26.850,192
4,4320.0,2022-08-05 00:15:26.667,192
4,4319.0,2022-08-05 00:15:26.480,192
4,4318.0,2022-08-05 00:15:26.297,192
4,4317.0,2022-08-05 00:15:26.110,192
4,4316.0,2022-08-05 00:15:25.930,192
4,4315.0,2022-08-05 00:15:25.743,192
4,4314.0,2022-08-05 00:15:25.557,192
4,4313.0,2022-08-05 00:15:25.373,192
4,4312.0,2022-08-05 00:15:25.187,192
4,4311.0,2022-08-05 00:15:25.003,192
4,4310.0,2022-08-05 00:15:24.820,192
4,4309.0,2022-08-05 00:15:24.633,192
4,4308.0,2022-08-05 00:15:24.447,192
4,4307.0,2022-08-05 00:15:24.260,192
4,4306.0,2022-08-05 00:15:24.077,192
4,4305.0,2022-08-05 00:15:23.890,192
4,4304.0,2022-08-05 00:15:23.707,192
4,4303.0,2022-08-05 00:15:23.520,192
4,4302.0,2022-08-05 00:15:23.337,192
4,4301.0,2022-08-05 00:15:23.150,192
4,4300.0,2022-08-05 00:15:22.963,192
4,4299.0,2022-08-05 00:15:22.777,192
4,4298.0,2022-08-05 00:15:22.593,192
4,4297.0,2022-08-05 00:15:22.410,192
4,4296.0,2022-08-05 00:15:22.227,192
4,4295.0,2022-08-05 00:15:22.040,192
4,4294.0,2022-08-05 00:15:21.853,192
4,4293.0,2022-08-05 00:15:21.667,192
4,4292.0,2022-08-05 00:15:21.483,192
4,4291.0,2022-08-05 00:15:21.297,192
4,4290.0,2022-08-05 00:15:21.110,192
4,4289.0,2022-08-05 00:15:20.927,192
4,4288.0,2022-08-05 00:15:20.740,192
4,4287.0,2022-08-05 00:15:20.553,192
4,4286.0,2022-08-05 00:15:20.370,192
4,4285.0,2022-08-05 00:15:20.183,192
4,4284.0,2022-08-05 00:15:20.000,192
4,4283.0,2022-08-05 00:15:19.813,192
4,4282.0,2022-08-05 00:15:19.630,192
4,4281.0,2022-08-05 00:15:19.443,192
4,4280.0,2022-08-05 00:15:19.260,192
4,4279.0,2022-08-05 00:15:19.073,192
4,4278.0,2022-08-05 00:15:18.887,192
4,4277.0,2022-08-05 00:15:18.700,192
4,4276.0,2022-08-05 00:15:18.517,192
4,4275.0,2022-08-05 00:15:18.333,192
4,4274.0,2022-08-05 00:15:18.150,192
4,4273.0,2022-08-05 00:15:17.963,192
4,4272.0,2022-08-05 00:15:17.780,192
4,4271.0,2022-08-05 00:15:17.593,192
4,4270.0,2022-08-05 00:15:17.410,192
4,4269.0,2022-08-05 00:15:17.227,192
4,4268.0,2022-08-05 00:15:17.040,192
4,4267.0,2022-08-05 00:15:16.857,192
4,4266.0,2022-08-05 00:15:16.670,192
4,4265.0,2022-08-05 00:15:16.487,192
4,4264.0,2022-08-05 00:15:16.303,192
4,4263.0,2022-08-05 00:15:16.120,192
4,4262.0,2022-08-05 00:15:15.937,192
4,4261.0,2022-08-05 00:15:15.750,192
4,4260.0,2022-08-05 00:15:15.563,192
4,4259.0,2022-08-05 00:15:15.377,192
4,4258.0,2022-08-05 00:15:15.193,192
4,4257.0,2022-08-05 00:15:15.007,192
4,4256.0,2022-08-05 00:15:14.823,192
4,4255.0,2022-08-05 00:15:14.637,192
4,4254.0,2022-08-05 00:15:14.453,192
4,4253.0,2022-08-05 00:15:14.270,192
4,4252.0,2022-08-05 00:15:14.083,192
4,4251.0,2022-08-05 00:15:13.900,192
4,4250.0,2022-08-05 00:15:13.713,192
4,4249.0,2022-08-05 00:15:13.530,192
4,4248.0,2022-08-05 00:15:13.343,192
4,4247.0,2022-08-05 00:15:13.157,192
4,4246.0,2022-08-05 00:15:12.973,192
4,4245.0,2022-08-05 00:15:12.787,192
4,4244.0,2022-08-05 00:15:12.600,192
4,4243.0,2022-08-05 00:15:12.417,192
4,4242.0,2022-08-05 00:15:12.233,192
4,4241.0,2022-08-05 00:15:12.047,192
4,4240.0,2022-08-05 00:15:11.863,192
4,4239.0,2022-08-05 00:15:11.677,192
4,4238.0,2022-08-05 00:15:11.493,192
4,4237.0,2022-08-05 00:15:11.310,192
4,4236.0,2022-08-05 00:15:11.123,192
4,4235.0,2022-08-05 00:15:10.940,192
4,4234.0,2022-08-05 00:15:10.757,192
4,4233.0,2022-08-05 00:15:10.570,192
4,4232.0,2022-08-05 00:15:10.387,192
4,4231.0,2022-08-05 00:15:10.200,192
4,4230.0,2022-08-05 00:15:10.017,192
4,4229.0,2022-08-05 00:15:09.830,192
4,4228.0,2022-08-05 00:15:09.643,192
4,4227.0,2022-08-05 00:15:09.460,192
4,4226.0,2022-08-05 00:15:09.273,192
4,4225.0,2022-08-05 00:15:09.087,192
4,4224.0,2022-08-05 00:15:08.903,192
4,4223.0,2022-08-05 00:15:08.717,192
4,4222.0,2022-08-05 00:15:08.533,192
4,4221.0,2022-08-05 00:15:08.347,192
4,4220.0,2022-08-05 00:15:08.160,192
4,4219.0,2022-08-05 00:15:07.977,192
4,4218.0,2022-08-05 00:15:07.790,192
4,4217.0,2022-08-05 00:15:07.603,192
4,4216.0,2022-08-05 00:15:07.420,192
4,4215.0,2022-08-05 00:15:07.233,192
4,4214.0,2022-08-05 00:15:07.050,192
4,4213.0,2022-08-05 00:15:06.867,192
4,4212.0,2022-08-05 00:15:06.680,192
4,4211.0,2022-08-05 00:15:06.497,192
4,4210.0,2022-08-05 00:15:06.310,192
4,4209.0,2022-08-05 00:15:06.127,192
4,4208.0,2022-08-05 00:15:05.943,192
4,4207.0,2022-08-05 00:15:05.757,192
4,4206.0,2022-08-05 00:15:05.570,192
4,4205.0,2022-08-05 00:15:05.387,192
4,4204.0,2022-08-05 00:15:05.203,192
4,4203.0,2022-08-05 00:15:05.017,192
4,4202.0,2022-08-05 00:15:04.833,192
4,4201.0,2022-08-05 00:15:04.647,192
4,4200.0,2022-08-05 00:15:04.467,192
4,4199.0,2022-08-05 00:15:04.280,192
4,4198.0,2022-08-05 00:15:04.097,192
4,4197.0,2022-08-05 00:15:03.913,192
4,4196.0,2022-08-05 00:15:03.727,192
4,4195.0,2022-08-05 00:15:03.547,192
4,4194.0,2022-08-05 00:15:03.360,192
4,4193.0,2022-08-05 00:15:03.173,192
4,4192.0,2022-08-05 00:15:02.990,192
4,4191.0,2022-08-05 00:15:02.803,192
4,4190.0,2022-08-05 00:15:02.620,192
4,4189.0,2022-08-05 00:15:02.433,192
4,4188.0,2022-08-05 00:15:02.247,192
4,4187.0,2022-08-05 00:15:02.063,192
4,4186.0,2022-08-05 00:15:01.880,192
4,4185.0,2022-08-05 00:15:01.697,192
4,4184.0,2022-08-05 00:15:01.510,192
4,4183.0,2022-08-05 00:15:01.327,192
4,4182.0,2022-08-05 00:15:01.140,192
4,4181.0,2022-08-05 00:15:00.957,192
4,4180.0,2022-08-05 00:15:00.770,192
4,4179.0,2022-08-05 00:15:00.587,192
4,4178.0,2022-08-05 00:15:00.400,192
4,4177.0,2022-08-05 00:15:00.213,192
4,4176.0,2022-08-05 00:15:00.030,192
4,4175.0,2022-08-05 00:14:59.843,192
4,4174.0,2022-08-05 00:14:59.657,192
4,4173.0,2022-08-05 00:14:59.473,192
4,4172.0,2022-08-05 00:14:59.290,192
4,4171.0,2022-08-05 00:14:59.103,192
4,4170.0,2022-08-05 00:14:58.920,192
4,4169.0,2022-08-05 00:14:58.733,192
4,4168.0,2022-08-05 00:14:58.550,192
4,4167.0,2022-08-05 00:14:58.363,192
4,4166.0,2022-08-05 00:14:58.177,192
4,4165.0,2022-08-05 00:14:57.990,192
4,4164.0,2022-08-05 00:14:57.807,192
4,4163.0,2022-08-05 00:14:57.623,192
4,4162.0,2022-08-05 00:14:57.437,192
4,4161.0,2022-08-05 00:14:57.253,192
4,4160.0,2022-08-05 00:14:57.067,192
4,4159.0,2022-08-05 00:14:56.883,192
4,4158.0,2022-08-05 00:14:56.700,192
4,4157.0,2022-08-05 00:14:56.513,192
4,4156.0,2022-08-05 00:14:56.330,192
4,4155.0,2022-08-05 00:14:56.147,192
4,4154.0,2022-08-05 00:14:55.960,192
4,4153.0,2022-08-05 00:14:55.777,192
4,4152.0,2022-08-05 00:14:55.590,192
4,4151.0,2022-08-05 00:14:55.407,192
4,4150.0,2022-08-05 00:14:55.223,192
4,4149.0,2022-08-05 00:14:55.040,192
4,4148.0,2022-08-05 00:14:54.853,192
4,4147.0,2022-08-05 00:14:54.670,192
4,4146.0,2022-08-05 00:14:54.487,192
4,4145.0,2022-08-05 00:14:54.300,192
4,4144.0,2022-08-05 00:14:54.113,192
4,4143.0,2022-08-05 00:14:53.927,192
4,4142.0,2022-08-05 00:14:53.743,192
4,4141.0,2022-08-05 00:14:53.557,192
4,4140.0,2022-08-05 00:14:53.373,192
4,4139.0,2022-08-05 00:14:53.190,192
4,4138.0,2022-08-05 00:14:53.003,192
4,4137.0,2022-08-05 00:14:52.820,192
4,4136.0,2022-08-05 00:14:52.633,192
4,4135.0,2022-08-05 00:14:52.450,192
4,4134.0,2022-08-05 00:14:52.260,192
4,4133.0,2022-08-05 00:14:52.073,192
4,4132.0,2022-08-05 00:14:51.887,192
4,4131.0,2022-08-05 00:14:51.703,192
4,4130.0,2022-08-05 00:14:51.517,192
4,4129.0,2022-08-05 00:14:51.330,192
4,4128.0,2022-08-05 00:14:51.143,192
4,4127.0,2022-08-05 00:14:50.960,192
4,4126.0,2022-08-05 00:14:50.773,192
4,4125.0,2022-08-05 00:14:50.587,192
4,4124.0,2022-08-05 00:14:50.403,192
4,4123.0,2022-08-05 00:14:50.213,192
4,4122.0,2022-08-05 00:14:50.027,192
4,4121.0,2022-08-05 00:14:49.840,192
4,4120.0,2022-08-05 00:14:49.657,192
4,4119.0,2022-08-05 00:14:49.473,192
4,4118.0,2022-08-05 00:14:49.287,192
4,4117.0,2022-08-05 00:14:49.100,192
4,4116.0,2022-08-05 00:14:48.913,192
4,4115.0,2022-08-05 00:14:48.730,192
4,4114.0,2022-08-05 00:14:48.547,192
4,4113.0,2022-08-05 00:14:48.363,192
4,4112.0,2022-08-05 00:14:48.177,192
4,4111.0,2022-08-05 00:14:47.993,192
4,4110.0,2022-08-05 00:14:47.807,192
4,4109.0,2022-08-05 00:14:47.623,192
4,4108.0,2022-08-05 00:14:47.437,192
4,4107.0,2022-08-05 00:14:47.250,192
4,4106.0,2022-08-05 00:14:47.063,192
4,4105.0,2022-08-05 00:14:46.880,192
4,4104.0,2022-08-05 00:14:46.693,192
4,4103.0,2022-08-05 00:14:46.510,192
4,4102.0,2022-08-05 00:14:46.327,192
4,4101.0,2022-08-05 00:14:46.143,192
4,4100.0,2022-08-05 00:14:45.960,192
4,4099.0,2022-08-05 00:14:45.773,192
4,4098.0,2022-08-05 00:14:45.583,192
4,4097.0,2022-08-05 00:14:45.400,192
4,4096.0,2022-08-05 00:14:45.217,192
4,4095.0,2022-08-05 00:14:45.030,192
4,4094.0,2022-08-05 00:14:44.843,192
4,4093.0,2022-08-05 00:14:44.660,192
4,4092.0,2022-08-05 00:14:44.477,192
4,4091.0,2022-08-05 00:14:44.290,192
4,4090.0,2022-08-05 00:14:44.107,192
4,4089.0,2022-08-05 00:14:43.920,192
4,4088.0,2022-08-05 00:14:43.733,192
4,4087.0,2022-08-05 00:14:43.550,192
4,4086.0,2022-08-05 00:14:43.363,192
4,4085.0,2022-08-05 00:14:43.180,192
4,4084.0,2022-08-05 00:14:42.993,192
4,4083.0,2022-08-05 00:14:42.810,192
4,4082.0,2022-08-05 00:14:42.623,192
4,4081.0,2022-08-05 00:14:42.437,192
4,4080.0,2022-08-05 00:14:42.257,192
4,4079.0,2022-08-05 00:14:42.067,192
4,4078.0,2022-08-05 00:14:41.880,192
4,4077.0,2022-08-05 00:14:41.697,192
4,4076.0,2022-08-05 00:14:41.513,192
4,4075.0,2022-08-05 00:14:41.330,192
4,4074.0,2022-08-05 00:14:41.143,192
4,4073.0,2022-08-05 00:14:40.960,192
4,4072.0,2022-08-05 00:14:40.773,192
4,4071.0,2022-08-05 00:14:40.590,192
4,4070.0,2022-08-05 00:14:40.407,192
4,4069.0,2022-08-05 00:14:40.220,192
4,4068.0,2022-08-05 00:14:40.037,192
4,4067.0,2022-08-05 00:14:39.850,192
4,4066.0,2022-08-05 00:14:39.667,192
4,4065.0,2022-08-05 00:14:39.483,192
4,4064.0,2022-08-05 00:14:39.297,192
4,4063.0,2022-08-05 00:14:39.117,192
4,4062.0,2022-08-05 00:14:38.930,192
4,4061.0,2022-08-05 00:14:38.747,192
4,4060.0,2022-08-05 00:14:38.563,192
4,4059.0,2022-08-05 00:14:38.377,192
4,4058.0,2022-08-05 00:14:38.193,192
4,4057.0,2022-08-05 00:14:38.003,192
4,4056.0,2022-08-05 00:14:37.820,192
4,4055.0,2022-08-05 00:14:37.637,192
4,4054.0,2022-08-05 00:14:37.453,192
4,4053.0,2022-08-05 00:14:37.267,192
4,4052.0,2022-08-05 00:14:37.083,192
4,4051.0,2022-08-05 00:14:36.900,192
4,4050.0,2022-08-05 00:14:36.710,192
4,4049.0,2022-08-05 00:14:36.527,192
4,4048.0,2022-08-05 00:14:36.343,192
4,4047.0,2022-08-05 00:14:36.157,192
4,4046.0,2022-08-05 00:14:35.973,192
4,4045.0,2022-08-05 00:14:35.787,192
4,4044.0,2022-08-05 00:14:35.603,192
4,4043.0,2022-08-05 00:14:35.420,192
4,4042.0,2022-08-05 00:14:35.233,192
4,4041.0,2022-08-05 00:14:35.050,192
4,4040.0,2022-08-05 00:14:34.867,192
4,4039.0,2022-08-05 00:14:34.680,192
4,4038.0,2022-08-05 00:14:34.493,192
4,4037.0,2022-08-05 00:14:34.310,192
4,4036.0,2022-08-05 00:14:34.127,192
4,4035.0,2022-08-05 00:14:33.940,192
4,4034.0,2022-08-05 00:14:33.757,192
4,4033.0,2022-08-05 00:14:33.573,192
4,4032.0,2022-08-05 00:14:33.387,192
4,4031.0,2022-08-05 00:14:33.203,192
4,4030.0,2022-08-05 00:14:33.020,192
4,4029.0,2022-08-05 00:14:32.833,192
4,4028.0,2022-08-05 00:14:32.650,192
4,4027.0,2022-08-05 00:14:32.463,192
4,4026.0,2022-08-05 00:14:32.280,192
4,4025.0,2022-08-05 00:14:32.093,192
4,4024.0,2022-08-05 00:14:31.907,192
4,4023.0,2022-08-05 00:14:31.720,192
4,4022.0,2022-08-05 00:14:31.537,192
4,4021.0,2022-08-05 00:14:31.350,192
4,4020.0,2022-08-05 00:14:31.163,192
4,4019.0,2022-08-05 00:14:30.980,192
4,4018.0,2022-08-05 00:14:30.793,192
4,4017.0,2022-08-05 00:14:30.610,192
4,4016.0,2022-08-05 00:14:30.423,192
4,4015.0,2022-08-05 00:14:30.237,192
4,4014.0,2022-08-05 00:14:30.050,192
4,4013.0,2022-08-05 00:14:29.867,192
4,4012.0,2022-08-05 00:14:29.683,192
4,4011.0,2022-08-05 00:14:29.497,192
4,4010.0,2022-08-05 00:14:29.313,192
4,4009.0,2022-08-05 00:14:29.127,192
4,4008.0,2022-08-05 00:14:28.943,192
4,4007.0,2022-08-05 00:14:28.757,192
4,4006.0,2022-08-05 00:14:28.573,192
4,4005.0,2022-08-05 00:14:28.387,192
4,4004.0,2022-08-05 00:14:28.203,192
4,4003.0,2022-08-05 00:14:28.017,192
4,4002.0,2022-08-05 00:14:27.833,192
4,4001.0,2022-08-05 00:14:27.647,192
4,4000.0,2022-08-05 00:14:27.463,192
4,3999.0,2022-08-05 00:14:27.280,192
4,3998.0,2022-08-05 00:14:27.097,192
4,3997.0,2022-08-05 00:14:26.910,192
4,3996.0,2022-08-05 00:14:26.723,192
4,3995.0,2022-08-05 00:14:26.540,192
4,3994.0,2022-08-05 00:14:26.353,192
4,3993.0,2022-08-05 00:14:26.170,192
4,3992.0,2022-08-05 00:14:25.987,192
4,3991.0,2022-08-05 00:14:25.800,192
4,3990.0,2022-08-05 00:14:25.613,192
4,3989.0,2022-08-05 00:14:25.430,192
4,3988.0,2022-08-05 00:14:25.243,192
4,3987.0,2022-08-05 00:14:25.057,192
4,3986.0,2022-08-05 00:14:24.870,192
4,3985.0,2022-08-05 00:14:24.683,192
4,3984.0,2022-08-05 00:14:24.500,192
4,3983.0,2022-08-05 00:14:24.313,192
4,3982.0,2022-08-05 00:14:24.130,192
4,3981.0,2022-08-05 00:14:23.947,192
4,3980.0,2022-08-05 00:14:23.757,192
4,3979.0,2022-08-05 00:14:23.573,192
4,3978.0,2022-08-05 00:14:23.387,192
4,3977.0,2022-08-05 00:14:23.203,192
4,3976.0,2022-08-05 00:14:23.020,192
4,3975.0,2022-08-05 00:14:22.837,192
4,3974.0,2022-08-05 00:14:22.650,192
4,3973.0,2022-08-05 00:14:22.467,192
4,3972.0,2022-08-05 00:14:22.283,192
4,3971.0,2022-08-05 00:14:22.097,192
4,3970.0,2022-08-05 00:14:21.913,192
4,3969.0,2022-08-05 00:14:21.727,192
4,3968.0,2022-08-05 00:14:21.543,192
4,3967.0,2022-08-05 00:14:21.357,192
4,3966.0,2022-08-05 00:14:21.173,192
4,3965.0,2022-08-05 00:14:20.987,192
4,3964.0,2022-08-05 00:14:20.803,192
4,3963.0,2022-08-05 00:14:20.617,192
4,3962.0,2022-08-05 00:14:20.433,192
4,3961.0,2022-08-05 00:14:20.250,192
4,3960.0,2022-08-05 00:14:20.063,192
4,3959.0,2022-08-05 00:14:19.877,192
4,3958.0,2022-08-05 00:14:19.693,192
4,3957.0,2022-08-05 00:14:19.507,192
4,3956.0,2022-08-05 00:14:19.320,192
4,3955.0,2022-08-05 00:14:19.137,192
4,3954.0,2022-08-05 00:14:18.950,192
4,3953.0,2022-08-05 00:14:18.763,192
4,3952.0,2022-08-05 00:14:18.580,192
4,3951.0,2022-08-05 00:14:18.393,192
4,3950.0,2022-08-05 00:14:18.207,192
4,3949.0,2022-08-05 00:14:18.020,192
4,3948.0,2022-08-05 00:14:17.837,192
4,3947.0,2022-08-05 00:14:17.653,192
4,3946.0,2022-08-05 00:14:17.467,192
4,3945.0,2022-08-05 00:14:17.283,192
4,3944.0,2022-08-05 00:14:17.097,192
4,3943.0,2022-08-05 00:14:16.913,192
4,3942.0,2022-08-05 00:14:16.730,192
4,3941.0,2022-08-05 00:14:16.543,192
4,3940.0,2022-08-05 00:14:16.357,192
4,3939.0,2022-08-05 00:14:16.173,192
4,3938.0,2022-08-05 00:14:15.987,192
4,3937.0,2022-08-05 00:14:15.803,192
4,3936.0,2022-08-05 00:14:15.617,192
4,3935.0,2022-08-05 00:14:15.433,192
4,3934.0,2022-08-05 00:14:15.250,192
4,3933.0,2022-08-05 00:14:15.060,192
4,3932.0,2022-08-05 00:14:14.877,192
4,3931.0,2022-08-05 00:14:14.690,192
4,3930.0,2022-08-05 00:14:14.507,192
4,3929.0,2022-08-05 00:14:14.320,192
4,3928.0,2022-08-05 00:14:14.137,192
4,3927.0,2022-08-05 00:14:13.950,192
4,3926.0,2022-08-05 00:14:13.763,192
4,3925.0,2022-08-05 00:14:13.577,192
4,3924.0,2022-08-05 00:14:13.393,192
4,3923.0,2022-08-05 00:14:13.210,192
4,3922.0,2022-08-05 00:14:13.023,192
4,3921.0,2022-08-05 00:14:12.840,192
4,3920.0,2022-08-05 00:14:12.657,192
4,3919.0,2022-08-05 00:14:12.470,192
4,3918.0,2022-08-05 00:14:12.287,192
4,3917.0,2022-08-05 00:14:12.103,192
4,3916.0,2022-08-05 00:14:11.920,192
4,3915.0,2022-08-05 00:14:11.733,192
4,3914.0,2022-08-05 00:14:11.550,192
4,3913.0,2022-08-05 00:14:11.363,192
4,3912.0,2022-08-05 00:14:11.180,192
4,3911.0,2022-08-05 00:14:10.993,192
4,3910.0,2022-08-05 00:14:10.810,192
4,3909.0,2022-08-05 00:14:10.627,192
4,3908.0,2022-08-05 00:14:10.440,192
4,3907.0,2022-08-05 00:14:10.257,192
4,3906.0,2022-08-05 00:14:10.073,192
4,3905.0,2022-08-05 00:14:09.887,192
4,3904.0,2022-08-05 00:14:09.703,192
4,3903.0,2022-08-05 00:14:09.520,192
4,3902.0,2022-08-05 00:14:09.337,192
4,3901.0,2022-08-05 00:14:09.150,192
4,3900.0,2022-08-05 00:14:08.963,192
4,3899.0,2022-08-05 00:14:08.780,192
4,3898.0,2022-08-05 00:14:08.597,192
4,3897.0,2022-08-05 00:14:08.410,192
4,3896.0,2022-08-05 00:14:08.227,192
4,3895.0,2022-08-05 00:14:08.040,192
4,3894.0,2022-08-05 00:14:07.853,192
4,3893.0,2022-08-05 00:14:07.670,192
4,3892.0,2022-08-05 00:14:07.483,192
4,3891.0,2022-08-05 00:14:07.300,192
4,3890.0,2022-08-05 00:14:07.113,192
4,3889.0,2022-08-05 00:14:06.927,192
4,3888.0,2022-08-05 00:14:06.740,192
4,3887.0,2022-08-05 00:14:06.557,192
4,3886.0,2022-08-05 00:14:06.370,192
4,3885.0,2022-08-05 00:14:06.187,192
4,3884.0,2022-08-05 00:14:05.997,192
4,3883.0,2022-08-05 00:14:05.810,192
4,3882.0,2022-08-05 00:14:05.627,192
4,3881.0,2022-08-05 00:14:05.440,192
4,3880.0,2022-08-05 00:14:05.257,192
4,3879.0,2022-08-05 00:14:05.070,192
4,3878.0,2022-08-05 00:14:04.883,192
4,3877.0,2022-08-05 00:14:04.700,192
4,3876.0,2022-08-05 00:14:04.517,192
4,3875.0,2022-08-05 00:14:04.330,192
4,3874.0,2022-08-05 00:14:04.143,192
4,3873.0,2022-08-05 00:14:03.960,192
4,3872.0,2022-08-05 00:14:03.773,192
4,3871.0,2022-08-05 00:14:03.587,192
4,3870.0,2022-08-05 00:14:03.403,192
4,3869.0,2022-08-05 00:14:03.220,192
4,3868.0,2022-08-05 00:14:03.033,192
4,3867.0,2022-08-05 00:14:02.850,192
4,3866.0,2022-08-05 00:14:02.667,192
4,3865.0,2022-08-05 00:14:02.483,192
4,3864.0,2022-08-05 00:14:02.297,192
4,3863.0,2022-08-05 00:14:02.113,192
4,3862.0,2022-08-05 00:14:01.927,192
4,3861.0,2022-08-05 00:14:01.743,192
4,3860.0,2022-08-05 00:14:01.557,192
4,3859.0,2022-08-05 00:14:01.373,192
4,3858.0,2022-08-05 00:14:01.190,192
4,3857.0,2022-08-05 00:14:01.003,192
4,3856.0,2022-08-05 00:14:00.813,192
4,3855.0,2022-08-05 00:14:00.627,192
4,3854.0,2022-08-05 00:14:00.443,192
4,3853.0,2022-08-05 00:14:00.257,192
4,3852.0,2022-08-05 00:14:00.073,192
4,3851.0,2022-08-05 00:13:59.890,192
4,3850.0,2022-08-05 00:13:59.703,192
4,3849.0,2022-08-05 00:13:59.517,192
4,3848.0,2022-08-05 00:13:59.330,192
4,3847.0,2022-08-05 00:13:59.143,192
4,3846.0,2022-08-05 00:13:58.957,192
4,3845.0,2022-08-05 00:13:58.770,192
4,3844.0,2022-08-05 00:13:58.583,192
4,3843.0,2022-08-05 00:13:58.397,192
4,3842.0,2022-08-05 00:13:58.210,192
4,3841.0,2022-08-05 00:13:58.027,192
4,3840.0,2022-08-05 00:13:57.843,192
4,3839.0,2022-08-05 00:13:57.653,192
4,3838.0,2022-08-05 00:13:57.467,192
4,3837.0,2022-08-05 00:13:57.280,192
4,3836.0,2022-08-05 00:13:57.097,192
4,3835.0,2022-08-05 00:13:56.910,192
4,3834.0,2022-08-05 00:13:56.723,192
4,3833.0,2022-08-05 00:13:56.540,192
4,3832.0,2022-08-05 00:13:56.353,192
4,3831.0,2022-08-05 00:13:56.167,192
4,3830.0,2022-08-05 00:13:55.980,192
4,3829.0,2022-08-05 00:13:55.793,192
4,3828.0,2022-08-05 00:13:55.610,192
4,3827.0,2022-08-05 00:13:55.423,192
4,3826.0,2022-08-05 00:13:55.233,192
4,3825.0,2022-08-05 00:13:55.050,192
4,3824.0,2022-08-05 00:13:54.863,192
4,3823.0,2022-08-05 00:13:54.677,192
4,3822.0,2022-08-05 00:13:54.490,192
4,3821.0,2022-08-05 00:13:54.303,192
4,3820.0,2022-08-05 00:13:54.117,192
4,3819.0,2022-08-05 00:13:53.933,192
4,3818.0,2022-08-05 00:13:53.743,192
4,3817.0,2022-08-05 00:13:53.563,192
4,3816.0,2022-08-05 00:13:53.377,192
4,3815.0,2022-08-05 00:13:53.193,192
4,3814.0,2022-08-05 00:13:53.007,192
4,3813.0,2022-08-05 00:13:52.820,192
4,3812.0,2022-08-05 00:13:52.633,192
4,3811.0,2022-08-05 00:13:52.447,192
4,3810.0,2022-08-05 00:13:52.260,192
4,3809.0,2022-08-05 00:13:52.077,192
4,3808.0,2022-08-05 00:13:51.893,192
4,3807.0,2022-08-05 00:13:51.707,192
4,3806.0,2022-08-05 00:13:51.523,192
4,3805.0,2022-08-05 00:13:51.340,192
4,3804.0,2022-08-05 00:13:51.150,192
4,3803.0,2022-08-05 00:13:50.967,192
4,3802.0,2022-08-05 00:13:50.780,192
4,3801.0,2022-08-05 00:13:50.593,192
4,3800.0,2022-08-05 00:13:50.407,192
4,3799.0,2022-08-05 00:13:50.223,192
4,3798.0,2022-08-05 00:13:50.040,192
4,3797.0,2022-08-05 00:13:49.853,192
4,3796.0,2022-08-05 00:13:49.667,192
4,3795.0,2022-08-05 00:13:49.480,192
4,3794.0,2022-08-05 00:13:49.300,192
4,3793.0,2022-08-05 00:13:49.113,192
4,3792.0,2022-08-05 00:13:48.927,192
4,3791.0,2022-08-05 00:13:48.740,192
4,3790.0,2022-08-05 00:13:48.553,192
4,3789.0,2022-08-05 00:13:48.370,192
4,3788.0,2022-08-05 00:13:48.183,192
4,3787.0,2022-08-05 00:13:48.000,192
4,3786.0,2022-08-05 00:13:47.813,192
4,3785.0,2022-08-05 00:13:47.623,192
4,3784.0,2022-08-05 00:13:47.437,192
4,3783.0,2022-08-05 00:13:47.253,192
4,3782.0,2022-08-05 00:13:47.067,192
4,3781.0,2022-08-05 00:13:46.880,192
4,3780.0,2022-08-05 00:13:46.693,192
4,3779.0,2022-08-05 00:13:46.507,192
4,3778.0,2022-08-05 00:13:46.320,192
4,3777.0,2022-08-05 00:13:46.133,192
4,3776.0,2022-08-05 00:13:45.947,192
4,3775.0,2022-08-05 00:13:45.763,192
4,3774.0,2022-08-05 00:13:45.577,192
4,3773.0,2022-08-05 00:13:45.390,192
4,3772.0,2022-08-05 00:13:45.203,192
4,3771.0,2022-08-05 00:13:45.017,192
4,3770.0,2022-08-05 00:13:44.830,192
4,3769.0,2022-08-05 00:13:44.647,192
4,3768.0,2022-08-05 00:13:44.463,192
4,3767.0,2022-08-05 00:13:44.273,192
4,3766.0,2022-08-05 00:13:44.090,192
4,3765.0,2022-08-05 00:13:43.907,192
4,3764.0,2022-08-05 00:13:43.720,192
4,3763.0,2022-08-05 00:13:43.533,192
4,3762.0,2022-08-05 00:13:43.350,192
4,3761.0,2022-08-05 00:13:43.163,192
4,3760.0,2022-08-05 00:13:42.980,192
4,3759.0,2022-08-05 00:13:42.793,192
4,3758.0,2022-08-05 00:13:42.613,192
4,3757.0,2022-08-05 00:13:42.427,192
4,3756.0,2022-08-05 00:13:42.240,192
4,3755.0,2022-08-05 00:13:42.057,192
4,3754.0,2022-08-05 00:13:41.873,192
4,3753.0,2022-08-05 00:13:41.687,192
4,3752.0,2022-08-05 00:13:41.500,192
4,3751.0,2022-08-05 00:13:41.313,192
4,3750.0,2022-08-05 00:13:41.127,192
4,3749.0,2022-08-05 00:13:40.940,192
4,3748.0,2022-08-05 00:13:40.757,192
4,3747.0,2022-08-05 00:13:40.570,192
4,3746.0,2022-08-05 00:13:40.383,192
4,3745.0,2022-08-05 00:13:40.197,192
4,3744.0,2022-08-05 00:13:40.010,192
4,3743.0,2022-08-05 00:13:39.827,192
4,3742.0,2022-08-05 00:13:39.640,192
4,3741.0,2022-08-05 00:13:39.453,192
4,3740.0,2022-08-05 00:13:39.270,192
4,3739.0,2022-08-05 00:13:39.083,192
4,3738.0,2022-08-05 00:13:38.897,192
4,3737.0,2022-08-05 00:13:38.710,192
4,3736.0,2022-08-05 00:13:38.527,192
4,3735.0,2022-08-05 00:13:38.343,192
4,3734.0,2022-08-05 00:13:38.157,192
4,3733.0,2022-08-05 00:13:37.973,192
4,3732.0,2022-08-05 00:13:37.787,192
4,3731.0,2022-08-05 00:13:37.600,192
4,3730.0,2022-08-05 00:13:37.413,192
4,3729.0,2022-08-05 00:13:37.230,192
4,3728.0,2022-08-05 00:13:37.043,192
4,3727.0,2022-08-05 00:13:36.860,192
4,3726.0,2022-08-05 00:13:36.677,192
4,3725.0,2022-08-05 00:13:36.487,192
4,3724.0,2022-08-05 00:13:36.300,192
4,3723.0,2022-08-05 00:13:36.113,192
4,3722.0,2022-08-05 00:13:35.930,192
4,3721.0,2022-08-05 00:13:35.743,192
4,3720.0,2022-08-05 00:13:35.553,192
4,3719.0,2022-08-05 00:13:35.367,192
4,3718.0,2022-08-05 00:13:35.180,192
4,3717.0,2022-08-05 00:13:34.997,192
4,3716.0,2022-08-05 00:13:34.810,192
4,3715.0,2022-08-05 00:13:34.627,192
4,3714.0,2022-08-05 00:13:34.440,192
4,3713.0,2022-08-05 00:13:34.253,192
4,3712.0,2022-08-05 00:13:34.063,192
4,3711.0,2022-08-05 00:13:33.880,192
4,3710.0,2022-08-05 00:13:33.690,192
4,3709.0,2022-08-05 00:13:33.507,192
4,3708.0,2022-08-05 00:13:33.323,192
4,3707.0,2022-08-05 00:13:33.137,192
4,3706.0,2022-08-05 00:13:32.950,192
4,3705.0,2022-08-05 00:13:32.763,192
4,3704.0,2022-08-05 00:13:32.580,192
4,3703.0,2022-08-05 00:13:32.397,192
4,3702.0,2022-08-05 00:13:32.213,192
4,3701.0,2022-08-05 00:13:32.027,192
4,3700.0,2022-08-05 00:13:31.840,192
4,3699.0,2022-08-05 00:13:31.653,192
4,3698.0,2022-08-05 00:13:31.470,192
4,3697.0,2022-08-05 00:13:31.287,192
4,3696.0,2022-08-05 00:13:31.097,192
4,3695.0,2022-08-05 00:13:30.910,192
4,3694.0,2022-08-05 00:13:30.727,192
4,3693.0,2022-08-05 00:13:30.540,192
4,3692.0,2022-08-05 00:13:30.353,192
4,3691.0,2022-08-05 00:13:30.167,192
4,3690.0,2022-08-05 00:13:29.980,192
4,3689.0,2022-08-05 00:13:29.793,192
4,3688.0,2022-08-05 00:13:29.607,192
4,3687.0,2022-08-05 00:13:29.420,192
4,3686.0,2022-08-05 00:13:29.237,192
4,3685.0,2022-08-05 00:13:29.050,192
4,3684.0,2022-08-05 00:13:28.863,192
4,3683.0,2022-08-05 00:13:28.680,192
4,3682.0,2022-08-05 00:13:28.497,192
4,3681.0,2022-08-05 00:13:28.310,192
4,3680.0,2022-08-05 00:13:28.127,192
4,3679.0,2022-08-05 00:13:27.940,192
4,3678.0,2022-08-05 00:13:27.757,192
4,3677.0,2022-08-05 00:13:27.570,192
4,3676.0,2022-08-05 00:13:27.383,192
4,3675.0,2022-08-05 00:13:27.197,192
4,3674.0,2022-08-05 00:13:27.010,192
4,3673.0,2022-08-05 00:13:26.823,192
4,3672.0,2022-08-05 00:13:26.633,192
4,3671.0,2022-08-05 00:13:26.450,192
4,3670.0,2022-08-05 00:13:26.263,192
4,3669.0,2022-08-05 00:13:26.077,192
4,3668.0,2022-08-05 00:13:25.893,192
4,3667.0,2022-08-05 00:13:25.707,192
4,3666.0,2022-08-05 00:13:25.517,192
4,3665.0,2022-08-05 00:13:25.330,192
4,3664.0,2022-08-05 00:13:25.147,192
4,3663.0,2022-08-05 00:13:24.963,192
4,3662.0,2022-08-05 00:13:24.773,192
4,3661.0,2022-08-05 00:13:24.587,192
4,3660.0,2022-08-05 00:13:24.400,192
4,3659.0,2022-08-05 00:13:24.217,192
4,3658.0,2022-08-05 00:13:24.033,192
4,3657.0,2022-08-05 00:13:23.847,192
4,3656.0,2022-08-05 00:13:23.663,192
4,3655.0,2022-08-05 00:13:23.473,192
4,3654.0,2022-08-05 00:13:23.290,192
4,3653.0,2022-08-05 00:13:23.103,192
4,3652.0,2022-08-05 00:13:22.920,192
4,3651.0,2022-08-05 00:13:22.733,192
4,3650.0,2022-08-05 00:13:22.547,192
4,3649.0,2022-08-05 00:13:22.363,192
4,3648.0,2022-08-05 00:13:22.180,192
4,3647.0,2022-08-05 00:13:21.997,192
4,3646.0,2022-08-05 00:13:21.813,192
4,3645.0,2022-08-05 00:13:21.623,192
4,3644.0,2022-08-05 00:13:21.437,192
4,3643.0,2022-08-05 00:13:21.253,192
4,3642.0,2022-08-05 00:13:21.070,192
4,3641.0,2022-08-05 00:13:20.883,192
4,3640.0,2022-08-05 00:13:20.697,192
4,3639.0,2022-08-05 00:13:20.510,192
4,3638.0,2022-08-05 00:13:20.323,192
4,3637.0,2022-08-05 00:13:20.140,192
4,3636.0,2022-08-05 00:13:19.953,192
4,3635.0,2022-08-05 00:13:19.767,192
4,3634.0,2022-08-05 00:13:19.583,192
4,3633.0,2022-08-05 00:13:19.400,192
4,3632.0,2022-08-05 00:13:19.213,192
4,3631.0,2022-08-05 00:13:19.030,192
4,3630.0,2022-08-05 00:13:18.843,192
4,3629.0,2022-08-05 00:13:18.657,192
4,3628.0,2022-08-05 00:13:18.470,192
4,3627.0,2022-08-05 00:13:18.287,192
4,3626.0,2022-08-05 00:13:18.097,192
4,3625.0,2022-08-05 00:13:17.913,192
4,3624.0,2022-08-05 00:13:17.727,192
4,3623.0,2022-08-05 00:13:17.540,192
4,3622.0,2022-08-05 00:13:17.353,192
4,3621.0,2022-08-05 00:13:17.167,192
4,3620.0,2022-08-05 00:13:16.980,192
4,3619.0,2022-08-05 00:13:16.793,192
4,3618.0,2022-08-05 00:13:16.607,192
4,3617.0,2022-08-05 00:13:16.420,192
4,3616.0,2022-08-05 00:13:16.233,192
4,3615.0,2022-08-05 00:13:16.047,192
4,3614.0,2022-08-05 00:13:15.860,192
4,3613.0,2022-08-05 00:13:15.677,192
4,3612.0,2022-08-05 00:13:15.493,192
4,3611.0,2022-08-05 00:13:15.307,192
4,3610.0,2022-08-05 00:13:15.123,192
4,3609.0,2022-08-05 00:13:14.937,192
4,3608.0,2022-08-05 00:13:14.750,192
4,3607.0,2022-08-05 00:13:14.563,192
4,3606.0,2022-08-05 00:13:14.380,192
4,3605.0,2022-08-05 00:13:14.193,192
4,3604.0,2022-08-05 00:13:14.007,192
4,3603.0,2022-08-05 00:13:13.820,192
4,3602.0,2022-08-05 00:13:13.637,192
4,3601.0,2022-08-05 00:13:13.450,192
4,3600.0,2022-08-05 00:13:13.263,192
4,3599.0,2022-08-05 00:13:13.073,192
4,3598.0,2022-08-05 00:13:12.893,192
4,3597.0,2022-08-05 00:13:12.707,192
4,3596.0,2022-08-05 00:13:12.520,192
4,3595.0,2022-08-05 00:13:12.333,192
4,3594.0,2022-08-05 00:13:12.147,192
4,3593.0,2022-08-05 00:13:11.957,192
4,3592.0,2022-08-05 00:13:11.773,192
4,3591.0,2022-08-05 00:13:11.587,192
4,3590.0,2022-08-05 00:13:11.400,192
4,3589.0,2022-08-05 00:13:11.213,192
4,3588.0,2022-08-05 00:13:11.027,192
4,3587.0,2022-08-05 00:13:10.843,192
4,3586.0,2022-08-05 00:13:10.657,192
4,3585.0,2022-08-05 00:13:10.470,192
4,3584.0,2022-08-05 00:13:10.283,192
4,3583.0,2022-08-05 00:13:10.097,192
4,3582.0,2022-08-05 00:13:09.910,192
4,3581.0,2022-08-05 00:13:09.723,192
4,3580.0,2022-08-05 00:13:09.540,192
4,3579.0,2022-08-05 00:13:09.353,192
4,3578.0,2022-08-05 00:13:09.167,192
4,3577.0,2022-08-05 00:13:08.983,192
4,3576.0,2022-08-05 00:13:08.797,192
4,3575.0,2022-08-05 00:13:08.610,192
4,3574.0,2022-08-05 00:13:08.423,192
4,3573.0,2022-08-05 00:13:08.237,192
4,3572.0,2022-08-05 00:13:08.050,192
4,3571.0,2022-08-05 00:13:07.863,192
4,3570.0,2022-08-05 00:13:07.677,192
4,3569.0,2022-08-05 00:13:07.490,192
4,3568.0,2022-08-05 00:13:07.307,192
4,3567.0,2022-08-05 00:13:07.123,192
4,3566.0,2022-08-05 00:13:06.937,192
4,3565.0,2022-08-05 00:13:06.750,192
4,3564.0,2022-08-05 00:13:06.567,192
4,3563.0,2022-08-05 00:13:06.380,192
4,3562.0,2022-08-05 00:13:06.197,192
4,3561.0,2022-08-05 00:13:06.013,192
4,3560.0,2022-08-05 00:13:05.830,192
4,3559.0,2022-08-05 00:13:05.647,192
4,3558.0,2022-08-05 00:13:05.460,192
4,3557.0,2022-08-05 00:13:05.273,192
4,3556.0,2022-08-05 00:13:05.087,192
4,3555.0,2022-08-05 00:13:04.900,192
4,3554.0,2022-08-05 00:13:04.713,192
4,3553.0,2022-08-05 00:13:04.530,192
4,3552.0,2022-08-05 00:13:04.343,192
4,3551.0,2022-08-05 00:13:04.157,192
4,3550.0,2022-08-05 00:13:03.973,192
4,3549.0,2022-08-05 00:13:03.783,192
4,3548.0,2022-08-05 00:13:03.600,192
4,3547.0,2022-08-05 00:13:03.413,192
4,3546.0,2022-08-05 00:13:03.230,192
4,3545.0,2022-08-05 00:13:03.043,192
4,3544.0,2022-08-05 00:13:02.857,192
4,3543.0,2022-08-05 00:13:02.670,192
4,3542.0,2022-08-05 00:13:02.487,192
4,3541.0,2022-08-05 00:13:02.300,192
4,3540.0,2022-08-05 00:13:02.117,192
4,3539.0,2022-08-05 00:13:01.930,192
4,3538.0,2022-08-05 00:13:01.743,192
4,3537.0,2022-08-05 00:13:01.557,192
4,3536.0,2022-08-05 00:13:01.370,192
4,3535.0,2022-08-05 00:13:01.183,192
4,3534.0,2022-08-05 00:13:00.997,192
4,3533.0,2022-08-05 00:13:00.807,192
4,3532.0,2022-08-05 00:13:00.623,192
4,3531.0,2022-08-05 00:13:00.437,192
4,3530.0,2022-08-05 00:13:00.253,192
4,3529.0,2022-08-05 00:13:00.067,192
4,3528.0,2022-08-05 00:12:59.880,192
4,3527.0,2022-08-05 00:12:59.693,192
4,3526.0,2022-08-05 00:12:59.507,192
4,3525.0,2022-08-05 00:12:59.320,192
4,3524.0,2022-08-05 00:12:59.133,192
4,3523.0,2022-08-05 00:12:58.947,192
4,3522.0,2022-08-05 00:12:58.760,192
4,3521.0,2022-08-05 00:12:58.570,192
4,3520.0,2022-08-05 00:12:58.387,192
4,3519.0,2022-08-05 00:12:58.203,192
4,3518.0,2022-08-05 00:12:58.017,192
4,3517.0,2022-08-05 00:12:57.830,192
4,3516.0,2022-08-05 00:12:57.643,192
4,3515.0,2022-08-05 00:12:57.460,192
4,3514.0,2022-08-05 00:12:57.277,192
4,3513.0,2022-08-05 00:12:57.090,192
4,3512.0,2022-08-05 00:12:56.903,192
4,3511.0,2022-08-05 00:12:56.720,192
4,3510.0,2022-08-05 00:12:56.530,192
4,3509.0,2022-08-05 00:12:56.347,192
4,3508.0,2022-08-05 00:12:56.160,192
4,3507.0,2022-08-05 00:12:55.973,192
4,3506.0,2022-08-05 00:12:55.783,192
4,3505.0,2022-08-05 00:12:55.600,192
4,3504.0,2022-08-05 00:12:55.413,192
4,3503.0,2022-08-05 00:12:55.227,192
4,3502.0,2022-08-05 00:12:55.043,192
4,3501.0,2022-08-05 00:12:54.860,192
4,3500.0,2022-08-05 00:12:54.673,192
4,3499.0,2022-08-05 00:12:54.490,192
4,3498.0,2022-08-05 00:12:54.303,192
4,3497.0,2022-08-05 00:12:54.117,192
4,3496.0,2022-08-05 00:12:53.930,192
4,3495.0,2022-08-05 00:12:53.743,192
4,3494.0,2022-08-05 00:12:53.560,192
4,3493.0,2022-08-05 00:12:53.373,192
4,3492.0,2022-08-05 00:12:53.187,192
4,3491.0,2022-08-05 00:12:53.000,192
4,3490.0,2022-08-05 00:12:52.817,192
4,3489.0,2022-08-05 00:12:52.630,192
4,3488.0,2022-08-05 00:12:52.443,192
4,3487.0,2022-08-05 00:12:52.257,192
4,3486.0,2022-08-05 00:12:52.073,192
4,3485.0,2022-08-05 00:12:51.887,192
4,3484.0,2022-08-05 00:12:51.703,192
4,3483.0,2022-08-05 00:12:51.517,192
4,3482.0,2022-08-05 00:12:51.333,192
4,3481.0,2022-08-05 00:12:51.147,192
4,3480.0,2022-08-05 00:12:50.960,192
4,3479.0,2022-08-05 00:12:50.773,192
4,3478.0,2022-08-05 00:12:50.590,192
4,3477.0,2022-08-05 00:12:50.403,192
4,3476.0,2022-08-05 00:12:50.220,192
4,3475.0,2022-08-05 00:12:50.033,192
4,3474.0,2022-08-05 00:12:49.847,192
4,3473.0,2022-08-05 00:12:49.663,192
4,3472.0,2022-08-05 00:12:49.477,192
4,3471.0,2022-08-05 00:12:49.290,192
4,3470.0,2022-08-05 00:12:49.103,192
4,3469.0,2022-08-05 00:12:48.917,192
4,3468.0,2022-08-05 00:12:48.730,192
4,3467.0,2022-08-05 00:12:48.543,192
4,3466.0,2022-08-05 00:12:48.360,192
4,3465.0,2022-08-05 00:12:48.173,192
4,3464.0,2022-08-05 00:12:47.987,192
4,3463.0,2022-08-05 00:12:47.797,192
4,3462.0,2022-08-05 00:12:47.610,192
4,3461.0,2022-08-05 00:12:47.423,192
4,3460.0,2022-08-05 00:12:47.240,192
4,3459.0,2022-08-05 00:12:47.053,192
4,3458.0,2022-08-05 00:12:46.867,192
4,3457.0,2022-08-05 00:12:46.680,192
4,3456.0,2022-08-05 00:12:46.493,192
4,3455.0,2022-08-05 00:12:46.307,192
4,3454.0,2022-08-05 00:12:46.120,192
4,3453.0,2022-08-05 00:12:45.937,192
4,3452.0,2022-08-05 00:12:45.753,192
4,3451.0,2022-08-05 00:12:45.570,192
4,3450.0,2022-08-05 00:12:45.380,192
4,3449.0,2022-08-05 00:12:45.197,192
4,3448.0,2022-08-05 00:12:45.007,192
4,3447.0,2022-08-05 00:12:44.820,192
4,3446.0,2022-08-05 00:12:44.637,192
4,3445.0,2022-08-05 00:12:44.450,192
4,3444.0,2022-08-05 00:12:44.267,192
4,3443.0,2022-08-05 00:12:44.080,192
4,3442.0,2022-08-05 00:12:43.893,192
4,3441.0,2022-08-05 00:12:43.707,192
4,3440.0,2022-08-05 00:12:43.523,192
4,3439.0,2022-08-05 00:12:43.337,192
4,3438.0,2022-08-05 00:12:43.150,192
4,3437.0,2022-08-05 00:12:42.967,192
4,3436.0,2022-08-05 00:12:42.780,192
4,3435.0,2022-08-05 00:12:42.593,192
4,3434.0,2022-08-05 00:12:42.407,192
4,3433.0,2022-08-05 00:12:42.220,192
4,3432.0,2022-08-05 00:12:42.033,192
4,3431.0,2022-08-05 00:12:41.850,192
4,3430.0,2022-08-05 00:12:41.667,192
4,3429.0,2022-08-05 00:12:41.480,192
4,3428.0,2022-08-05 00:12:41.297,192
4,3427.0,2022-08-05 00:12:41.113,192
4,3426.0,2022-08-05 00:12:40.930,192
4,3425.0,2022-08-05 00:12:40.743,192
4,3424.0,2022-08-05 00:12:40.557,192
4,3423.0,2022-08-05 00:12:40.373,192
4,3422.0,2022-08-05 00:12:40.187,192
4,3421.0,2022-08-05 00:12:40.000,192
4,3420.0,2022-08-05 00:12:39.817,192
4,3419.0,2022-08-05 00:12:39.630,192
4,3418.0,2022-08-05 00:12:39.447,192
4,3417.0,2022-08-05 00:12:39.260,192
4,3416.0,2022-08-05 00:12:39.073,192
4,3415.0,2022-08-05 00:12:38.887,192
4,3414.0,2022-08-05 00:12:38.703,192
4,3413.0,2022-08-05 00:12:38.520,192
4,3412.0,2022-08-05 00:12:38.330,192
4,3411.0,2022-08-05 00:12:38.143,192
4,3410.0,2022-08-05 00:12:37.960,192
4,3409.0,2022-08-05 00:12:37.773,192
4,3408.0,2022-08-05 00:12:37.590,192
4,3407.0,2022-08-05 00:12:37.403,192
4,3406.0,2022-08-05 00:12:37.223,192
4,3405.0,2022-08-05 00:12:37.037,192
4,3404.0,2022-08-05 00:12:36.850,192
4,3403.0,2022-08-05 00:12:36.667,192
4,3402.0,2022-08-05 00:12:36.480,192
4,3401.0,2022-08-05 00:12:36.293,192
4,3400.0,2022-08-05 00:12:36.107,192
4,3399.0,2022-08-05 00:12:35.923,192
4,3398.0,2022-08-05 00:12:35.737,192
4,3397.0,2022-08-05 00:12:35.550,192
4,3396.0,2022-08-05 00:12:35.363,192
4,3395.0,2022-08-05 00:12:35.180,192
4,3394.0,2022-08-05 00:12:34.993,192
4,3393.0,2022-08-05 00:12:34.807,192
4,3392.0,2022-08-05 00:12:34.623,192
4,3391.0,2022-08-05 00:12:34.437,192
4,3390.0,2022-08-05 00:12:34.250,192
4,3389.0,2022-08-05 00:12:34.063,192
4,3388.0,2022-08-05 00:12:33.877,192
4,3387.0,2022-08-05 00:12:33.690,192
4,3386.0,2022-08-05 00:12:33.503,192
4,3385.0,2022-08-05 00:12:33.317,192
4,3384.0,2022-08-05 00:12:33.130,192
4,3383.0,2022-08-05 00:12:32.947,192
4,3382.0,2022-08-05 00:12:32.760,192
4,3381.0,2022-08-05 00:12:32.570,192
4,3380.0,2022-08-05 00:12:32.383,192
4,3379.0,2022-08-05 00:12:32.197,192
4,3378.0,2022-08-05 00:12:32.010,192
4,3377.0,2022-08-05 00:12:31.823,192
4,3376.0,2022-08-05 00:12:31.637,192
4,3375.0,2022-08-05 00:12:31.450,192
4,3374.0,2022-08-05 00:12:31.263,192
4,3373.0,2022-08-05 00:12:31.077,192
4,3372.0,2022-08-05 00:12:30.890,192
4,3371.0,2022-08-05 00:12:30.700,192
4,3370.0,2022-08-05 00:12:30.513,192
4,3369.0,2022-08-05 00:12:30.330,192
4,3368.0,2022-08-05 00:12:30.140,192
4,3367.0,2022-08-05 00:12:29.953,192
4,3366.0,2022-08-05 00:12:29.770,192
4,3365.0,2022-08-05 00:12:29.583,192
4,3364.0,2022-08-05 00:12:29.397,192
4,3363.0,2022-08-05 00:12:29.210,192
4,3362.0,2022-08-05 00:12:29.027,192
4,3361.0,2022-08-05 00:12:28.840,192
4,3360.0,2022-08-05 00:12:28.657,192
4,3359.0,2022-08-05 00:12:28.470,192
4,3358.0,2022-08-05 00:12:28.287,192
4,3357.0,2022-08-05 00:12:28.100,192
4,3356.0,2022-08-05 00:12:27.913,192
4,3355.0,2022-08-05 00:12:27.723,192
4,3354.0,2022-08-05 00:12:27.537,192
4,3353.0,2022-08-05 00:12:27.353,192
4,3352.0,2022-08-05 00:12:27.167,192
4,3351.0,2022-08-05 00:12:26.980,192
4,3350.0,2022-08-05 00:12:26.793,192
4,3349.0,2022-08-05 00:12:26.607,192
4,3348.0,2022-08-05 00:12:26.423,192
4,3347.0,2022-08-05 00:12:26.237,192
4,3346.0,2022-08-05 00:12:26.050,192
4,3345.0,2022-08-05 00:12:25.863,192
4,3344.0,2022-08-05 00:12:25.677,192
4,3343.0,2022-08-05 00:12:25.493,192
4,3342.0,2022-08-05 00:12:25.307,192
4,3341.0,2022-08-05 00:12:25.123,192
4,3340.0,2022-08-05 00:12:24.940,192
4,3339.0,2022-08-05 00:12:24.753,192
4,3338.0,2022-08-05 00:12:24.567,192
4,3337.0,2022-08-05 00:12:24.380,192
4,3336.0,2022-08-05 00:12:24.193,192
4,3335.0,2022-08-05 00:12:24.003,192
4,3334.0,2022-08-05 00:12:23.817,192
4,3333.0,2022-08-05 00:12:23.633,192
4,3332.0,2022-08-05 00:12:23.447,192
4,3331.0,2022-08-05 00:12:23.263,192
4,3330.0,2022-08-05 00:12:23.077,192
4,3329.0,2022-08-05 00:12:22.893,192
4,3328.0,2022-08-05 00:12:22.707,192
4,3327.0,2022-08-05 00:12:22.523,192
4,3326.0,2022-08-05 00:12:22.333,192
4,3325.0,2022-08-05 00:12:22.147,192
4,3324.0,2022-08-05 00:12:21.960,192
4,3323.0,2022-08-05 00:12:21.777,192
4,3322.0,2022-08-05 00:12:21.587,192
4,3321.0,2022-08-05 00:12:21.403,192
4,3320.0,2022-08-05 00:12:21.217,192
4,3319.0,2022-08-05 00:12:21.027,192
4,3318.0,2022-08-05 00:12:20.840,192
4,3317.0,2022-08-05 00:12:20.653,192
4,3316.0,2022-08-05 00:12:20.467,192
4,3315.0,2022-08-05 00:12:20.280,192
4,3314.0,2022-08-05 00:12:20.097,192
4,3313.0,2022-08-05 00:12:19.910,192
4,3312.0,2022-08-05 00:12:19.727,192
4,3311.0,2022-08-05 00:12:19.540,192
4,3310.0,2022-08-05 00:12:19.357,192
4,3309.0,2022-08-05 00:12:19.170,192
4,3308.0,2022-08-05 00:12:18.983,192
4,3307.0,2022-08-05 00:12:18.800,192
4,3306.0,2022-08-05 00:12:18.613,192
4,3305.0,2022-08-05 00:12:18.427,192
4,3304.0,2022-08-05 00:12:18.240,192
4,3303.0,2022-08-05 00:12:18.057,192
4,3302.0,2022-08-05 00:12:17.873,192
4,3301.0,2022-08-05 00:12:17.690,192
4,3300.0,2022-08-05 00:12:17.503,192
4,3299.0,2022-08-05 00:12:17.320,192
4,3298.0,2022-08-05 00:12:17.133,192
4,3297.0,2022-08-05 00:12:16.950,192
4,3296.0,2022-08-05 00:12:16.767,192
4,3295.0,2022-08-05 00:12:16.580,192
4,3294.0,2022-08-05 00:12:16.397,192
4,3293.0,2022-08-05 00:12:16.210,192
4,3292.0,2022-08-05 00:12:16.023,192
4,3291.0,2022-08-05 00:12:15.840,192
4,3290.0,2022-08-05 00:12:15.650,192
4,3289.0,2022-08-05 00:12:15.463,192
4,3288.0,2022-08-05 00:12:15.277,192
4,3287.0,2022-08-05 00:12:15.090,192
4,3286.0,2022-08-05 00:12:14.903,192
4,3285.0,2022-08-05 00:12:14.720,192
4,3284.0,2022-08-05 00:12:14.533,192
4,3283.0,2022-08-05 00:12:14.343,192
4,3282.0,2022-08-05 00:12:14.160,192
4,3281.0,2022-08-05 00:12:13.973,192
4,3280.0,2022-08-05 00:12:13.790,192
4,3279.0,2022-08-05 00:12:13.607,192
4,3278.0,2022-08-05 00:12:13.420,192
4,3277.0,2022-08-05 00:12:13.233,192
4,3276.0,2022-08-05 00:12:13.047,192
4,3275.0,2022-08-05 00:12:12.860,192
4,3274.0,2022-08-05 00:12:12.677,192
4,3273.0,2022-08-05 00:12:12.490,192
4,3272.0,2022-08-05 00:12:12.303,192
4,3271.0,2022-08-05 00:12:12.120,192
4,3270.0,2022-08-05 00:12:11.937,192
4,3269.0,2022-08-05 00:12:11.750,192
4,3268.0,2022-08-05 00:12:11.560,192
4,3267.0,2022-08-05 00:12:11.373,192
4,3266.0,2022-08-05 00:12:11.187,192
4,3265.0,2022-08-05 00:12:11.000,192
4,3264.0,2022-08-05 00:12:10.817,192
4,3263.0,2022-08-05 00:12:10.630,192
4,3262.0,2022-08-05 00:12:10.447,192
4,3261.0,2022-08-05 00:12:10.263,192
4,3260.0,2022-08-05 00:12:10.077,192
4,3259.0,2022-08-05 00:12:09.890,192
4,3258.0,2022-08-05 00:12:09.707,192
4,3257.0,2022-08-05 00:12:09.520,192
4,3256.0,2022-08-05 00:12:09.333,192
4,3255.0,2022-08-05 00:12:09.143,192
4,3254.0,2022-08-05 00:12:08.960,192
4,3253.0,2022-08-05 00:12:08.773,192
4,3252.0,2022-08-05 00:12:08.583,192
4,3251.0,2022-08-05 00:12:08.400,192
4,3250.0,2022-08-05 00:12:08.213,192
4,3249.0,2022-08-05 00:12:08.030,192
4,3248.0,2022-08-05 00:12:07.847,192
4,3247.0,2022-08-05 00:12:07.660,192
4,3246.0,2022-08-05 00:12:07.477,192
4,3245.0,2022-08-05 00:12:07.290,192
4,3244.0,2022-08-05 00:12:07.107,192
4,3243.0,2022-08-05 00:12:06.920,192
4,3242.0,2022-08-05 00:12:06.737,192
4,3241.0,2022-08-05 00:12:06.553,192
4,3240.0,2022-08-05 00:12:06.367,192
4,3239.0,2022-08-05 00:12:06.183,192
4,3238.0,2022-08-05 00:12:05.997,192
4,3237.0,2022-08-05 00:12:05.810,192
4,3236.0,2022-08-05 00:12:05.627,192
4,3235.0,2022-08-05 00:12:05.440,192
4,3234.0,2022-08-05 00:12:05.253,192
4,3233.0,2022-08-05 00:12:05.067,192
4,3232.0,2022-08-05 00:12:04.880,192
4,3231.0,2022-08-05 00:12:04.693,192
4,3230.0,2022-08-05 00:12:04.510,192
4,3229.0,2022-08-05 00:12:04.323,192
4,3228.0,2022-08-05 00:12:04.140,192
4,3227.0,2022-08-05 00:12:03.953,192
4,3226.0,2022-08-05 00:12:03.767,192
4,3225.0,2022-08-05 00:12:03.580,192
4,3224.0,2022-08-05 00:12:03.400,192
4,3223.0,2022-08-05 00:12:03.213,192
4,3222.0,2022-08-05 00:12:03.030,192
4,3221.0,2022-08-05 00:12:02.843,192
4,3220.0,2022-08-05 00:12:02.660,192
4,3219.0,2022-08-05 00:12:02.473,192
4,3218.0,2022-08-05 00:12:02.287,192
4,3217.0,2022-08-05 00:12:02.100,192
4,3216.0,2022-08-05 00:12:01.917,192
4,3215.0,2022-08-05 00:12:01.730,192
4,3214.0,2022-08-05 00:12:01.543,192
4,3213.0,2022-08-05 00:12:01.353,192
4,3212.0,2022-08-05 00:12:01.170,192
4,3211.0,2022-08-05 00:12:00.983,192
4,3210.0,2022-08-05 00:12:00.800,192
4,3209.0,2022-08-05 00:12:00.613,192
4,3208.0,2022-08-05 00:12:00.423,192
4,3207.0,2022-08-05 00:12:00.240,192
4,3206.0,2022-08-05 00:12:00.053,192
4,3205.0,2022-08-05 00:11:59.867,192
4,3204.0,2022-08-05 00:11:59.677,192
4,3203.0,2022-08-05 00:11:59.493,192
4,3202.0,2022-08-05 00:11:59.310,192
4,3201.0,2022-08-05 00:11:59.120,192
4,3200.0,2022-08-05 00:11:58.933,192
4,3199.0,2022-08-05 00:11:58.750,192
4,3198.0,2022-08-05 00:11:58.563,192
4,3197.0,2022-08-05 00:11:58.380,192
4,3196.0,2022-08-05 00:11:58.197,192
4,3195.0,2022-08-05 00:11:58.013,192
4,3194.0,2022-08-05 00:11:57.827,192
4,3193.0,2022-08-05 00:11:57.643,192
4,3192.0,2022-08-05 00:11:57.460,192
4,3191.0,2022-08-05 00:11:57.277,192
4,3190.0,2022-08-05 00:11:57.093,192
4,3189.0,2022-08-05 00:11:56.910,192
4,3188.0,2022-08-05 00:11:56.723,192
4,3187.0,2022-08-05 00:11:56.540,192
4,3186.0,2022-08-05 00:11:56.353,192
4,3185.0,2022-08-05 00:11:56.173,192
4,3184.0,2022-08-05 00:11:55.990,192
4,3183.0,2022-08-05 00:11:55.803,192
4,3182.0,2022-08-05 00:11:55.617,192
4,3181.0,2022-08-05 00:11:55.430,192
4,3180.0,2022-08-05 00:11:55.247,192
4,3179.0,2022-08-05 00:11:55.057,192
4,3178.0,2022-08-05 00:11:54.870,192
4,3177.0,2022-08-05 00:11:54.683,192
4,3176.0,2022-08-05 00:11:54.500,192
4,3175.0,2022-08-05 00:11:54.313,192
4,3174.0,2022-08-05 00:11:54.127,192
4,3173.0,2022-08-05 00:11:53.937,192
4,3172.0,2022-08-05 00:11:53.750,192
4,3171.0,2022-08-05 00:11:53.563,192
4,3170.0,2022-08-05 00:11:53.380,192
4,3169.0,2022-08-05 00:11:53.193,192
4,3168.0,2022-08-05 00:11:53.007,192
4,3167.0,2022-08-05 00:11:52.817,192
4,3166.0,2022-08-05 00:11:52.633,192
4,3165.0,2022-08-05 00:11:52.447,192
4,3164.0,2022-08-05 00:11:52.260,192
4,3163.0,2022-08-05 00:11:52.073,192
4,3162.0,2022-08-05 00:11:51.887,192
4,3161.0,2022-08-05 00:11:51.703,192
4,3160.0,2022-08-05 00:11:51.520,192
4,3159.0,2022-08-05 00:11:51.333,192
4,3158.0,2022-08-05 00:11:51.147,192
4,3157.0,2022-08-05 00:11:50.960,192
4,3156.0,2022-08-05 00:11:50.773,192
4,3155.0,2022-08-05 00:11:50.587,192
4,3154.0,2022-08-05 00:11:50.407,192
4,3153.0,2022-08-05 00:11:50.220,192
4,3152.0,2022-08-05 00:11:50.037,192
4,3151.0,2022-08-05 00:11:49.850,192
4,3150.0,2022-08-05 00:11:49.667,192
4,3149.0,2022-08-05 00:11:49.477,192
4,3148.0,2022-08-05 00:11:49.293,192
4,3147.0,2022-08-05 00:11:49.107,192
4,3146.0,2022-08-05 00:11:48.920,192
4,3145.0,2022-08-05 00:11:48.733,192
4,3144.0,2022-08-05 00:11:48.550,192
4,3143.0,2022-08-05 00:11:48.367,192
4,3142.0,2022-08-05 00:11:48.180,192
4,3141.0,2022-08-05 00:11:47.997,192
4,3140.0,2022-08-05 00:11:47.813,192
4,3139.0,2022-08-05 00:11:47.630,192
4,3138.0,2022-08-05 00:11:47.450,192
4,3137.0,2022-08-05 00:11:47.263,192
4,3136.0,2022-08-05 00:11:47.080,192
4,3135.0,2022-08-05 00:11:46.893,192
4,3134.0,2022-08-05 00:11:46.710,192
4,3133.0,2022-08-05 00:11:46.523,192
4,3132.0,2022-08-05 00:11:46.340,192
4,3131.0,2022-08-05 00:11:46.157,192
4,3130.0,2022-08-05 00:11:45.970,192
4,3129.0,2022-08-05 00:11:45.787,192
4,3128.0,2022-08-05 00:11:45.603,192
4,3127.0,2022-08-05 00:11:45.420,192
4,3126.0,2022-08-05 00:11:45.233,192
4,3125.0,2022-08-05 00:11:45.050,192
4,3124.0,2022-08-05 00:11:44.863,192
4,3123.0,2022-08-05 00:11:44.677,192
4,3122.0,2022-08-05 00:11:44.490,192
4,3121.0,2022-08-05 00:11:44.307,192
4,3120.0,2022-08-05 00:11:44.123,192
4,3119.0,2022-08-05 00:11:43.937,192
4,3118.0,2022-08-05 00:11:43.750,192
4,3117.0,2022-08-05 00:11:43.567,192
4,3116.0,2022-08-05 00:11:43.380,192
4,3115.0,2022-08-05 00:11:43.193,192
4,3114.0,2022-08-05 00:11:43.013,192
4,3113.0,2022-08-05 00:11:42.827,192
4,3112.0,2022-08-05 00:11:42.640,192
4,3111.0,2022-08-05 00:11:42.457,192
4,3110.0,2022-08-05 00:11:42.273,192
4,3109.0,2022-08-05 00:11:42.090,192
4,3108.0,2022-08-05 00:11:41.903,192
4,3107.0,2022-08-05 00:11:41.720,192
4,3106.0,2022-08-05 00:11:41.537,192
4,3105.0,2022-08-05 00:11:41.350,192
4,3104.0,2022-08-05 00:11:41.163,192
4,3103.0,2022-08-05 00:11:40.983,192
4,3102.0,2022-08-05 00:11:40.797,192
4,3101.0,2022-08-05 00:11:40.613,192
4,3100.0,2022-08-05 00:11:40.427,192
4,3099.0,2022-08-05 00:11:40.243,192
4,3098.0,2022-08-05 00:11:40.060,192
4,3097.0,2022-08-05 00:11:39.877,192
4,3096.0,2022-08-05 00:11:39.693,192
4,3095.0,2022-08-05 00:11:39.510,192
4,3094.0,2022-08-05 00:11:39.323,192
4,3093.0,2022-08-05 00:11:39.140,192
4,3092.0,2022-08-05 00:11:38.957,192
4,3091.0,2022-08-05 00:11:38.773,192
4,3090.0,2022-08-05 00:11:38.587,192
4,3089.0,2022-08-05 00:11:38.403,192
4,3088.0,2022-08-05 00:11:38.217,192
4,3087.0,2022-08-05 00:11:38.033,192
4,3086.0,2022-08-05 00:11:37.847,192
4,3085.0,2022-08-05 00:11:37.663,192
4,3084.0,2022-08-05 00:11:37.477,192
4,3083.0,2022-08-05 00:11:37.293,192
4,3082.0,2022-08-05 00:11:37.110,192
4,3081.0,2022-08-05 00:11:36.927,192
4,3080.0,2022-08-05 00:11:36.743,192
4,3079.0,2022-08-05 00:11:36.557,192
4,3078.0,2022-08-05 00:11:36.373,192
4,3077.0,2022-08-05 00:11:36.190,192
4,3076.0,2022-08-05 00:11:36.003,192
4,3075.0,2022-08-05 00:11:35.817,192
4,3074.0,2022-08-05 00:11:35.633,192
4,3073.0,2022-08-05 00:11:35.447,192
4,3072.0,2022-08-05 00:11:35.260,192
4,3071.0,2022-08-05 00:11:35.073,192
4,3070.0,2022-08-05 00:11:34.887,192
4,3069.0,2022-08-05 00:11:34.700,192
4,3068.0,2022-08-05 00:11:34.513,192
4,3067.0,2022-08-05 00:11:34.330,192
4,3066.0,2022-08-05 00:11:34.143,192
4,3065.0,2022-08-05 00:11:33.957,192
4,3064.0,2022-08-05 00:11:33.770,192
4,3063.0,2022-08-05 00:11:33.583,192
4,3062.0,2022-08-05 00:11:33.400,192
4,3061.0,2022-08-05 00:11:33.217,192
4,3060.0,2022-08-05 00:11:33.033,192
4,3059.0,2022-08-05 00:11:32.847,192
4,3058.0,2022-08-05 00:11:32.660,192
4,3057.0,2022-08-05 00:11:32.477,192
4,3056.0,2022-08-05 00:11:32.293,192
4,3055.0,2022-08-05 00:11:32.107,192
4,3054.0,2022-08-05 00:11:31.923,192
4,3053.0,2022-08-05 00:11:31.733,192
4,3052.0,2022-08-05 00:11:31.550,192
4,3051.0,2022-08-05 00:11:31.363,192
4,3050.0,2022-08-05 00:11:31.177,192
4,3049.0,2022-08-05 00:11:30.993,192
4,3048.0,2022-08-05 00:11:30.807,192
4,3047.0,2022-08-05 00:11:30.623,192
4,3046.0,2022-08-05 00:11:30.440,192
4,3045.0,2022-08-05 00:11:30.257,192
4,3044.0,2022-08-05 00:11:30.073,192
4,3043.0,2022-08-05 00:11:29.890,192
4,3042.0,2022-08-05 00:11:29.703,192
4,3041.0,2022-08-05 00:11:29.520,192
4,3040.0,2022-08-05 00:11:29.337,192
4,3039.0,2022-08-05 00:11:29.153,192
4,3038.0,2022-08-05 00:11:28.970,192
4,3037.0,2022-08-05 00:11:28.783,192
4,3036.0,2022-08-05 00:11:28.600,192
4,3035.0,2022-08-05 00:11:28.413,192
4,3034.0,2022-08-05 00:11:28.227,192
4,3033.0,2022-08-05 00:11:28.040,192
4,3032.0,2022-08-05 00:11:27.857,192
4,3031.0,2022-08-05 00:11:27.667,192
4,3030.0,2022-08-05 00:11:27.487,192
4,3029.0,2022-08-05 00:11:27.297,192
4,3028.0,2022-08-05 00:11:27.113,192
4,3027.0,2022-08-05 00:11:26.927,192
4,3026.0,2022-08-05 00:11:26.747,192
4,3025.0,2022-08-05 00:11:26.557,192
4,3024.0,2022-08-05 00:11:26.373,192
4,3023.0,2022-08-05 00:11:26.190,192
4,3022.0,2022-08-05 00:11:26.003,192
4,3021.0,2022-08-05 00:11:25.817,192
4,3020.0,2022-08-05 00:11:25.633,192
4,3019.0,2022-08-05 00:11:25.450,192
4,3018.0,2022-08-05 00:11:25.267,192
4,3017.0,2022-08-05 00:11:25.080,192
4,3016.0,2022-08-05 00:11:24.893,192
4,3015.0,2022-08-05 00:11:24.710,192
4,3014.0,2022-08-05 00:11:24.523,192
4,3013.0,2022-08-05 00:11:24.340,192
4,3012.0,2022-08-05 00:11:24.153,192
4,3011.0,2022-08-05 00:11:23.967,192
4,3010.0,2022-08-05 00:11:23.783,192
4,3009.0,2022-08-05 00:11:23.597,192
4,3008.0,2022-08-05 00:11:23.413,192
4,3007.0,2022-08-05 00:11:23.227,192
4,3006.0,2022-08-05 00:11:23.040,192
4,3005.0,2022-08-05 00:11:22.853,192
4,3004.0,2022-08-05 00:11:22.670,192
4,3003.0,2022-08-05 00:11:22.487,192
4,3002.0,2022-08-05 00:11:22.300,192
4,3001.0,2022-08-05 00:11:22.117,192
4,3000.0,2022-08-05 00:11:21.933,192
4,2999.0,2022-08-05 00:11:21.750,192
4,2998.0,2022-08-05 00:11:21.563,192
4,2997.0,2022-08-05 00:11:21.380,192
4,2996.0,2022-08-05 00:11:21.197,192
4,2995.0,2022-08-05 00:11:21.010,192
4,2994.0,2022-08-05 00:11:20.827,192
4,2993.0,2022-08-05 00:11:20.640,192
4,2992.0,2022-08-05 00:11:20.457,192
4,2991.0,2022-08-05 00:11:20.273,192
4,2990.0,2022-08-05 00:11:20.090,192
4,2989.0,2022-08-05 00:11:19.907,192
4,2988.0,2022-08-05 00:11:19.723,192
4,2987.0,2022-08-05 00:11:19.540,192
4,2986.0,2022-08-05 00:11:19.353,192
4,2985.0,2022-08-05 00:11:19.170,192
4,2984.0,2022-08-05 00:11:18.987,192
4,2983.0,2022-08-05 00:11:18.800,192
4,2982.0,2022-08-05 00:11:18.617,192
4,2981.0,2022-08-05 00:11:18.433,192
4,2980.0,2022-08-05 00:11:18.247,192
4,2979.0,2022-08-05 00:11:18.063,192
4,2978.0,2022-08-05 00:11:17.880,192
4,2977.0,2022-08-05 00:11:17.697,192
4,2976.0,2022-08-05 00:11:17.513,192
4,2975.0,2022-08-05 00:11:17.330,192
4,2974.0,2022-08-05 00:11:17.143,192
4,2973.0,2022-08-05 00:11:16.957,192
4,2972.0,2022-08-05 00:11:16.777,192
4,2971.0,2022-08-05 00:11:16.593,192
4,2970.0,2022-08-05 00:11:16.407,192
4,2969.0,2022-08-05 00:11:16.220,192
4,2968.0,2022-08-05 00:11:16.037,192
4,2967.0,2022-08-05 00:11:15.853,192
4,2966.0,2022-08-05 00:11:15.667,192
4,2965.0,2022-08-05 00:11:15.477,192
4,2964.0,2022-08-05 00:11:15.293,192
4,2963.0,2022-08-05 00:11:15.110,192
4,2962.0,2022-08-05 00:11:14.927,192
4,2961.0,2022-08-05 00:11:14.740,192
4,2960.0,2022-08-05 00:11:14.557,192
4,2959.0,2022-08-05 00:11:14.370,192
4,2958.0,2022-08-05 00:11:14.183,192
4,2957.0,2022-08-05 00:11:13.997,192
4,2956.0,2022-08-05 00:11:13.807,192
4,2955.0,2022-08-05 00:11:13.620,192
4,2954.0,2022-08-05 00:11:13.433,192
4,2953.0,2022-08-05 00:11:13.250,192
4,2952.0,2022-08-05 00:11:13.063,192
4,2951.0,2022-08-05 00:11:12.877,192
4,2950.0,2022-08-05 00:11:12.690,192
4,2949.0,2022-08-05 00:11:12.507,192
4,2948.0,2022-08-05 00:11:12.317,192
4,2947.0,2022-08-05 00:11:12.133,192
4,2946.0,2022-08-05 00:11:11.947,192
4,2945.0,2022-08-05 00:11:11.760,192
4,2944.0,2022-08-05 00:11:11.573,192
4,2943.0,2022-08-05 00:11:11.390,192
4,2942.0,2022-08-05 00:11:11.203,192
4,2941.0,2022-08-05 00:11:11.020,192
4,2940.0,2022-08-05 00:11:10.833,192
4,2939.0,2022-08-05 00:11:10.650,192
4,2938.0,2022-08-05 00:11:10.467,192
4,2937.0,2022-08-05 00:11:10.280,192
4,2936.0,2022-08-05 00:11:10.093,192
4,2935.0,2022-08-05 00:11:09.910,192
4,2934.0,2022-08-05 00:11:09.720,192
4,2933.0,2022-08-05 00:11:09.537,192
4,2932.0,2022-08-05 00:11:09.353,192
4,2931.0,2022-08-05 00:11:09.170,192
4,2930.0,2022-08-05 00:11:08.983,192
4,2929.0,2022-08-05 00:11:08.793,192
4,2928.0,2022-08-05 00:11:08.610,192
4,2927.0,2022-08-05 00:11:08.423,192
4,2926.0,2022-08-05 00:11:08.237,192
4,2925.0,2022-08-05 00:11:08.050,192
4,2924.0,2022-08-05 00:11:07.867,192
4,2923.0,2022-08-05 00:11:07.683,192
4,2922.0,2022-08-05 00:11:07.497,192
4,2921.0,2022-08-05 00:11:07.310,192
4,2920.0,2022-08-05 00:11:07.127,192
4,2919.0,2022-08-05 00:11:06.940,192
4,2918.0,2022-08-05 00:11:06.757,192
4,2917.0,2022-08-05 00:11:06.573,192
4,2916.0,2022-08-05 00:11:06.390,192
4,2915.0,2022-08-05 00:11:06.203,192
4,2914.0,2022-08-05 00:11:06.020,192
4,2913.0,2022-08-05 00:11:05.833,192
4,2912.0,2022-08-05 00:11:05.650,192
4,2911.0,2022-08-05 00:11:05.463,192
4,2910.0,2022-08-05 00:11:05.280,192
4,2909.0,2022-08-05 00:11:05.100,192
4,2908.0,2022-08-05 00:11:04.917,192
4,2907.0,2022-08-05 00:11:04.733,192
4,2906.0,2022-08-05 00:11:04.550,192
4,2905.0,2022-08-05 00:11:04.367,192
4,2904.0,2022-08-05 00:11:04.183,192
4,2903.0,2022-08-05 00:11:04.000,192
4,2902.0,2022-08-05 00:11:03.817,192
4,2901.0,2022-08-05 00:11:03.637,192
4,2900.0,2022-08-05 00:11:03.457,192
4,2899.0,2022-08-05 00:11:03.270,192
4,2898.0,2022-08-05 00:11:03.087,192
4,2897.0,2022-08-05 00:11:02.903,192
4,2896.0,2022-08-05 00:11:02.717,192
4,2895.0,2022-08-05 00:11:02.530,192
4,2894.0,2022-08-05 00:11:02.347,192
4,2893.0,2022-08-05 00:11:02.163,192
4,2892.0,2022-08-05 00:11:01.980,192
4,2891.0,2022-08-05 00:11:01.800,192
4,2890.0,2022-08-05 00:11:01.617,192
4,2889.0,2022-08-05 00:11:01.433,192
4,2888.0,2022-08-05 00:11:01.250,192
4,2887.0,2022-08-05 00:11:01.063,192
4,2886.0,2022-08-05 00:11:00.880,192
4,2885.0,2022-08-05 00:11:00.693,192
4,2884.0,2022-08-05 00:11:00.507,192
4,2883.0,2022-08-05 00:11:00.323,192
4,2882.0,2022-08-05 00:11:00.137,192
4,2881.0,2022-08-05 00:10:59.950,192
4,2880.0,2022-08-05 00:10:59.763,192
4,2879.0,2022-08-05 00:10:59.580,192
4,2878.0,2022-08-05 00:10:59.393,192
4,2877.0,2022-08-05 00:10:59.207,192
4,2876.0,2022-08-05 00:10:59.023,192
4,2875.0,2022-08-05 00:10:58.837,192
4,2874.0,2022-08-05 00:10:58.653,192
4,2873.0,2022-08-05 00:10:58.467,192
4,2872.0,2022-08-05 00:10:58.283,192
4,2871.0,2022-08-05 00:10:58.100,192
4,2870.0,2022-08-05 00:10:57.913,192
4,2869.0,2022-08-05 00:10:57.730,192
4,2868.0,2022-08-05 00:10:57.543,192
4,2867.0,2022-08-05 00:10:57.357,192
4,2866.0,2022-08-05 00:10:57.170,192
4,2865.0,2022-08-05 00:10:56.987,192
4,2864.0,2022-08-05 00:10:56.800,192
4,2863.0,2022-08-05 00:10:56.617,192
4,2862.0,2022-08-05 00:10:56.430,192
4,2861.0,2022-08-05 00:10:56.243,192
4,2860.0,2022-08-05 00:10:56.057,192
4,2859.0,2022-08-05 00:10:55.873,192
4,2858.0,2022-08-05 00:10:55.690,192
4,2857.0,2022-08-05 00:10:55.503,192
4,2856.0,2022-08-05 00:10:55.320,192
4,2855.0,2022-08-05 00:10:55.140,192
4,2854.0,2022-08-05 00:10:54.957,192
4,2853.0,2022-08-05 00:10:54.770,192
4,2852.0,2022-08-05 00:10:54.583,192
4,2851.0,2022-08-05 00:10:54.397,192
4,2850.0,2022-08-05 00:10:54.213,192
4,2849.0,2022-08-05 00:10:54.030,192
4,2848.0,2022-08-05 00:10:53.843,192
4,2847.0,2022-08-05 00:10:53.657,192
4,2846.0,2022-08-05 00:10:53.470,192
4,2845.0,2022-08-05 00:10:53.287,192
4,2844.0,2022-08-05 00:10:53.103,192
4,2843.0,2022-08-05 00:10:52.917,192
4,2842.0,2022-08-05 00:10:52.733,192
4,2841.0,2022-08-05 00:10:52.547,192
4,2840.0,2022-08-05 00:10:52.363,192
4,2839.0,2022-08-05 00:10:52.180,192
4,2838.0,2022-08-05 00:10:51.997,192
4,2837.0,2022-08-05 00:10:51.813,192
4,2836.0,2022-08-05 00:10:51.627,192
4,2835.0,2022-08-05 00:10:51.447,192
4,2834.0,2022-08-05 00:10:51.260,192
4,2833.0,2022-08-05 00:10:51.077,192
4,2832.0,2022-08-05 00:10:50.890,192
4,2831.0,2022-08-05 00:10:50.707,192
4,2830.0,2022-08-05 00:10:50.523,192
4,2829.0,2022-08-05 00:10:50.337,192
4,2828.0,2022-08-05 00:10:50.150,192
4,2827.0,2022-08-05 00:10:49.963,192
4,2826.0,2022-08-05 00:10:49.780,192
4,2825.0,2022-08-05 00:10:49.593,192
4,2824.0,2022-08-05 00:10:49.410,192
4,2823.0,2022-08-05 00:10:49.227,192
4,2822.0,2022-08-05 00:10:49.040,192
4,2821.0,2022-08-05 00:10:48.860,192
4,2820.0,2022-08-05 00:10:48.677,192
4,2819.0,2022-08-05 00:10:48.493,192
4,2818.0,2022-08-05 00:10:48.310,192
4,2817.0,2022-08-05 00:10:48.127,192
4,2816.0,2022-08-05 00:10:47.943,192
4,2815.0,2022-08-05 00:10:47.760,192
4,2814.0,2022-08-05 00:10:47.577,192
4,2813.0,2022-08-05 00:10:47.393,192
4,2812.0,2022-08-05 00:10:47.210,192
4,2811.0,2022-08-05 00:10:47.030,192
4,2810.0,2022-08-05 00:10:46.847,192
4,2809.0,2022-08-05 00:10:46.660,192
4,2808.0,2022-08-05 00:10:46.477,192
4,2807.0,2022-08-05 00:10:46.293,192
4,2806.0,2022-08-05 00:10:46.110,192
4,2805.0,2022-08-05 00:10:45.923,192
4,2804.0,2022-08-05 00:10:45.740,192
4,2803.0,2022-08-05 00:10:45.557,192
4,2802.0,2022-08-05 00:10:45.370,192
4,2801.0,2022-08-05 00:10:45.187,192
4,2800.0,2022-08-05 00:10:45.000,192
4,2799.0,2022-08-05 00:10:44.817,192
4,2798.0,2022-08-05 00:10:44.633,192
4,2797.0,2022-08-05 00:10:44.450,192
4,2796.0,2022-08-05 00:10:44.263,192
4,2795.0,2022-08-05 00:10:44.080,192
4,2794.0,2022-08-05 00:10:43.897,192
4,2793.0,2022-08-05 00:10:43.713,192
4,2792.0,2022-08-05 00:10:43.530,192
4,2791.0,2022-08-05 00:10:43.347,192
4,2790.0,2022-08-05 00:10:43.160,192
4,2789.0,2022-08-05 00:10:42.977,192
4,2788.0,2022-08-05 00:10:42.793,192
4,2787.0,2022-08-05 00:10:42.610,192
4,2786.0,2022-08-05 00:10:42.427,192
4,2785.0,2022-08-05 00:10:42.240,192
4,2784.0,2022-08-05 00:10:42.057,192
4,2783.0,2022-08-05 00:10:41.873,192
4,2782.0,2022-08-05 00:10:41.690,192
4,2781.0,2022-08-05 00:10:41.507,192
4,2780.0,2022-08-05 00:10:41.323,192
4,2779.0,2022-08-05 00:10:41.140,192
4,2778.0,2022-08-05 00:10:40.957,192
4,2777.0,2022-08-05 00:10:40.773,192
4,2776.0,2022-08-05 00:10:40.587,192
4,2775.0,2022-08-05 00:10:40.403,192
4,2774.0,2022-08-05 00:10:40.217,192
4,2773.0,2022-08-05 00:10:40.030,192
4,2772.0,2022-08-05 00:10:39.847,192
4,2771.0,2022-08-05 00:10:39.660,192
4,2770.0,2022-08-05 00:10:39.473,192
4,2769.0,2022-08-05 00:10:39.290,192
4,2768.0,2022-08-05 00:10:39.103,192
4,2767.0,2022-08-05 00:10:38.917,192
4,2766.0,2022-08-05 00:10:38.737,192
4,2765.0,2022-08-05 00:10:38.550,192
4,2764.0,2022-08-05 00:10:38.363,192
4,2763.0,2022-08-05 00:10:38.177,192
4,2762.0,2022-08-05 00:10:37.987,192
4,2761.0,2022-08-05 00:10:37.800,192
4,2760.0,2022-08-05 00:10:37.617,192
4,2759.0,2022-08-05 00:10:37.433,192
4,2758.0,2022-08-05 00:10:37.250,192
4,2757.0,2022-08-05 00:10:37.067,192
4,2756.0,2022-08-05 00:10:36.887,192
4,2755.0,2022-08-05 00:10:36.700,192
4,2754.0,2022-08-05 00:10:36.517,192
4,2753.0,2022-08-05 00:10:36.327,192
4,2752.0,2022-08-05 00:10:36.147,192
4,2751.0,2022-08-05 00:10:35.960,192
4,2750.0,2022-08-05 00:10:35.773,192
4,2749.0,2022-08-05 00:10:35.593,192
4,2748.0,2022-08-05 00:10:35.410,192
4,2747.0,2022-08-05 00:10:35.227,192
4,2746.0,2022-08-05 00:10:35.040,192
4,2745.0,2022-08-05 00:10:34.857,192
4,2744.0,2022-08-05 00:10:34.670,192
4,2743.0,2022-08-05 00:10:34.487,192
4,2742.0,2022-08-05 00:10:34.297,192
4,2741.0,2022-08-05 00:10:34.113,192
4,2740.0,2022-08-05 00:10:33.930,192
4,2739.0,2022-08-05 00:10:33.743,192
4,2738.0,2022-08-05 00:10:33.560,192
4,2737.0,2022-08-05 00:10:33.373,192
4,2736.0,2022-08-05 00:10:33.193,192
4,2735.0,2022-08-05 00:10:33.007,192
4,2734.0,2022-08-05 00:10:32.823,192
4,2733.0,2022-08-05 00:10:32.640,192
4,2732.0,2022-08-05 00:10:32.457,192
4,2731.0,2022-08-05 00:10:32.273,192
4,2730.0,2022-08-05 00:10:32.083,192
4,2729.0,2022-08-05 00:10:31.893,192
4,2728.0,2022-08-05 00:10:31.707,192
4,2727.0,2022-08-05 00:10:31.520,192
4,2726.0,2022-08-05 00:10:31.337,192
4,2725.0,2022-08-05 00:10:31.150,192
4,2724.0,2022-08-05 00:10:30.963,192
4,2723.0,2022-08-05 00:10:30.777,192
4,2722.0,2022-08-05 00:10:30.593,192
4,2721.0,2022-08-05 00:10:30.407,192
4,2720.0,2022-08-05 00:10:30.220,192
4,2719.0,2022-08-05 00:10:30.030,192
4,2718.0,2022-08-05 00:10:29.847,192
4,2717.0,2022-08-05 00:10:29.663,192
4,2716.0,2022-08-05 00:10:29.480,192
4,2715.0,2022-08-05 00:10:29.297,192
4,2714.0,2022-08-05 00:10:29.113,192
4,2713.0,2022-08-05 00:10:28.927,192
4,2712.0,2022-08-05 00:10:28.740,192
4,2711.0,2022-08-05 00:10:28.553,192
4,2710.0,2022-08-05 00:10:28.370,192
4,2709.0,2022-08-05 00:10:28.183,192
4,2708.0,2022-08-05 00:10:27.997,192
4,2707.0,2022-08-05 00:10:27.810,192
4,2706.0,2022-08-05 00:10:27.623,192
4,2705.0,2022-08-05 00:10:27.437,192
4,2704.0,2022-08-05 00:10:27.250,192
4,2703.0,2022-08-05 00:10:27.067,192
4,2702.0,2022-08-05 00:10:26.883,192
4,2701.0,2022-08-05 00:10:26.697,192
4,2700.0,2022-08-05 00:10:26.510,192
4,2699.0,2022-08-05 00:10:26.320,192
4,2698.0,2022-08-05 00:10:26.133,192
4,2697.0,2022-08-05 00:10:25.947,192
4,2696.0,2022-08-05 00:10:25.763,192
4,2695.0,2022-08-05 00:10:25.580,192
4,2694.0,2022-08-05 00:10:25.390,192
4,2693.0,2022-08-05 00:10:25.203,192
4,2692.0,2022-08-05 00:10:25.017,192
4,2691.0,2022-08-05 00:10:24.830,192
4,2690.0,2022-08-05 00:10:24.647,192
4,2689.0,2022-08-05 00:10:24.460,192
4,2688.0,2022-08-05 00:10:24.273,192
4,2687.0,2022-08-05 00:10:24.087,192
4,2686.0,2022-08-05 00:10:23.900,192
4,2685.0,2022-08-05 00:10:23.713,192
4,2684.0,2022-08-05 00:10:23.530,192
4,2683.0,2022-08-05 00:10:23.343,192
4,2682.0,2022-08-05 00:10:23.157,192
4,2681.0,2022-08-05 00:10:22.973,192
4,2680.0,2022-08-05 00:10:22.787,192
4,2679.0,2022-08-05 00:10:22.603,192
4,2678.0,2022-08-05 00:10:22.417,192
4,2677.0,2022-08-05 00:10:22.230,192
4,2676.0,2022-08-05 00:10:22.043,192
4,2675.0,2022-08-05 00:10:21.857,192
4,2674.0,2022-08-05 00:10:21.670,192
4,2673.0,2022-08-05 00:10:21.487,192
4,2672.0,2022-08-05 00:10:21.300,192
4,2671.0,2022-08-05 00:10:21.113,192
4,2670.0,2022-08-05 00:10:20.927,192
4,2669.0,2022-08-05 00:10:20.740,192
4,2668.0,2022-08-05 00:10:20.553,192
4,2667.0,2022-08-05 00:10:20.370,192
4,2666.0,2022-08-05 00:10:20.180,192
4,2665.0,2022-08-05 00:10:19.990,192
4,2664.0,2022-08-05 00:10:19.803,192
4,2663.0,2022-08-05 00:10:19.620,192
4,2662.0,2022-08-05 00:10:19.433,192
4,2661.0,2022-08-05 00:10:19.250,192
4,2660.0,2022-08-05 00:10:19.063,192
4,2659.0,2022-08-05 00:10:18.877,192
4,2658.0,2022-08-05 00:10:18.690,192
4,2657.0,2022-08-05 00:10:18.503,192
4,2656.0,2022-08-05 00:10:18.320,192
4,2655.0,2022-08-05 00:10:18.130,192
4,2654.0,2022-08-05 00:10:17.943,192
4,2653.0,2022-08-05 00:10:17.757,192
4,2652.0,2022-08-05 00:10:17.573,192
4,2651.0,2022-08-05 00:10:17.387,192
4,2650.0,2022-08-05 00:10:17.203,192
4,2649.0,2022-08-05 00:10:17.017,192
4,2648.0,2022-08-05 00:10:16.833,192
4,2647.0,2022-08-05 00:10:16.647,192
4,2646.0,2022-08-05 00:10:16.460,192
4,2645.0,2022-08-05 00:10:16.277,192
4,2644.0,2022-08-05 00:10:16.090,192
4,2643.0,2022-08-05 00:10:15.903,192
4,2642.0,2022-08-05 00:10:15.720,192
4,2641.0,2022-08-05 00:10:15.533,192
4,2640.0,2022-08-05 00:10:15.350,192
4,2639.0,2022-08-05 00:10:15.163,192
4,2638.0,2022-08-05 00:10:14.977,192
4,2637.0,2022-08-05 00:10:14.793,192
4,2636.0,2022-08-05 00:10:14.607,192
4,2635.0,2022-08-05 00:10:14.420,192
4,2634.0,2022-08-05 00:10:14.233,192
4,2633.0,2022-08-05 00:10:14.050,192
4,2632.0,2022-08-05 00:10:13.860,192
4,2631.0,2022-08-05 00:10:13.673,192
4,2630.0,2022-08-05 00:10:13.490,192
4,2629.0,2022-08-05 00:10:13.307,192
4,2628.0,2022-08-05 00:10:13.120,192
4,2627.0,2022-08-05 00:10:12.937,192
4,2626.0,2022-08-05 00:10:12.747,192
4,2625.0,2022-08-05 00:10:12.560,192
4,2624.0,2022-08-05 00:10:12.373,192
4,2623.0,2022-08-05 00:10:12.190,192
4,2622.0,2022-08-05 00:10:12.007,192
4,2621.0,2022-08-05 00:10:11.823,192
4,2620.0,2022-08-05 00:10:11.637,192
4,2619.0,2022-08-05 00:10:11.450,192
4,2618.0,2022-08-05 00:10:11.260,192
4,2617.0,2022-08-05 00:10:11.077,192
4,2616.0,2022-08-05 00:10:10.890,192
4,2615.0,2022-08-05 00:10:10.703,192
4,2614.0,2022-08-05 00:10:10.520,192
4,2613.0,2022-08-05 00:10:10.333,192
4,2612.0,2022-08-05 00:10:10.150,192
4,2611.0,2022-08-05 00:10:09.967,192
4,2610.0,2022-08-05 00:10:09.777,192
4,2609.0,2022-08-05 00:10:09.593,192
4,2608.0,2022-08-05 00:10:09.407,192
4,2607.0,2022-08-05 00:10:09.220,192
4,2606.0,2022-08-05 00:10:09.033,192
4,2605.0,2022-08-05 00:10:08.850,192
4,2604.0,2022-08-05 00:10:08.663,192
4,2603.0,2022-08-05 00:10:08.477,192
4,2602.0,2022-08-05 00:10:08.290,192
4,2601.0,2022-08-05 00:10:08.103,192
4,2600.0,2022-08-05 00:10:07.920,192
4,2599.0,2022-08-05 00:10:07.737,192
4,2598.0,2022-08-05 00:10:07.550,192
4,2597.0,2022-08-05 00:10:07.363,192
4,2596.0,2022-08-05 00:10:07.180,192
4,2595.0,2022-08-05 00:10:06.997,192
4,2594.0,2022-08-05 00:10:06.810,192
4,2593.0,2022-08-05 00:10:06.623,192
4,2592.0,2022-08-05 00:10:06.437,192
4,2591.0,2022-08-05 00:10:06.253,192
4,2590.0,2022-08-05 00:10:06.067,192
4,2589.0,2022-08-05 00:10:05.883,192
4,2588.0,2022-08-05 00:10:05.700,192
4,2587.0,2022-08-05 00:10:05.513,192
4,2586.0,2022-08-05 00:10:05.330,192
4,2585.0,2022-08-05 00:10:05.140,192
4,2584.0,2022-08-05 00:10:04.957,192
4,2583.0,2022-08-05 00:10:04.770,192
4,2582.0,2022-08-05 00:10:04.587,192
4,2581.0,2022-08-05 00:10:04.403,192
4,2580.0,2022-08-05 00:10:04.217,192
4,2579.0,2022-08-05 00:10:04.030,192
4,2578.0,2022-08-05 00:10:03.847,192
4,2577.0,2022-08-05 00:10:03.660,192
4,2576.0,2022-08-05 00:10:03.477,192
4,2575.0,2022-08-05 00:10:03.287,192
4,2574.0,2022-08-05 00:10:03.103,192
4,2573.0,2022-08-05 00:10:02.917,192
4,2572.0,2022-08-05 00:10:02.733,192
4,2571.0,2022-08-05 00:10:02.543,192
4,2570.0,2022-08-05 00:10:02.360,192
4,2569.0,2022-08-05 00:10:02.170,192
4,2568.0,2022-08-05 00:10:01.987,192
4,2567.0,2022-08-05 00:10:01.803,192
4,2566.0,2022-08-05 00:10:01.617,192
4,2565.0,2022-08-05 00:10:01.433,192
4,2564.0,2022-08-05 00:10:01.250,192
4,2563.0,2022-08-05 00:10:01.067,192
4,2562.0,2022-08-05 00:10:00.880,192
4,2561.0,2022-08-05 00:10:00.697,192
4,2560.0,2022-08-05 00:10:00.513,192
4,2559.0,2022-08-05 00:10:00.330,192
4,2558.0,2022-08-05 00:10:00.140,192
4,2557.0,2022-08-05 00:09:59.957,192
4,2556.0,2022-08-05 00:09:59.773,192
4,2555.0,2022-08-05 00:09:59.590,192
4,2554.0,2022-08-05 00:09:59.403,192
4,2553.0,2022-08-05 00:09:59.217,192
4,2552.0,2022-08-05 00:09:59.030,192
4,2551.0,2022-08-05 00:09:58.850,192
4,2550.0,2022-08-05 00:09:58.663,192
4,2549.0,2022-08-05 00:09:58.480,192
4,2548.0,2022-08-05 00:09:58.293,192
4,2547.0,2022-08-05 00:09:58.110,192
4,2546.0,2022-08-05 00:09:57.923,192
4,2545.0,2022-08-05 00:09:57.740,192
4,2544.0,2022-08-05 00:09:57.553,192
4,2543.0,2022-08-05 00:09:57.370,192
4,2542.0,2022-08-05 00:09:57.187,192
4,2541.0,2022-08-05 00:09:57.000,192
4,2540.0,2022-08-05 00:09:56.817,192
4,2539.0,2022-08-05 00:09:56.633,192
4,2538.0,2022-08-05 00:09:56.447,192
4,2537.0,2022-08-05 00:09:56.263,192
4,2536.0,2022-08-05 00:09:56.077,192
4,2535.0,2022-08-05 00:09:55.893,192
4,2534.0,2022-08-05 00:09:55.707,192
4,2533.0,2022-08-05 00:09:55.523,192
4,2532.0,2022-08-05 00:09:55.340,192
4,2531.0,2022-08-05 00:09:55.157,192
4,2530.0,2022-08-05 00:09:54.973,192
4,2529.0,2022-08-05 00:09:54.790,192
4,2528.0,2022-08-05 00:09:54.607,192
4,2527.0,2022-08-05 00:09:54.420,192
4,2526.0,2022-08-05 00:09:54.237,192
4,2525.0,2022-08-05 00:09:54.057,192
4,2524.0,2022-08-05 00:09:53.873,192
4,2523.0,2022-08-05 00:09:53.690,192
4,2522.0,2022-08-05 00:09:53.507,192
4,2521.0,2022-08-05 00:09:53.320,192
4,2520.0,2022-08-05 00:09:53.137,192
4,2519.0,2022-08-05 00:09:52.950,192
4,2518.0,2022-08-05 00:09:52.767,192
4,2517.0,2022-08-05 00:09:52.583,192
4,2516.0,2022-08-05 00:09:52.397,192
4,2515.0,2022-08-05 00:09:52.213,192
4,2514.0,2022-08-05 00:09:52.030,192
4,2513.0,2022-08-05 00:09:51.850,192
4,2512.0,2022-08-05 00:09:51.663,192
4,2511.0,2022-08-05 00:09:51.480,192
4,2510.0,2022-08-05 00:09:51.293,192
4,2509.0,2022-08-05 00:09:51.110,192
4,2508.0,2022-08-05 00:09:50.910,192
4,2507.0,2022-08-05 00:09:50.727,192
4,2506.0,2022-08-05 00:09:50.540,192
4,2505.0,2022-08-05 00:09:50.353,192
4,2504.0,2022-08-05 00:09:50.170,192
4,2503.0,2022-08-05 00:09:49.983,192
4,2502.0,2022-08-05 00:09:49.797,192
4,2501.0,2022-08-05 00:09:49.610,192
4,2500.0,2022-08-05 00:09:49.427,192
4,2499.0,2022-08-05 00:09:49.243,192
4,2498.0,2022-08-05 00:09:49.057,192
4,2497.0,2022-08-05 00:09:48.873,192
4,2496.0,2022-08-05 00:09:48.690,192
4,2495.0,2022-08-05 00:09:48.507,192
4,2494.0,2022-08-05 00:09:48.320,192
4,2493.0,2022-08-05 00:09:48.133,192
4,2492.0,2022-08-05 00:09:47.950,192
4,2491.0,2022-08-05 00:09:47.770,192
4,2490.0,2022-08-05 00:09:47.583,192
4,2489.0,2022-08-05 00:09:47.400,192
4,2488.0,2022-08-05 00:09:47.213,192
4,2487.0,2022-08-05 00:09:47.027,192
4,2486.0,2022-08-05 00:09:46.843,192
4,2485.0,2022-08-05 00:09:46.657,192
4,2484.0,2022-08-05 00:09:46.457,192
4,2483.0,2022-08-05 00:09:46.270,192
4,2482.0,2022-08-05 00:09:46.087,192
4,2481.0,2022-08-05 00:09:45.900,192
4,2480.0,2022-08-05 00:09:45.717,192
4,2479.0,2022-08-05 00:09:45.533,192
4,2478.0,2022-08-05 00:09:45.350,192
4,2477.0,2022-08-05 00:09:45.163,192
4,2476.0,2022-08-05 00:09:44.977,192
4,2475.0,2022-08-05 00:09:44.793,192
4,2474.0,2022-08-05 00:09:44.607,192
4,2473.0,2022-08-05 00:09:44.423,192
4,2472.0,2022-08-05 00:09:44.237,192
4,2471.0,2022-08-05 00:09:44.050,192
4,2470.0,2022-08-05 00:09:43.867,192
4,2469.0,2022-08-05 00:09:43.683,192
4,2468.0,2022-08-05 00:09:43.493,192
4,2467.0,2022-08-05 00:09:43.307,192
4,2466.0,2022-08-05 00:09:43.120,192
4,2465.0,2022-08-05 00:09:42.937,192
4,2464.0,2022-08-05 00:09:42.753,192
4,2463.0,2022-08-05 00:09:42.567,192
4,2462.0,2022-08-05 00:09:42.383,192
4,2461.0,2022-08-05 00:09:42.200,192
4,2460.0,2022-08-05 00:09:42.013,192
4,2459.0,2022-08-05 00:09:41.830,192
4,2458.0,2022-08-05 00:09:41.647,192
4,2457.0,2022-08-05 00:09:41.460,192
4,2456.0,2022-08-05 00:09:41.277,192
4,2455.0,2022-08-05 00:09:41.090,192
4,2454.0,2022-08-05 00:09:40.907,192
4,2453.0,2022-08-05 00:09:40.723,192
4,2452.0,2022-08-05 00:09:40.543,192
4,2451.0,2022-08-05 00:09:40.357,192
4,2450.0,2022-08-05 00:09:40.173,192
4,2449.0,2022-08-05 00:09:39.987,192
4,2448.0,2022-08-05 00:09:39.803,192
4,2447.0,2022-08-05 00:09:39.620,192
4,2446.0,2022-08-05 00:09:39.433,192
4,2445.0,2022-08-05 00:09:39.250,192
4,2444.0,2022-08-05 00:09:39.067,192
4,2443.0,2022-08-05 00:09:38.883,192
4,2442.0,2022-08-05 00:09:38.697,192
4,2441.0,2022-08-05 00:09:38.497,192
4,2440.0,2022-08-05 00:09:38.310,192
4,2439.0,2022-08-05 00:09:38.127,192
4,2438.0,2022-08-05 00:09:37.940,192
4,2437.0,2022-08-05 00:09:37.750,192
4,2436.0,2022-08-05 00:09:37.563,192
4,2435.0,2022-08-05 00:09:37.380,192
4,2434.0,2022-08-05 00:09:37.197,192
4,2433.0,2022-08-05 00:09:37.010,192
4,2432.0,2022-08-05 00:09:36.823,192
4,2431.0,2022-08-05 00:09:36.637,192
4,2430.0,2022-08-05 00:09:36.453,192
4,2429.0,2022-08-05 00:09:36.263,192
4,2428.0,2022-08-05 00:09:36.077,192
4,2427.0,2022-08-05 00:09:35.893,192
4,2426.0,2022-08-05 00:09:35.707,192
4,2425.0,2022-08-05 00:09:35.520,192
4,2424.0,2022-08-05 00:09:35.333,192
4,2423.0,2022-08-05 00:09:35.147,192
4,2422.0,2022-08-05 00:09:34.960,192
4,2421.0,2022-08-05 00:09:34.773,192
4,2420.0,2022-08-05 00:09:34.587,192
4,2419.0,2022-08-05 00:09:34.397,192
4,2418.0,2022-08-05 00:09:34.210,192
4,2417.0,2022-08-05 00:09:34.023,192
4,2416.0,2022-08-05 00:09:33.837,192
4,2415.0,2022-08-05 00:09:33.650,192
4,2414.0,2022-08-05 00:09:33.463,192
4,2413.0,2022-08-05 00:09:33.280,192
4,2412.0,2022-08-05 00:09:33.093,192
4,2411.0,2022-08-05 00:09:32.903,192
4,2410.0,2022-08-05 00:09:32.717,192
4,2409.0,2022-08-05 00:09:32.537,192
4,2408.0,2022-08-05 00:09:32.350,192
4,2407.0,2022-08-05 00:09:32.163,192
4,2406.0,2022-08-05 00:09:31.983,192
4,2405.0,2022-08-05 00:09:31.793,192
4,2404.0,2022-08-05 00:09:31.607,192
4,2403.0,2022-08-05 00:09:31.420,192
4,2402.0,2022-08-05 00:09:31.233,192
4,2401.0,2022-08-05 00:09:31.050,192
4,2400.0,2022-08-05 00:09:30.867,192
4,2399.0,2022-08-05 00:09:30.680,192
4,2398.0,2022-08-05 00:09:30.493,192
4,2397.0,2022-08-05 00:09:30.307,192
4,2396.0,2022-08-05 00:09:30.123,192
4,2395.0,2022-08-05 00:09:29.940,192
4,2394.0,2022-08-05 00:09:29.753,192
4,2393.0,2022-08-05 00:09:29.570,192
4,2392.0,2022-08-05 00:09:29.387,192
4,2391.0,2022-08-05 00:09:29.203,192
4,2390.0,2022-08-05 00:09:29.017,192
4,2389.0,2022-08-05 00:09:28.833,192
4,2388.0,2022-08-05 00:09:28.643,192
4,2387.0,2022-08-05 00:09:28.457,192
4,2386.0,2022-08-05 00:09:28.273,192
4,2385.0,2022-08-05 00:09:28.087,192
4,2384.0,2022-08-05 00:09:27.903,192
4,2383.0,2022-08-05 00:09:27.720,192
4,2382.0,2022-08-05 00:09:27.537,192
4,2381.0,2022-08-05 00:09:27.350,192
4,2380.0,2022-08-05 00:09:27.167,192
4,2379.0,2022-08-05 00:09:26.980,192
4,2378.0,2022-08-05 00:09:26.797,192
4,2377.0,2022-08-05 00:09:26.607,192
4,2376.0,2022-08-05 00:09:26.420,192
4,2375.0,2022-08-05 00:09:26.233,192
4,2374.0,2022-08-05 00:09:26.050,192
4,2373.0,2022-08-05 00:09:25.863,192
4,2372.0,2022-08-05 00:09:25.680,192
4,2371.0,2022-08-05 00:09:25.493,192
4,2370.0,2022-08-05 00:09:25.307,192
4,2369.0,2022-08-05 00:09:25.127,192
4,2368.0,2022-08-05 00:09:24.933,192
4,2367.0,2022-08-05 00:09:24.743,192
4,2366.0,2022-08-05 00:09:24.557,192
4,2365.0,2022-08-05 00:09:24.370,192
4,2364.0,2022-08-05 00:09:24.187,192
4,2363.0,2022-08-05 00:09:24.000,192
4,2362.0,2022-08-05 00:09:23.813,192
4,2361.0,2022-08-05 00:09:23.627,192
4,2360.0,2022-08-05 00:09:23.440,192
4,2359.0,2022-08-05 00:09:23.257,192
4,2358.0,2022-08-05 00:09:23.070,192
4,2357.0,2022-08-05 00:09:22.880,192
4,2356.0,2022-08-05 00:09:22.693,192
4,2355.0,2022-08-05 00:09:22.507,192
4,2354.0,2022-08-05 00:09:22.323,192
4,2353.0,2022-08-05 00:09:22.137,192
4,2352.0,2022-08-05 00:09:21.953,192
4,2351.0,2022-08-05 00:09:21.767,192
4,2350.0,2022-08-05 00:09:21.583,192
4,2349.0,2022-08-05 00:09:21.397,192
4,2348.0,2022-08-05 00:09:21.210,192
4,2347.0,2022-08-05 00:09:21.023,192
4,2346.0,2022-08-05 00:09:20.840,192
4,2345.0,2022-08-05 00:09:20.657,192
4,2344.0,2022-08-05 00:09:20.470,192
4,2343.0,2022-08-05 00:09:20.287,192
4,2342.0,2022-08-05 00:09:20.103,192
4,2341.0,2022-08-05 00:09:19.917,192
4,2340.0,2022-08-05 00:09:19.733,192
4,2339.0,2022-08-05 00:09:19.550,192
4,2338.0,2022-08-05 00:09:19.360,192
4,2337.0,2022-08-05 00:09:19.173,192
4,2336.0,2022-08-05 00:09:18.990,192
4,2335.0,2022-08-05 00:09:18.807,192
4,2334.0,2022-08-05 00:09:18.620,192
4,2333.0,2022-08-05 00:09:18.437,192
4,2332.0,2022-08-05 00:09:18.253,192
4,2331.0,2022-08-05 00:09:18.070,192
4,2330.0,2022-08-05 00:09:17.883,192
4,2329.0,2022-08-05 00:09:17.700,192
4,2328.0,2022-08-05 00:09:17.513,192
4,2327.0,2022-08-05 00:09:17.327,192
4,2326.0,2022-08-05 00:09:17.143,192
4,2325.0,2022-08-05 00:09:16.957,192
4,2324.0,2022-08-05 00:09:16.770,192
4,2323.0,2022-08-05 00:09:16.587,192
4,2322.0,2022-08-05 00:09:16.403,192
4,2321.0,2022-08-05 00:09:16.217,192
4,2320.0,2022-08-05 00:09:16.030,192
4,2319.0,2022-08-05 00:09:15.847,192
4,2318.0,2022-08-05 00:09:15.663,192
4,2317.0,2022-08-05 00:09:15.477,192
4,2316.0,2022-08-05 00:09:15.290,192
4,2315.0,2022-08-05 00:09:15.107,192
4,2314.0,2022-08-05 00:09:14.920,192
4,2313.0,2022-08-05 00:09:14.733,192
4,2312.0,2022-08-05 00:09:14.550,192
4,2311.0,2022-08-05 00:09:14.363,192
4,2310.0,2022-08-05 00:09:14.180,192
4,2309.0,2022-08-05 00:09:13.993,192
4,2308.0,2022-08-05 00:09:13.810,192
4,2307.0,2022-08-05 00:09:13.623,192
4,2306.0,2022-08-05 00:09:13.437,192
4,2305.0,2022-08-05 00:09:13.253,192
4,2304.0,2022-08-05 00:09:13.067,192
4,2303.0,2022-08-05 00:09:12.883,192
4,2302.0,2022-08-05 00:09:12.697,192
4,2301.0,2022-08-05 00:09:12.513,192
4,2300.0,2022-08-05 00:09:12.327,192
4,2299.0,2022-08-05 00:09:12.143,192
4,2298.0,2022-08-05 00:09:11.960,192
4,2297.0,2022-08-05 00:09:11.773,192
4,2296.0,2022-08-05 00:09:11.587,192
4,2295.0,2022-08-05 00:09:11.397,192
4,2294.0,2022-08-05 00:09:11.210,192
4,2293.0,2022-08-05 00:09:11.027,192
4,2292.0,2022-08-05 00:09:10.837,192
4,2291.0,2022-08-05 00:09:10.650,192
4,2290.0,2022-08-05 00:09:10.463,192
4,2289.0,2022-08-05 00:09:10.277,192
4,2288.0,2022-08-05 00:09:10.090,192
4,2287.0,2022-08-05 00:09:09.903,192
4,2286.0,2022-08-05 00:09:09.717,192
4,2285.0,2022-08-05 00:09:09.533,192
4,2284.0,2022-08-05 00:09:09.350,192
4,2283.0,2022-08-05 00:09:09.163,192
4,2282.0,2022-08-05 00:09:08.977,192
4,2281.0,2022-08-05 00:09:08.793,192
4,2280.0,2022-08-05 00:09:08.607,192
4,2279.0,2022-08-05 00:09:08.417,192
4,2278.0,2022-08-05 00:09:08.230,192
4,2277.0,2022-08-05 00:09:08.043,192
4,2276.0,2022-08-05 00:09:07.860,192
4,2275.0,2022-08-05 00:09:07.677,192
4,2274.0,2022-08-05 00:09:07.490,192
4,2273.0,2022-08-05 00:09:07.303,192
4,2272.0,2022-08-05 00:09:07.120,192
4,2271.0,2022-08-05 00:09:06.933,192
4,2270.0,2022-08-05 00:09:06.750,192
4,2269.0,2022-08-05 00:09:06.563,192
4,2268.0,2022-08-05 00:09:06.380,192
4,2267.0,2022-08-05 00:09:06.190,192
4,2266.0,2022-08-05 00:09:06.007,192
4,2265.0,2022-08-05 00:09:05.820,192
4,2264.0,2022-08-05 00:09:05.633,192
4,2263.0,2022-08-05 00:09:05.447,192
4,2262.0,2022-08-05 00:09:05.260,192
4,2261.0,2022-08-05 00:09:05.073,192
4,2260.0,2022-08-05 00:09:04.890,192
4,2259.0,2022-08-05 00:09:04.703,192
4,2258.0,2022-08-05 00:09:04.520,192
4,2257.0,2022-08-05 00:09:04.330,192
4,2256.0,2022-08-05 00:09:04.147,192
4,2255.0,2022-08-05 00:09:03.963,192
4,2254.0,2022-08-05 00:09:03.777,192
4,2253.0,2022-08-05 00:09:03.593,192
4,2252.0,2022-08-05 00:09:03.407,192
4,2251.0,2022-08-05 00:09:03.220,192
4,2250.0,2022-08-05 00:09:03.033,192
4,2249.0,2022-08-05 00:09:02.847,192
4,2248.0,2022-08-05 00:09:02.660,192
4,2247.0,2022-08-05 00:09:02.477,192
4,2246.0,2022-08-05 00:09:02.290,192
4,2245.0,2022-08-05 00:09:02.107,192
4,2244.0,2022-08-05 00:09:01.920,192
4,2243.0,2022-08-05 00:09:01.737,192
4,2242.0,2022-08-05 00:09:01.553,192
4,2241.0,2022-08-05 00:09:01.370,192
4,2240.0,2022-08-05 00:09:01.180,192
4,2239.0,2022-08-05 00:09:00.993,192
4,2238.0,2022-08-05 00:09:00.803,192
4,2237.0,2022-08-05 00:09:00.620,192
4,2236.0,2022-08-05 00:09:00.437,192
4,2235.0,2022-08-05 00:09:00.247,192
4,2234.0,2022-08-05 00:09:00.060,192
4,2233.0,2022-08-05 00:08:59.873,192
4,2232.0,2022-08-05 00:08:59.687,192
4,2231.0,2022-08-05 00:08:59.500,192
4,2230.0,2022-08-05 00:08:59.310,192
4,2229.0,2022-08-05 00:08:59.123,192
4,2228.0,2022-08-05 00:08:58.940,192
4,2227.0,2022-08-05 00:08:58.753,192
4,2226.0,2022-08-05 00:08:58.563,192
4,2225.0,2022-08-05 00:08:58.380,192
4,2224.0,2022-08-05 00:08:58.193,192
4,2223.0,2022-08-05 00:08:58.007,192
4,2222.0,2022-08-05 00:08:57.820,192
4,2221.0,2022-08-05 00:08:57.633,192
4,2220.0,2022-08-05 00:08:57.447,192
4,2219.0,2022-08-05 00:08:57.260,192
4,2218.0,2022-08-05 00:08:57.073,192
4,2217.0,2022-08-05 00:08:56.890,192
4,2216.0,2022-08-05 00:08:56.707,192
4,2215.0,2022-08-05 00:08:56.520,192
4,2214.0,2022-08-05 00:08:56.333,192
4,2213.0,2022-08-05 00:08:56.150,192
4,2212.0,2022-08-05 00:08:55.963,192
4,2211.0,2022-08-05 00:08:55.773,192
4,2210.0,2022-08-05 00:08:55.587,192
4,2209.0,2022-08-05 00:08:55.403,192
4,2208.0,2022-08-05 00:08:55.217,192
4,2207.0,2022-08-05 00:08:55.030,192
4,2206.0,2022-08-05 00:08:54.847,192
4,2205.0,2022-08-05 00:08:54.663,192
4,2204.0,2022-08-05 00:08:54.477,192
4,2203.0,2022-08-05 00:08:54.290,192
4,2202.0,2022-08-05 00:08:54.103,192
4,2201.0,2022-08-05 00:08:53.917,192
4,2200.0,2022-08-05 00:08:53.730,192
4,2199.0,2022-08-05 00:08:53.543,192
4,2198.0,2022-08-05 00:08:53.357,192
4,2197.0,2022-08-05 00:08:53.173,192
4,2196.0,2022-08-05 00:08:52.990,192
4,2195.0,2022-08-05 00:08:52.807,192
4,2194.0,2022-08-05 00:08:52.623,192
4,2193.0,2022-08-05 00:08:52.440,192
4,2192.0,2022-08-05 00:08:52.253,192
4,2191.0,2022-08-05 00:08:52.067,192
4,2190.0,2022-08-05 00:08:51.877,192
4,2189.0,2022-08-05 00:08:51.693,192
4,2188.0,2022-08-05 00:08:51.507,192
4,2187.0,2022-08-05 00:08:51.323,192
4,2186.0,2022-08-05 00:08:51.137,192
4,2185.0,2022-08-05 00:08:50.950,192
4,2184.0,2022-08-05 00:08:50.767,192
4,2183.0,2022-08-05 00:08:50.580,192
4,2182.0,2022-08-05 00:08:50.393,192
4,2181.0,2022-08-05 00:08:50.210,192
4,2180.0,2022-08-05 00:08:50.027,192
4,2179.0,2022-08-05 00:08:49.840,192
4,2178.0,2022-08-05 00:08:49.653,192
4,2177.0,2022-08-05 00:08:49.470,192
4,2176.0,2022-08-05 00:08:49.287,192
4,2175.0,2022-08-05 00:08:49.100,192
4,2174.0,2022-08-05 00:08:48.917,192
4,2173.0,2022-08-05 00:08:48.733,192
4,2172.0,2022-08-05 00:08:48.547,192
4,2171.0,2022-08-05 00:08:48.360,192
4,2170.0,2022-08-05 00:08:48.177,192
4,2169.0,2022-08-05 00:08:47.990,192
4,2168.0,2022-08-05 00:08:47.803,192
4,2167.0,2022-08-05 00:08:47.620,192
4,2166.0,2022-08-05 00:08:47.433,192
4,2165.0,2022-08-05 00:08:47.250,192
4,2164.0,2022-08-05 00:08:47.067,192
4,2163.0,2022-08-05 00:08:46.880,192
4,2162.0,2022-08-05 00:08:46.697,192
4,2161.0,2022-08-05 00:08:46.513,192
4,2160.0,2022-08-05 00:08:46.327,192
4,2159.0,2022-08-05 00:08:46.143,192
4,2158.0,2022-08-05 00:08:45.957,192
4,2157.0,2022-08-05 00:08:45.773,192
4,2156.0,2022-08-05 00:08:45.587,192
4,2155.0,2022-08-05 00:08:45.403,192
4,2154.0,2022-08-05 00:08:45.220,192
4,2153.0,2022-08-05 00:08:45.033,192
4,2152.0,2022-08-05 00:08:44.850,192
4,2151.0,2022-08-05 00:08:44.667,192
4,2150.0,2022-08-05 00:08:44.483,192
4,2149.0,2022-08-05 00:08:44.297,192
4,2148.0,2022-08-05 00:08:44.113,192
4,2147.0,2022-08-05 00:08:43.927,192
4,2146.0,2022-08-05 00:08:43.743,192
4,2145.0,2022-08-05 00:08:43.557,192
4,2144.0,2022-08-05 00:08:43.370,192
4,2143.0,2022-08-05 00:08:43.183,192
4,2142.0,2022-08-05 00:08:43.000,192
4,2141.0,2022-08-05 00:08:42.817,192
4,2140.0,2022-08-05 00:08:42.633,192
4,2139.0,2022-08-05 00:08:42.447,192
4,2138.0,2022-08-05 00:08:42.263,192
4,2137.0,2022-08-05 00:08:42.077,192
4,2136.0,2022-08-05 00:08:41.893,192
4,2135.0,2022-08-05 00:08:41.710,192
4,2134.0,2022-08-05 00:08:41.523,192
4,2133.0,2022-08-05 00:08:41.337,192
4,2132.0,2022-08-05 00:08:41.153,192
4,2131.0,2022-08-05 00:08:40.970,192
4,2130.0,2022-08-05 00:08:40.783,192
4,2129.0,2022-08-05 00:08:40.600,192
4,2128.0,2022-08-05 00:08:40.417,192
4,2127.0,2022-08-05 00:08:40.233,192
4,2126.0,2022-08-05 00:08:40.047,192
4,2125.0,2022-08-05 00:08:39.860,192
4,2124.0,2022-08-05 00:08:39.673,192
4,2123.0,2022-08-05 00:08:39.483,192
4,2122.0,2022-08-05 00:08:39.300,192
4,2121.0,2022-08-05 00:08:39.117,192
4,2120.0,2022-08-05 00:08:38.930,192
4,2119.0,2022-08-05 00:08:38.743,192
4,2118.0,2022-08-05 00:08:38.563,192
4,2117.0,2022-08-05 00:08:38.377,192
4,2116.0,2022-08-05 00:08:38.193,192
4,2115.0,2022-08-05 00:08:38.003,192
4,2114.0,2022-08-05 00:08:37.820,192
4,2113.0,2022-08-05 00:08:37.637,192
4,2112.0,2022-08-05 00:08:37.447,192
4,2111.0,2022-08-05 00:08:37.260,192
4,2110.0,2022-08-05 00:08:37.073,192
4,2109.0,2022-08-05 00:08:36.887,192
4,2108.0,2022-08-05 00:08:36.703,192
4,2107.0,2022-08-05 00:08:36.513,192
4,2106.0,2022-08-05 00:08:36.313,192
4,2105.0,2022-08-05 00:08:36.130,192
4,2104.0,2022-08-05 00:08:35.943,192
4,2103.0,2022-08-05 00:08:35.757,192
4,2102.0,2022-08-05 00:08:35.570,192
4,2101.0,2022-08-05 00:08:35.387,192
4,2100.0,2022-08-05 00:08:35.200,192
4,2099.0,2022-08-05 00:08:35.013,192
4,2098.0,2022-08-05 00:08:34.827,192
4,2097.0,2022-08-05 00:08:34.643,192
4,2096.0,2022-08-05 00:08:34.460,192
4,2095.0,2022-08-05 00:08:34.277,192
4,2094.0,2022-08-05 00:08:34.090,192
4,2093.0,2022-08-05 00:08:33.907,192
4,2092.0,2022-08-05 00:08:33.723,192
4,2091.0,2022-08-05 00:08:33.537,192
4,2090.0,2022-08-05 00:08:33.353,192
4,2089.0,2022-08-05 00:08:33.170,192
4,2088.0,2022-08-05 00:08:32.983,192
4,2087.0,2022-08-05 00:08:32.797,192
4,2086.0,2022-08-05 00:08:32.613,192
4,2085.0,2022-08-05 00:08:32.430,192
4,2084.0,2022-08-05 00:08:32.243,192
4,2083.0,2022-08-05 00:08:32.057,192
4,2082.0,2022-08-05 00:08:31.870,192
4,2081.0,2022-08-05 00:08:31.687,192
4,2080.0,2022-08-05 00:08:31.500,192
4,2079.0,2022-08-05 00:08:31.317,192
4,2078.0,2022-08-05 00:08:31.133,192
4,2077.0,2022-08-05 00:08:30.947,192
4,2076.0,2022-08-05 00:08:30.763,192
4,2075.0,2022-08-05 00:08:30.573,192
4,2074.0,2022-08-05 00:08:30.390,192
4,2073.0,2022-08-05 00:08:30.203,192
4,2072.0,2022-08-05 00:08:30.017,192
4,2071.0,2022-08-05 00:08:29.830,192
4,2070.0,2022-08-05 00:08:29.647,192
4,2069.0,2022-08-05 00:08:29.460,192
4,2068.0,2022-08-05 00:08:29.277,192
4,2067.0,2022-08-05 00:08:29.090,192
4,2066.0,2022-08-05 00:08:28.907,192
4,2065.0,2022-08-05 00:08:28.720,192
4,2064.0,2022-08-05 00:08:28.537,192
4,2063.0,2022-08-05 00:08:28.353,192
4,2062.0,2022-08-05 00:08:28.167,192
4,2061.0,2022-08-05 00:08:27.983,192
4,2060.0,2022-08-05 00:08:27.797,192
4,2059.0,2022-08-05 00:08:27.610,192
4,2058.0,2022-08-05 00:08:27.423,192
4,2057.0,2022-08-05 00:08:27.240,192
4,2056.0,2022-08-05 00:08:27.053,192
4,2055.0,2022-08-05 00:08:26.870,192
4,2054.0,2022-08-05 00:08:26.687,192
4,2053.0,2022-08-05 00:08:26.500,192
4,2052.0,2022-08-05 00:08:26.317,192
4,2051.0,2022-08-05 00:08:26.130,192
4,2050.0,2022-08-05 00:08:25.943,192
4,2049.0,2022-08-05 00:08:25.757,192
4,2048.0,2022-08-05 00:08:25.573,192
4,2047.0,2022-08-05 00:08:25.387,192
4,2046.0,2022-08-05 00:08:25.200,192
4,2045.0,2022-08-05 00:08:25.013,192
4,2044.0,2022-08-05 00:08:24.830,192
4,2043.0,2022-08-05 00:08:24.643,192
4,2042.0,2022-08-05 00:08:24.460,192
4,2041.0,2022-08-05 00:08:24.277,192
4,2040.0,2022-08-05 00:08:24.090,192
4,2039.0,2022-08-05 00:08:23.907,192
4,2038.0,2022-08-05 00:08:23.720,192
4,2037.0,2022-08-05 00:08:23.537,192
4,2036.0,2022-08-05 00:08:23.353,192
4,2035.0,2022-08-05 00:08:23.170,192
4,2034.0,2022-08-05 00:08:22.987,192
4,2033.0,2022-08-05 00:08:22.800,192
4,2032.0,2022-08-05 00:08:22.617,192
4,2031.0,2022-08-05 00:08:22.430,192
4,2030.0,2022-08-05 00:08:22.247,192
4,2029.0,2022-08-05 00:08:22.063,192
4,2028.0,2022-08-05 00:08:21.880,192
4,2027.0,2022-08-05 00:08:21.693,192
4,2026.0,2022-08-05 00:08:21.510,192
4,2025.0,2022-08-05 00:08:21.327,192
4,2024.0,2022-08-05 00:08:21.140,192
4,2023.0,2022-08-05 00:08:20.957,192
4,2022.0,2022-08-05 00:08:20.770,192
4,2021.0,2022-08-05 00:08:20.583,192
4,2020.0,2022-08-05 00:08:20.397,192
4,2019.0,2022-08-05 00:08:20.213,192
4,2018.0,2022-08-05 00:08:20.027,192
4,2017.0,2022-08-05 00:08:19.840,192
4,2016.0,2022-08-05 00:08:19.653,192
4,2015.0,2022-08-05 00:08:19.470,192
4,2014.0,2022-08-05 00:08:19.283,192
4,2013.0,2022-08-05 00:08:19.097,192
4,2012.0,2022-08-05 00:08:18.910,192
4,2011.0,2022-08-05 00:08:18.723,192
4,2010.0,2022-08-05 00:08:18.540,192
4,2009.0,2022-08-05 00:08:18.357,192
4,2008.0,2022-08-05 00:08:18.170,192
4,2007.0,2022-08-05 00:08:17.987,192
4,2006.0,2022-08-05 00:08:17.800,192
4,2005.0,2022-08-05 00:08:17.617,192
4,2004.0,2022-08-05 00:08:17.430,192
4,2003.0,2022-08-05 00:08:17.243,192
4,2002.0,2022-08-05 00:08:17.060,192
4,2001.0,2022-08-05 00:08:16.873,192
4,2000.0,2022-08-05 00:08:16.683,192
4,1999.0,2022-08-05 00:08:16.503,192
4,1998.0,2022-08-05 00:08:16.313,192
4,1997.0,2022-08-05 00:08:16.127,192
4,1996.0,2022-08-05 00:08:15.943,192
4,1995.0,2022-08-05 00:08:15.753,192
4,1994.0,2022-08-05 00:08:15.570,192
4,1993.0,2022-08-05 00:08:15.383,192
4,1992.0,2022-08-05 00:08:15.193,192
4,1991.0,2022-08-05 00:08:15.007,192
4,1990.0,2022-08-05 00:08:14.820,192
4,1989.0,2022-08-05 00:08:14.637,192
4,1988.0,2022-08-05 00:08:14.447,192
4,1987.0,2022-08-05 00:08:14.263,192
4,1986.0,2022-08-05 00:08:14.077,192
4,1985.0,2022-08-05 00:08:13.893,192
4,1984.0,2022-08-05 00:08:13.710,192
4,1983.0,2022-08-05 00:08:13.527,192
4,1982.0,2022-08-05 00:08:13.340,192
4,1981.0,2022-08-05 00:08:13.157,192
4,1980.0,2022-08-05 00:08:12.973,192
4,1979.0,2022-08-05 00:08:12.790,192
4,1978.0,2022-08-05 00:08:12.603,192
4,1977.0,2022-08-05 00:08:12.417,192
4,1976.0,2022-08-05 00:08:12.233,192
4,1975.0,2022-08-05 00:08:12.047,192
4,1974.0,2022-08-05 00:08:11.863,192
4,1973.0,2022-08-05 00:08:11.680,192
4,1972.0,2022-08-05 00:08:11.493,192
4,1971.0,2022-08-05 00:08:11.303,192
4,1970.0,2022-08-05 00:08:11.120,192
4,1969.0,2022-08-05 00:08:10.937,192
4,1968.0,2022-08-05 00:08:10.750,192
4,1967.0,2022-08-05 00:08:10.563,192
4,1966.0,2022-08-05 00:08:10.380,192
4,1965.0,2022-08-05 00:08:10.193,192
4,1964.0,2022-08-05 00:08:10.007,192
4,1963.0,2022-08-05 00:08:09.820,192
4,1962.0,2022-08-05 00:08:09.637,192
4,1961.0,2022-08-05 00:08:09.453,192
4,1960.0,2022-08-05 00:08:09.263,192
4,1959.0,2022-08-05 00:08:09.080,192
4,1958.0,2022-08-05 00:08:08.897,192
4,1957.0,2022-08-05 00:08:08.710,192
4,1956.0,2022-08-05 00:08:08.527,192
4,1955.0,2022-08-05 00:08:08.343,192
4,1954.0,2022-08-05 00:08:08.157,192
4,1953.0,2022-08-05 00:08:07.970,192
4,1952.0,2022-08-05 00:08:07.787,192
4,1951.0,2022-08-05 00:08:07.600,192
4,1950.0,2022-08-05 00:08:07.417,192
4,1949.0,2022-08-05 00:08:07.230,192
4,1948.0,2022-08-05 00:08:07.043,192
4,1947.0,2022-08-05 00:08:06.860,192
4,1946.0,2022-08-05 00:08:06.673,192
4,1945.0,2022-08-05 00:08:06.487,192
4,1944.0,2022-08-05 00:08:06.300,192
4,1943.0,2022-08-05 00:08:06.117,192
4,1942.0,2022-08-05 00:08:05.930,192
4,1941.0,2022-08-05 00:08:05.743,192
4,1940.0,2022-08-05 00:08:05.557,192
4,1939.0,2022-08-05 00:08:05.370,192
4,1938.0,2022-08-05 00:08:05.183,192
4,1937.0,2022-08-05 00:08:04.997,192
4,1936.0,2022-08-05 00:08:04.813,192
4,1935.0,2022-08-05 00:08:04.627,192
4,1934.0,2022-08-05 00:08:04.443,192
4,1933.0,2022-08-05 00:08:04.260,192
4,1932.0,2022-08-05 00:08:04.073,192
4,1931.0,2022-08-05 00:08:03.890,192
4,1930.0,2022-08-05 00:08:03.707,192
4,1929.0,2022-08-05 00:08:03.520,192
4,1928.0,2022-08-05 00:08:03.333,192
4,1927.0,2022-08-05 00:08:03.150,192
4,1926.0,2022-08-05 00:08:02.967,192
4,1925.0,2022-08-05 00:08:02.783,192
4,1924.0,2022-08-05 00:08:02.597,192
4,1923.0,2022-08-05 00:08:02.410,192
4,1922.0,2022-08-05 00:08:02.227,192
4,1921.0,2022-08-05 00:08:02.040,192
4,1920.0,2022-08-05 00:08:01.853,192
4,1919.0,2022-08-05 00:08:01.667,192
4,1918.0,2022-08-05 00:08:01.480,192
4,1917.0,2022-08-05 00:08:01.297,192
4,1916.0,2022-08-05 00:08:01.110,192
4,1915.0,2022-08-05 00:08:00.927,192
4,1914.0,2022-08-05 00:08:00.740,192
4,1913.0,2022-08-05 00:08:00.557,192
4,1912.0,2022-08-05 00:08:00.370,192
4,1911.0,2022-08-05 00:08:00.183,192
4,1910.0,2022-08-05 00:08:00.000,192
4,1909.0,2022-08-05 00:07:59.813,192
4,1908.0,2022-08-05 00:07:59.630,192
4,1907.0,2022-08-05 00:07:59.443,192
4,1906.0,2022-08-05 00:07:59.260,192
4,1905.0,2022-08-05 00:07:59.077,192
4,1904.0,2022-08-05 00:07:58.890,192
4,1903.0,2022-08-05 00:07:58.707,192
4,1902.0,2022-08-05 00:07:58.520,192
4,1901.0,2022-08-05 00:07:58.337,192
4,1900.0,2022-08-05 00:07:58.150,192
4,1899.0,2022-08-05 00:07:57.967,192
4,1898.0,2022-08-05 00:07:57.783,192
4,1897.0,2022-08-05 00:07:57.600,192
4,1896.0,2022-08-05 00:07:57.413,192
4,1895.0,2022-08-05 00:07:57.230,192
4,1894.0,2022-08-05 00:07:57.043,192
4,1893.0,2022-08-05 00:07:56.860,192
4,1892.0,2022-08-05 00:07:56.673,192
4,1891.0,2022-08-05 00:07:56.490,192
4,1890.0,2022-08-05 00:07:56.300,192
4,1889.0,2022-08-05 00:07:56.117,192
4,1888.0,2022-08-05 00:07:55.930,192
4,1887.0,2022-08-05 00:07:55.747,192
4,1886.0,2022-08-05 00:07:55.563,192
4,1885.0,2022-08-05 00:07:55.377,192
4,1884.0,2022-08-05 00:07:55.190,192
4,1883.0,2022-08-05 00:07:55.000,192
4,1882.0,2022-08-05 00:07:54.817,192
4,1881.0,2022-08-05 00:07:54.630,192
4,1880.0,2022-08-05 00:07:54.443,192
4,1879.0,2022-08-05 00:07:54.260,192
4,1878.0,2022-08-05 00:07:54.073,192
4,1877.0,2022-08-05 00:07:53.887,192
4,1876.0,2022-08-05 00:07:53.703,192
4,1875.0,2022-08-05 00:07:53.517,192
4,1874.0,2022-08-05 00:07:53.337,192
4,1873.0,2022-08-05 00:07:53.150,192
4,1872.0,2022-08-05 00:07:52.963,192
4,1871.0,2022-08-05 00:07:52.780,192
4,1870.0,2022-08-05 00:07:52.593,192
4,1869.0,2022-08-05 00:07:52.410,192
4,1868.0,2022-08-05 00:07:52.223,192
4,1867.0,2022-08-05 00:07:52.037,192
4,1866.0,2022-08-05 00:07:51.850,192
4,1865.0,2022-08-05 00:07:51.667,192
4,1864.0,2022-08-05 00:07:51.480,192
4,1863.0,2022-08-05 00:07:51.297,192
4,1862.0,2022-08-05 00:07:51.110,192
4,1861.0,2022-08-05 00:07:50.923,192
4,1860.0,2022-08-05 00:07:50.740,192
4,1859.0,2022-08-05 00:07:50.547,192
4,1858.0,2022-08-05 00:07:50.353,192
4,1857.0,2022-08-05 00:07:50.167,192
4,1856.0,2022-08-05 00:07:49.987,192
4,1855.0,2022-08-05 00:07:49.800,192
4,1854.0,2022-08-05 00:07:49.617,192
4,1853.0,2022-08-05 00:07:49.430,192
4,1852.0,2022-08-05 00:07:49.250,192
4,1851.0,2022-08-05 00:07:49.067,192
4,1850.0,2022-08-05 00:07:48.880,192
4,1849.0,2022-08-05 00:07:48.693,192
4,1848.0,2022-08-05 00:07:48.513,192
4,1847.0,2022-08-05 00:07:48.330,192
4,1846.0,2022-08-05 00:07:48.143,192
4,1845.0,2022-08-05 00:07:47.957,192
4,1844.0,2022-08-05 00:07:47.773,192
4,1843.0,2022-08-05 00:07:47.590,192
4,1842.0,2022-08-05 00:07:47.407,192
4,1841.0,2022-08-05 00:07:47.223,192
4,1840.0,2022-08-05 00:07:47.033,192
4,1839.0,2022-08-05 00:07:46.850,192
4,1838.0,2022-08-05 00:07:46.667,192
4,1837.0,2022-08-05 00:07:46.483,192
4,1836.0,2022-08-05 00:07:46.297,192
4,1835.0,2022-08-05 00:07:46.110,192
4,1834.0,2022-08-05 00:07:45.927,192
4,1833.0,2022-08-05 00:07:45.743,192
4,1832.0,2022-08-05 00:07:45.560,192
4,1831.0,2022-08-05 00:07:45.373,192
4,1830.0,2022-08-05 00:07:45.190,192
4,1829.0,2022-08-05 00:07:45.003,192
4,1828.0,2022-08-05 00:07:44.820,192
4,1827.0,2022-08-05 00:07:44.633,192
4,1826.0,2022-08-05 00:07:44.450,192
4,1825.0,2022-08-05 00:07:44.267,192
4,1824.0,2022-08-05 00:07:44.083,192
4,1823.0,2022-08-05 00:07:43.897,192
4,1822.0,2022-08-05 00:07:43.713,192
4,1821.0,2022-08-05 00:07:43.527,192
4,1820.0,2022-08-05 00:07:43.343,192
4,1819.0,2022-08-05 00:07:43.160,192
4,1818.0,2022-08-05 00:07:42.973,192
4,1817.0,2022-08-05 00:07:42.787,192
4,1816.0,2022-08-05 00:07:42.600,192
4,1815.0,2022-08-05 00:07:42.417,192
4,1814.0,2022-08-05 00:07:42.230,192
4,1813.0,2022-08-05 00:07:42.043,192
4,1812.0,2022-08-05 00:07:41.857,192
4,1811.0,2022-08-05 00:07:41.677,192
4,1810.0,2022-08-05 00:07:41.490,192
4,1809.0,2022-08-05 00:07:41.307,192
4,1808.0,2022-08-05 00:07:41.120,192
4,1807.0,2022-08-05 00:07:40.933,192
4,1806.0,2022-08-05 00:07:40.750,192
4,1805.0,2022-08-05 00:07:40.567,192
4,1804.0,2022-08-05 00:07:40.380,192
4,1803.0,2022-08-05 00:07:40.197,192
4,1802.0,2022-08-05 00:07:40.013,192
4,1801.0,2022-08-05 00:07:39.827,192
4,1800.0,2022-08-05 00:07:39.643,192
4,1799.0,2022-08-05 00:07:39.460,192
4,1798.0,2022-08-05 00:07:39.273,192
4,1797.0,2022-08-05 00:07:39.087,192
4,1796.0,2022-08-05 00:07:38.903,192
4,1795.0,2022-08-05 00:07:38.717,192
4,1794.0,2022-08-05 00:07:38.533,192
4,1793.0,2022-08-05 00:07:38.350,192
4,1792.0,2022-08-05 00:07:38.167,192
4,1791.0,2022-08-05 00:07:37.983,192
4,1790.0,2022-08-05 00:07:37.797,192
4,1789.0,2022-08-05 00:07:37.613,192
4,1788.0,2022-08-05 00:07:37.430,192
4,1787.0,2022-08-05 00:07:37.243,192
4,1786.0,2022-08-05 00:07:37.060,192
4,1785.0,2022-08-05 00:07:36.873,192
4,1784.0,2022-08-05 00:07:36.690,192
4,1783.0,2022-08-05 00:07:36.507,192
4,1782.0,2022-08-05 00:07:36.320,192
4,1781.0,2022-08-05 00:07:36.137,192
4,1780.0,2022-08-05 00:07:35.953,192
4,1779.0,2022-08-05 00:07:35.767,192
4,1778.0,2022-08-05 00:07:35.583,192
4,1777.0,2022-08-05 00:07:35.397,192
4,1776.0,2022-08-05 00:07:35.213,192
4,1775.0,2022-08-05 00:07:35.027,192
4,1774.0,2022-08-05 00:07:34.840,192
4,1773.0,2022-08-05 00:07:34.657,192
4,1772.0,2022-08-05 00:07:34.473,192
4,1771.0,2022-08-05 00:07:34.290,192
4,1770.0,2022-08-05 00:07:34.107,192
4,1769.0,2022-08-05 00:07:33.920,192
4,1768.0,2022-08-05 00:07:33.737,192
4,1767.0,2022-08-05 00:07:33.553,192
4,1766.0,2022-08-05 00:07:33.367,192
4,1765.0,2022-08-05 00:07:33.180,192
4,1764.0,2022-08-05 00:07:32.997,192
4,1763.0,2022-08-05 00:07:32.813,192
4,1762.0,2022-08-05 00:07:32.630,192
4,1761.0,2022-08-05 00:07:32.447,192
4,1760.0,2022-08-05 00:07:32.260,192
4,1759.0,2022-08-05 00:07:32.077,192
4,1758.0,2022-08-05 00:07:31.893,192
4,1757.0,2022-08-05 00:07:31.707,192
4,1756.0,2022-08-05 00:07:31.523,192
4,1755.0,2022-08-05 00:07:31.340,192
4,1754.0,2022-08-05 00:07:31.157,192
4,1753.0,2022-08-05 00:07:30.973,192
4,1752.0,2022-08-05 00:07:30.787,192
4,1751.0,2022-08-05 00:07:30.600,192
4,1750.0,2022-08-05 00:07:30.417,192
4,1749.0,2022-08-05 00:07:30.230,192
4,1748.0,2022-08-05 00:07:30.047,192
4,1747.0,2022-08-05 00:07:29.863,192
4,1746.0,2022-08-05 00:07:29.677,192
4,1745.0,2022-08-05 00:07:29.493,192
4,1744.0,2022-08-05 00:07:29.307,192
4,1743.0,2022-08-05 00:07:29.127,192
4,1742.0,2022-08-05 00:07:28.940,192
4,1741.0,2022-08-05 00:07:28.760,192
4,1740.0,2022-08-05 00:07:28.573,192
4,1739.0,2022-08-05 00:07:28.390,192
4,1738.0,2022-08-05 00:07:28.203,192
4,1737.0,2022-08-05 00:07:28.020,192
4,1736.0,2022-08-05 00:07:27.837,192
4,1735.0,2022-08-05 00:07:27.650,192
4,1734.0,2022-08-05 00:07:27.467,192
4,1733.0,2022-08-05 00:07:27.280,192
4,1732.0,2022-08-05 00:07:27.097,192
4,1731.0,2022-08-05 00:07:26.910,192
4,1730.0,2022-08-05 00:07:26.727,192
4,1729.0,2022-08-05 00:07:26.543,192
4,1728.0,2022-08-05 00:07:26.360,192
4,1727.0,2022-08-05 00:07:26.177,192
4,1726.0,2022-08-05 00:07:25.993,192
4,1725.0,2022-08-05 00:07:25.810,192
4,1724.0,2022-08-05 00:07:25.627,192
4,1723.0,2022-08-05 00:07:25.440,192
4,1722.0,2022-08-05 00:07:25.257,192
4,1721.0,2022-08-05 00:07:25.070,192
4,1720.0,2022-08-05 00:07:24.883,192
4,1719.0,2022-08-05 00:07:24.700,192
4,1718.0,2022-08-05 00:07:24.517,192
4,1717.0,2022-08-05 00:07:24.333,192
4,1716.0,2022-08-05 00:07:24.147,192
4,1715.0,2022-08-05 00:07:23.960,192
4,1714.0,2022-08-05 00:07:23.777,192
4,1713.0,2022-08-05 00:07:23.593,192
4,1712.0,2022-08-05 00:07:23.410,192
4,1711.0,2022-08-05 00:07:23.223,192
4,1710.0,2022-08-05 00:07:23.040,192
4,1709.0,2022-08-05 00:07:22.857,192
4,1708.0,2022-08-05 00:07:22.670,192
4,1707.0,2022-08-05 00:07:22.487,192
4,1706.0,2022-08-05 00:07:22.300,192
4,1705.0,2022-08-05 00:07:22.117,192
4,1704.0,2022-08-05 00:07:21.930,192
4,1703.0,2022-08-05 00:07:21.747,192
4,1702.0,2022-08-05 00:07:21.560,192
4,1701.0,2022-08-05 00:07:21.377,192
4,1700.0,2022-08-05 00:07:21.190,192
4,1699.0,2022-08-05 00:07:21.007,192
4,1698.0,2022-08-05 00:07:20.823,192
4,1697.0,2022-08-05 00:07:20.643,192
4,1696.0,2022-08-05 00:07:20.440,192
4,1695.0,2022-08-05 00:07:20.253,192
4,1694.0,2022-08-05 00:07:20.067,192
4,1693.0,2022-08-05 00:07:19.883,192
4,1692.0,2022-08-05 00:07:19.700,192
4,1691.0,2022-08-05 00:07:19.513,192
4,1690.0,2022-08-05 00:07:19.330,192
4,1689.0,2022-08-05 00:07:19.147,192
4,1688.0,2022-08-05 00:07:18.963,192
4,1687.0,2022-08-05 00:07:18.777,192
4,1686.0,2022-08-05 00:07:18.597,192
4,1685.0,2022-08-05 00:07:18.410,192
4,1684.0,2022-08-05 00:07:18.227,192
4,1683.0,2022-08-05 00:07:18.043,192
4,1682.0,2022-08-05 00:07:17.857,192
4,1681.0,2022-08-05 00:07:17.673,192
4,1680.0,2022-08-05 00:07:17.490,192
4,1679.0,2022-08-05 00:07:17.307,192
4,1678.0,2022-08-05 00:07:17.123,192
4,1677.0,2022-08-05 00:07:16.937,192
4,1676.0,2022-08-05 00:07:16.753,192
4,1675.0,2022-08-05 00:07:16.570,192
4,1674.0,2022-08-05 00:07:16.383,192
4,1673.0,2022-08-05 00:07:16.197,192
4,1672.0,2022-08-05 00:07:16.010,192
4,1671.0,2022-08-05 00:07:15.827,192
4,1670.0,2022-08-05 00:07:15.640,192
4,1669.0,2022-08-05 00:07:15.453,192
4,1668.0,2022-08-05 00:07:15.270,192
4,1667.0,2022-08-05 00:07:15.087,192
4,1666.0,2022-08-05 00:07:14.900,192
4,1665.0,2022-08-05 00:07:14.717,192
4,1664.0,2022-08-05 00:07:14.533,192
4,1663.0,2022-08-05 00:07:14.347,192
4,1662.0,2022-08-05 00:07:14.160,192
4,1661.0,2022-08-05 00:07:13.977,192
4,1660.0,2022-08-05 00:07:13.790,192
4,1659.0,2022-08-05 00:07:13.607,192
4,1658.0,2022-08-05 00:07:13.420,192
4,1657.0,2022-08-05 00:07:13.233,192
4,1656.0,2022-08-05 00:07:13.050,192
4,1655.0,2022-08-05 00:07:12.867,192
4,1654.0,2022-08-05 00:07:12.680,192
4,1653.0,2022-08-05 00:07:12.493,192
4,1652.0,2022-08-05 00:07:12.307,192
4,1651.0,2022-08-05 00:07:12.123,192
4,1650.0,2022-08-05 00:07:11.937,192
4,1649.0,2022-08-05 00:07:11.753,192
4,1648.0,2022-08-05 00:07:11.567,192
4,1647.0,2022-08-05 00:07:11.380,192
4,1646.0,2022-08-05 00:07:11.197,192
4,1645.0,2022-08-05 00:07:11.010,192
4,1644.0,2022-08-05 00:07:10.823,192
4,1643.0,2022-08-05 00:07:10.637,192
4,1642.0,2022-08-05 00:07:10.450,192
4,1641.0,2022-08-05 00:07:10.267,192
4,1640.0,2022-08-05 00:07:10.077,192
4,1639.0,2022-08-05 00:07:09.890,192
4,1638.0,2022-08-05 00:07:09.703,192
4,1637.0,2022-08-05 00:07:09.517,192
4,1636.0,2022-08-05 00:07:09.333,192
4,1635.0,2022-08-05 00:07:09.147,192
4,1634.0,2022-08-05 00:07:08.960,192
4,1633.0,2022-08-05 00:07:08.777,192
4,1632.0,2022-08-05 00:07:08.593,192
4,1631.0,2022-08-05 00:07:08.410,192
4,1630.0,2022-08-05 00:07:08.223,192
4,1629.0,2022-08-05 00:07:08.040,192
4,1628.0,2022-08-05 00:07:07.853,192
4,1627.0,2022-08-05 00:07:07.670,192
4,1626.0,2022-08-05 00:07:07.487,192
4,1625.0,2022-08-05 00:07:07.307,192
4,1624.0,2022-08-05 00:07:07.120,192
4,1623.0,2022-08-05 00:07:06.927,192
4,1622.0,2022-08-05 00:07:06.737,192
4,1621.0,2022-08-05 00:07:06.553,192
4,1620.0,2022-08-05 00:07:06.367,192
4,1619.0,2022-08-05 00:07:06.183,192
4,1618.0,2022-08-05 00:07:05.980,192
4,1617.0,2022-08-05 00:07:05.797,192
4,1616.0,2022-08-05 00:07:05.613,192
4,1615.0,2022-08-05 00:07:05.427,192
4,1614.0,2022-08-05 00:07:05.240,192
4,1613.0,2022-08-05 00:07:05.053,192
4,1612.0,2022-08-05 00:07:04.867,192
4,1611.0,2022-08-05 00:07:04.687,192
4,1610.0,2022-08-05 00:07:04.500,192
4,1609.0,2022-08-05 00:07:04.317,192
4,1608.0,2022-08-05 00:07:04.130,192
4,1607.0,2022-08-05 00:07:03.947,192
4,1606.0,2022-08-05 00:07:03.760,192
4,1605.0,2022-08-05 00:07:03.577,192
4,1604.0,2022-08-05 00:07:03.393,192
4,1603.0,2022-08-05 00:07:03.203,192
4,1602.0,2022-08-05 00:07:03.020,192
4,1601.0,2022-08-05 00:07:02.833,192
4,1600.0,2022-08-05 00:07:02.637,192
4,1599.0,2022-08-05 00:07:02.453,192
4,1598.0,2022-08-05 00:07:02.270,192
4,1597.0,2022-08-05 00:07:02.087,192
4,1596.0,2022-08-05 00:07:01.903,192
4,1595.0,2022-08-05 00:07:01.720,192
4,1594.0,2022-08-05 00:07:01.533,192
4,1593.0,2022-08-05 00:07:01.347,192
4,1592.0,2022-08-05 00:07:01.163,192
4,1591.0,2022-08-05 00:07:00.980,192
4,1590.0,2022-08-05 00:07:00.793,192
4,1589.0,2022-08-05 00:07:00.607,192
4,1588.0,2022-08-05 00:07:00.423,192
4,1587.0,2022-08-05 00:07:00.237,192
4,1586.0,2022-08-05 00:07:00.053,192
4,1585.0,2022-08-05 00:06:59.870,192
4,1584.0,2022-08-05 00:06:59.683,192
4,1583.0,2022-08-05 00:06:59.497,192
4,1582.0,2022-08-05 00:06:59.310,192
4,1581.0,2022-08-05 00:06:59.123,192
4,1580.0,2022-08-05 00:06:58.943,192
4,1579.0,2022-08-05 00:06:58.753,192
4,1578.0,2022-08-05 00:06:58.567,192
4,1577.0,2022-08-05 00:06:58.380,192
4,1576.0,2022-08-05 00:06:58.197,192
4,1575.0,2022-08-05 00:06:58.007,192
4,1574.0,2022-08-05 00:06:57.820,192
4,1573.0,2022-08-05 00:06:57.637,192
4,1572.0,2022-08-05 00:06:57.450,192
4,1571.0,2022-08-05 00:06:57.263,192
4,1570.0,2022-08-05 00:06:57.077,192
4,1569.0,2022-08-05 00:06:56.890,192
4,1568.0,2022-08-05 00:06:56.707,192
4,1567.0,2022-08-05 00:06:56.523,192
4,1566.0,2022-08-05 00:06:56.337,192
4,1565.0,2022-08-05 00:06:56.153,192
4,1564.0,2022-08-05 00:06:55.970,192
4,1563.0,2022-08-05 00:06:55.783,192
4,1562.0,2022-08-05 00:06:55.600,192
4,1561.0,2022-08-05 00:06:55.413,192
4,1560.0,2022-08-05 00:06:55.230,192
4,1559.0,2022-08-05 00:06:55.040,192
4,1558.0,2022-08-05 00:06:54.857,192
4,1557.0,2022-08-05 00:06:54.670,192
4,1556.0,2022-08-05 00:06:54.483,192
4,1555.0,2022-08-05 00:06:54.300,192
4,1554.0,2022-08-05 00:06:54.113,192
4,1553.0,2022-08-05 00:06:53.930,192
4,1552.0,2022-08-05 00:06:53.747,192
4,1551.0,2022-08-05 00:06:53.560,192
4,1550.0,2022-08-05 00:06:53.377,192
4,1549.0,2022-08-05 00:06:53.190,192
4,1548.0,2022-08-05 00:06:53.010,192
4,1547.0,2022-08-05 00:06:52.827,192
4,1546.0,2022-08-05 00:06:52.643,192
4,1545.0,2022-08-05 00:06:52.457,192
4,1544.0,2022-08-05 00:06:52.270,192
4,1543.0,2022-08-05 00:06:52.087,192
4,1542.0,2022-08-05 00:06:51.903,192
4,1541.0,2022-08-05 00:06:51.720,192
4,1540.0,2022-08-05 00:06:51.533,192
4,1539.0,2022-08-05 00:06:51.343,192
4,1538.0,2022-08-05 00:06:51.160,192
4,1537.0,2022-08-05 00:06:50.977,192
4,1536.0,2022-08-05 00:06:50.790,192
4,1535.0,2022-08-05 00:06:50.600,192
4,1534.0,2022-08-05 00:06:50.413,192
4,1533.0,2022-08-05 00:06:50.227,192
4,1532.0,2022-08-05 00:06:50.043,192
4,1531.0,2022-08-05 00:06:49.860,192
4,1530.0,2022-08-05 00:06:49.673,192
4,1529.0,2022-08-05 00:06:49.487,192
4,1528.0,2022-08-05 00:06:49.300,192
4,1527.0,2022-08-05 00:06:49.113,192
4,1526.0,2022-08-05 00:06:48.930,192
4,1525.0,2022-08-05 00:06:48.747,192
4,1524.0,2022-08-05 00:06:48.560,192
4,1523.0,2022-08-05 00:06:48.377,192
4,1522.0,2022-08-05 00:06:48.190,192
4,1521.0,2022-08-05 00:06:48.007,192
4,1520.0,2022-08-05 00:06:47.823,192
4,1519.0,2022-08-05 00:06:47.637,192
4,1518.0,2022-08-05 00:06:47.457,192
4,1517.0,2022-08-05 00:06:47.270,192
4,1516.0,2022-08-05 00:06:47.087,192
4,1515.0,2022-08-05 00:06:46.903,192
4,1514.0,2022-08-05 00:06:46.720,192
4,1513.0,2022-08-05 00:06:46.537,192
4,1512.0,2022-08-05 00:06:46.350,192
4,1511.0,2022-08-05 00:06:46.163,192
4,1510.0,2022-08-05 00:06:45.980,192
4,1509.0,2022-08-05 00:06:45.797,192
4,1508.0,2022-08-05 00:06:45.610,192
4,1507.0,2022-08-05 00:06:45.427,192
4,1506.0,2022-08-05 00:06:45.243,192
4,1505.0,2022-08-05 00:06:45.060,192
4,1504.0,2022-08-05 00:06:44.873,192
4,1503.0,2022-08-05 00:06:44.687,192
4,1502.0,2022-08-05 00:06:44.500,192
4,1501.0,2022-08-05 00:06:44.313,192
4,1500.0,2022-08-05 00:06:44.130,192
4,1499.0,2022-08-05 00:06:43.943,192
4,1498.0,2022-08-05 00:06:43.757,192
4,1497.0,2022-08-05 00:06:43.573,192
4,1496.0,2022-08-05 00:06:43.387,192
4,1495.0,2022-08-05 00:06:43.200,192
4,1494.0,2022-08-05 00:06:43.013,192
4,1493.0,2022-08-05 00:06:42.827,192
4,1492.0,2022-08-05 00:06:42.643,192
4,1491.0,2022-08-05 00:06:42.460,192
4,1490.0,2022-08-05 00:06:42.273,192
4,1489.0,2022-08-05 00:06:42.090,192
4,1488.0,2022-08-05 00:06:41.903,192
4,1487.0,2022-08-05 00:06:41.720,192
4,1486.0,2022-08-05 00:06:41.537,192
4,1485.0,2022-08-05 00:06:41.350,192
4,1484.0,2022-08-05 00:06:41.163,192
4,1483.0,2022-08-05 00:06:40.980,192
4,1482.0,2022-08-05 00:06:40.790,192
4,1481.0,2022-08-05 00:06:40.603,192
4,1480.0,2022-08-05 00:06:40.417,192
4,1479.0,2022-08-05 00:06:40.233,192
4,1478.0,2022-08-05 00:06:40.050,192
4,1477.0,2022-08-05 00:06:39.867,192
4,1476.0,2022-08-05 00:06:39.680,192
4,1475.0,2022-08-05 00:06:39.497,192
4,1474.0,2022-08-05 00:06:39.310,192
4,1473.0,2022-08-05 00:06:39.123,192
4,1472.0,2022-08-05 00:06:38.940,192
4,1471.0,2022-08-05 00:06:38.757,192
4,1470.0,2022-08-05 00:06:38.570,192
4,1469.0,2022-08-05 00:06:38.387,192
4,1468.0,2022-08-05 00:06:38.200,192
4,1467.0,2022-08-05 00:06:38.013,192
4,1466.0,2022-08-05 00:06:37.830,192
4,1465.0,2022-08-05 00:06:37.643,192
4,1464.0,2022-08-05 00:06:37.457,192
4,1463.0,2022-08-05 00:06:37.270,192
4,1462.0,2022-08-05 00:06:37.083,192
4,1461.0,2022-08-05 00:06:36.900,192
4,1460.0,2022-08-05 00:06:36.710,192
4,1459.0,2022-08-05 00:06:36.527,192
4,1458.0,2022-08-05 00:06:36.340,192
4,1457.0,2022-08-05 00:06:36.157,192
4,1456.0,2022-08-05 00:06:35.970,192
4,1455.0,2022-08-05 00:06:35.787,192
4,1454.0,2022-08-05 00:06:35.603,192
4,1453.0,2022-08-05 00:06:35.417,192
4,1452.0,2022-08-05 00:06:35.233,192
4,1451.0,2022-08-05 00:06:35.050,192
4,1450.0,2022-08-05 00:06:34.867,192
4,1449.0,2022-08-05 00:06:34.683,192
4,1448.0,2022-08-05 00:06:34.497,192
4,1447.0,2022-08-05 00:06:34.313,192
4,1446.0,2022-08-05 00:06:34.127,192
4,1445.0,2022-08-05 00:06:33.940,192
4,1444.0,2022-08-05 00:06:33.740,192
4,1443.0,2022-08-05 00:06:33.553,192
4,1442.0,2022-08-05 00:06:33.367,192
4,1441.0,2022-08-05 00:06:33.180,192
4,1440.0,2022-08-05 00:06:32.993,192
4,1439.0,2022-08-05 00:06:32.810,192
4,1438.0,2022-08-05 00:06:32.623,192
4,1437.0,2022-08-05 00:06:32.440,192
4,1436.0,2022-08-05 00:06:32.257,192
4,1435.0,2022-08-05 00:06:32.073,192
4,1434.0,2022-08-05 00:06:31.887,192
4,1433.0,2022-08-05 00:06:31.703,192
4,1432.0,2022-08-05 00:06:31.517,192
4,1431.0,2022-08-05 00:06:31.333,192
4,1430.0,2022-08-05 00:06:31.147,192
4,1429.0,2022-08-05 00:06:30.963,192
4,1428.0,2022-08-05 00:06:30.777,192
4,1427.0,2022-08-05 00:06:30.590,192
4,1426.0,2022-08-05 00:06:30.400,192
4,1425.0,2022-08-05 00:06:30.213,192
4,1424.0,2022-08-05 00:06:30.030,192
4,1423.0,2022-08-05 00:06:29.843,192
4,1422.0,2022-08-05 00:06:29.657,192
4,1421.0,2022-08-05 00:06:29.470,192
4,1420.0,2022-08-05 00:06:29.287,192
4,1419.0,2022-08-05 00:06:29.100,192
4,1418.0,2022-08-05 00:06:28.917,192
4,1417.0,2022-08-05 00:06:28.730,192
4,1416.0,2022-08-05 00:06:28.540,192
4,1415.0,2022-08-05 00:06:28.357,192
4,1414.0,2022-08-05 00:06:28.167,192
4,1413.0,2022-08-05 00:06:27.983,192
4,1412.0,2022-08-05 00:06:27.800,192
4,1411.0,2022-08-05 00:06:27.617,192
4,1410.0,2022-08-05 00:06:27.430,192
4,1409.0,2022-08-05 00:06:27.243,192
4,1408.0,2022-08-05 00:06:27.053,192
4,1407.0,2022-08-05 00:06:26.870,192
4,1406.0,2022-08-05 00:06:26.687,192
4,1405.0,2022-08-05 00:06:26.497,192
4,1404.0,2022-08-05 00:06:26.313,192
4,1403.0,2022-08-05 00:06:26.127,192
4,1402.0,2022-08-05 00:06:25.937,192
4,1401.0,2022-08-05 00:06:25.753,192
4,1400.0,2022-08-05 00:06:25.570,192
4,1399.0,2022-08-05 00:06:25.383,192
4,1398.0,2022-08-05 00:06:25.200,192
4,1397.0,2022-08-05 00:06:25.013,192
4,1396.0,2022-08-05 00:06:24.830,192
4,1395.0,2022-08-05 00:06:24.643,192
4,1394.0,2022-08-05 00:06:24.457,192
4,1393.0,2022-08-05 00:06:24.273,192
4,1392.0,2022-08-05 00:06:24.087,192
4,1391.0,2022-08-05 00:06:23.900,192
4,1390.0,2022-08-05 00:06:23.717,192
4,1389.0,2022-08-05 00:06:23.527,192
4,1388.0,2022-08-05 00:06:23.343,192
4,1387.0,2022-08-05 00:06:23.160,192
4,1386.0,2022-08-05 00:06:22.973,192
4,1385.0,2022-08-05 00:06:22.787,192
4,1384.0,2022-08-05 00:06:22.603,192
4,1383.0,2022-08-05 00:06:22.417,192
4,1382.0,2022-08-05 00:06:22.233,192
4,1381.0,2022-08-05 00:06:22.047,192
4,1380.0,2022-08-05 00:06:21.867,192
4,1379.0,2022-08-05 00:06:21.683,192
4,1378.0,2022-08-05 00:06:21.497,192
4,1377.0,2022-08-05 00:06:21.310,192
4,1376.0,2022-08-05 00:06:21.127,192
4,1375.0,2022-08-05 00:06:20.943,192
4,1374.0,2022-08-05 00:06:20.757,192
4,1373.0,2022-08-05 00:06:20.573,192
4,1372.0,2022-08-05 00:06:20.390,192
4,1371.0,2022-08-05 00:06:20.203,192
4,1370.0,2022-08-05 00:06:20.017,192
4,1369.0,2022-08-05 00:06:19.833,192
4,1368.0,2022-08-05 00:06:19.650,192
4,1367.0,2022-08-05 00:06:19.463,192
4,1366.0,2022-08-05 00:06:19.280,192
4,1365.0,2022-08-05 00:06:19.097,192
4,1364.0,2022-08-05 00:06:18.897,192
4,1363.0,2022-08-05 00:06:18.710,192
4,1362.0,2022-08-05 00:06:18.523,192
4,1361.0,2022-08-05 00:06:18.333,192
4,1360.0,2022-08-05 00:06:18.147,192
4,1359.0,2022-08-05 00:06:17.960,192
4,1358.0,2022-08-05 00:06:17.777,192
4,1357.0,2022-08-05 00:06:17.593,192
4,1356.0,2022-08-05 00:06:17.407,192
4,1355.0,2022-08-05 00:06:17.223,192
4,1354.0,2022-08-05 00:06:17.037,192
4,1353.0,2022-08-05 00:06:16.853,192
4,1352.0,2022-08-05 00:06:16.670,192
4,1351.0,2022-08-05 00:06:16.480,192
4,1350.0,2022-08-05 00:06:16.297,192
4,1349.0,2022-08-05 00:06:16.113,192
4,1348.0,2022-08-05 00:06:15.927,192
4,1347.0,2022-08-05 00:06:15.740,192
4,1346.0,2022-08-05 00:06:15.557,192
4,1345.0,2022-08-05 00:06:15.373,192
4,1344.0,2022-08-05 00:06:15.187,192
4,1343.0,2022-08-05 00:06:15.003,192
4,1342.0,2022-08-05 00:06:14.817,192
4,1341.0,2022-08-05 00:06:14.630,192
4,1340.0,2022-08-05 00:06:14.447,192
4,1339.0,2022-08-05 00:06:14.260,192
4,1338.0,2022-08-05 00:06:14.077,192
4,1337.0,2022-08-05 00:06:13.890,192
4,1336.0,2022-08-05 00:06:13.707,192
4,1335.0,2022-08-05 00:06:13.523,192
4,1334.0,2022-08-05 00:06:13.337,192
4,1333.0,2022-08-05 00:06:13.150,192
4,1332.0,2022-08-05 00:06:12.963,192
4,1331.0,2022-08-05 00:06:12.780,192
4,1330.0,2022-08-05 00:06:12.597,192
4,1329.0,2022-08-05 00:06:12.410,192
4,1328.0,2022-08-05 00:06:12.227,192
4,1327.0,2022-08-05 00:06:12.043,192
4,1326.0,2022-08-05 00:06:11.860,192
4,1325.0,2022-08-05 00:06:11.673,192
4,1324.0,2022-08-05 00:06:11.490,192
4,1323.0,2022-08-05 00:06:11.303,192
4,1322.0,2022-08-05 00:06:11.120,192
4,1321.0,2022-08-05 00:06:10.933,192
4,1320.0,2022-08-05 00:06:10.750,192
4,1319.0,2022-08-05 00:06:10.563,192
4,1318.0,2022-08-05 00:06:10.380,192
4,1317.0,2022-08-05 00:06:10.197,192
4,1316.0,2022-08-05 00:06:10.010,192
4,1315.0,2022-08-05 00:06:09.827,192
4,1314.0,2022-08-05 00:06:09.643,192
4,1313.0,2022-08-05 00:06:09.457,192
4,1312.0,2022-08-05 00:06:09.270,192
4,1311.0,2022-08-05 00:06:09.087,192
4,1310.0,2022-08-05 00:06:08.903,192
4,1309.0,2022-08-05 00:06:08.720,192
4,1308.0,2022-08-05 00:06:08.533,192
4,1307.0,2022-08-05 00:06:08.353,192
4,1306.0,2022-08-05 00:06:08.167,192
4,1305.0,2022-08-05 00:06:07.980,192
4,1304.0,2022-08-05 00:06:07.797,192
4,1303.0,2022-08-05 00:06:07.607,192
4,1302.0,2022-08-05 00:06:07.423,192
4,1301.0,2022-08-05 00:06:07.233,192
4,1300.0,2022-08-05 00:06:07.047,192
4,1299.0,2022-08-05 00:06:06.863,192
4,1298.0,2022-08-05 00:06:06.680,192
4,1297.0,2022-08-05 00:06:06.493,192
4,1296.0,2022-08-05 00:06:06.307,192
4,1295.0,2022-08-05 00:06:06.123,192
4,1294.0,2022-08-05 00:06:05.937,192
4,1293.0,2022-08-05 00:06:05.753,192
4,1292.0,2022-08-05 00:06:05.570,192
4,1291.0,2022-08-05 00:06:05.383,192
4,1290.0,2022-08-05 00:06:05.197,192
4,1289.0,2022-08-05 00:06:05.010,192
4,1288.0,2022-08-05 00:06:04.827,192
4,1287.0,2022-08-05 00:06:04.640,192
4,1286.0,2022-08-05 00:06:04.453,192
4,1285.0,2022-08-05 00:06:04.270,192
4,1284.0,2022-08-05 00:06:04.087,192
4,1283.0,2022-08-05 00:06:03.903,192
4,1282.0,2022-08-05 00:06:03.717,192
4,1281.0,2022-08-05 00:06:03.530,192
4,1280.0,2022-08-05 00:06:03.347,192
4,1279.0,2022-08-05 00:06:03.163,192
4,1278.0,2022-08-05 00:06:02.977,192
4,1277.0,2022-08-05 00:06:02.787,192
4,1276.0,2022-08-05 00:06:02.603,192
4,1275.0,2022-08-05 00:06:02.420,192
4,1274.0,2022-08-05 00:06:02.233,192
4,1273.0,2022-08-05 00:06:02.047,192
4,1272.0,2022-08-05 00:06:01.860,192
4,1271.0,2022-08-05 00:06:01.673,192
4,1270.0,2022-08-05 00:06:01.487,192
4,1269.0,2022-08-05 00:06:01.303,192
4,1268.0,2022-08-05 00:06:01.117,192
4,1267.0,2022-08-05 00:06:00.930,192
4,1266.0,2022-08-05 00:06:00.743,192
4,1265.0,2022-08-05 00:06:00.560,192
4,1264.0,2022-08-05 00:06:00.373,192
4,1263.0,2022-08-05 00:06:00.187,192
4,1262.0,2022-08-05 00:06:00.003,192
4,1261.0,2022-08-05 00:05:59.820,192
4,1260.0,2022-08-05 00:05:59.633,192
4,1259.0,2022-08-05 00:05:59.450,192
4,1258.0,2022-08-05 00:05:59.263,192
4,1257.0,2022-08-05 00:05:59.077,192
4,1256.0,2022-08-05 00:05:58.893,192
4,1255.0,2022-08-05 00:05:58.707,192
4,1254.0,2022-08-05 00:05:58.520,192
4,1253.0,2022-08-05 00:05:58.333,192
4,1252.0,2022-08-05 00:05:58.150,192
4,1251.0,2022-08-05 00:05:57.967,192
4,1250.0,2022-08-05 00:05:57.780,192
4,1249.0,2022-08-05 00:05:57.593,192
4,1248.0,2022-08-05 00:05:57.407,192
4,1247.0,2022-08-05 00:05:57.223,192
4,1246.0,2022-08-05 00:05:57.037,192
4,1245.0,2022-08-05 00:05:56.850,192
4,1244.0,2022-08-05 00:05:56.667,192
4,1243.0,2022-08-05 00:05:56.480,192
4,1242.0,2022-08-05 00:05:56.297,192
4,1241.0,2022-08-05 00:05:56.110,192
4,1240.0,2022-08-05 00:05:55.927,192
4,1239.0,2022-08-05 00:05:55.743,192
4,1238.0,2022-08-05 00:05:55.560,192
4,1237.0,2022-08-05 00:05:55.373,192
4,1236.0,2022-08-05 00:05:55.190,192
4,1235.0,2022-08-05 00:05:55.003,192
4,1234.0,2022-08-05 00:05:54.820,192
4,1233.0,2022-08-05 00:05:54.633,192
4,1232.0,2022-08-05 00:05:54.450,192
4,1231.0,2022-08-05 00:05:54.263,192
4,1230.0,2022-08-05 00:05:54.077,192
4,1229.0,2022-08-05 00:05:53.887,192
4,1228.0,2022-08-05 00:05:53.703,192
4,1227.0,2022-08-05 00:05:53.517,192
4,1226.0,2022-08-05 00:05:53.330,192
4,1225.0,2022-08-05 00:05:53.143,192
4,1224.0,2022-08-05 00:05:52.960,192
4,1223.0,2022-08-05 00:05:52.777,192
4,1222.0,2022-08-05 00:05:52.593,192
4,1221.0,2022-08-05 00:05:52.407,192
4,1220.0,2022-08-05 00:05:52.220,192
4,1219.0,2022-08-05 00:05:52.033,192
4,1218.0,2022-08-05 00:05:51.847,192
4,1217.0,2022-08-05 00:05:51.660,192
4,1216.0,2022-08-05 00:05:51.477,192
4,1215.0,2022-08-05 00:05:51.287,192
4,1214.0,2022-08-05 00:05:51.103,192
4,1213.0,2022-08-05 00:05:50.917,192
4,1212.0,2022-08-05 00:05:50.730,192
4,1211.0,2022-08-05 00:05:50.547,192
4,1210.0,2022-08-05 00:05:50.363,192
4,1209.0,2022-08-05 00:05:50.177,192
4,1208.0,2022-08-05 00:05:49.990,192
4,1207.0,2022-08-05 00:05:49.807,192
4,1206.0,2022-08-05 00:05:49.623,192
4,1205.0,2022-08-05 00:05:49.440,192
4,1204.0,2022-08-05 00:05:49.257,192
4,1203.0,2022-08-05 00:05:49.070,192
4,1202.0,2022-08-05 00:05:48.887,192
4,1201.0,2022-08-05 00:05:48.700,192
4,1200.0,2022-08-05 00:05:48.517,192
4,1199.0,2022-08-05 00:05:48.327,192
4,1198.0,2022-08-05 00:05:48.140,192
4,1197.0,2022-08-05 00:05:47.957,192
4,1196.0,2022-08-05 00:05:47.770,192
4,1195.0,2022-08-05 00:05:47.583,192
4,1194.0,2022-08-05 00:05:47.400,192
4,1193.0,2022-08-05 00:05:47.217,192
4,1192.0,2022-08-05 00:05:47.030,192
4,1191.0,2022-08-05 00:05:46.847,192
4,1190.0,2022-08-05 00:05:46.663,192
4,1189.0,2022-08-05 00:05:46.477,192
4,1188.0,2022-08-05 00:05:46.290,192
4,1187.0,2022-08-05 00:05:46.103,192
4,1186.0,2022-08-05 00:05:45.917,192
4,1185.0,2022-08-05 00:05:45.730,192
4,1184.0,2022-08-05 00:05:45.547,192
4,1183.0,2022-08-05 00:05:45.363,192
4,1182.0,2022-08-05 00:05:45.177,192
4,1181.0,2022-08-05 00:05:44.990,192
4,1180.0,2022-08-05 00:05:44.807,192
4,1179.0,2022-08-05 00:05:44.620,192
4,1178.0,2022-08-05 00:05:44.437,192
4,1177.0,2022-08-05 00:05:44.253,192
4,1176.0,2022-08-05 00:05:44.067,192
4,1175.0,2022-08-05 00:05:43.880,192
4,1174.0,2022-08-05 00:05:43.697,192
4,1173.0,2022-08-05 00:05:43.510,192
4,1172.0,2022-08-05 00:05:43.323,192
4,1171.0,2022-08-05 00:05:43.140,192
4,1170.0,2022-08-05 00:05:42.953,192
4,1169.0,2022-08-05 00:05:42.767,192
4,1168.0,2022-08-05 00:05:42.580,192
4,1167.0,2022-08-05 00:05:42.393,192
4,1166.0,2022-08-05 00:05:42.207,192
4,1165.0,2022-08-05 00:05:42.020,192
4,1164.0,2022-08-05 00:05:41.833,192
4,1163.0,2022-08-05 00:05:41.650,192
4,1162.0,2022-08-05 00:05:41.463,192
4,1161.0,2022-08-05 00:05:41.277,192
4,1160.0,2022-08-05 00:05:41.093,192
4,1159.0,2022-08-05 00:05:40.903,192
4,1158.0,2022-08-05 00:05:40.720,192
4,1157.0,2022-08-05 00:05:40.533,192
4,1156.0,2022-08-05 00:05:40.350,192
4,1155.0,2022-08-05 00:05:40.163,192
4,1154.0,2022-08-05 00:05:39.980,192
4,1153.0,2022-08-05 00:05:39.797,192
4,1152.0,2022-08-05 00:05:39.610,192
4,1151.0,2022-08-05 00:05:39.427,192
4,1150.0,2022-08-05 00:05:39.240,192
4,1149.0,2022-08-05 00:05:39.053,192
4,1148.0,2022-08-05 00:05:38.867,192
4,1147.0,2022-08-05 00:05:38.683,192
4,1146.0,2022-08-05 00:05:38.497,192
4,1145.0,2022-08-05 00:05:38.313,192
4,1144.0,2022-08-05 00:05:38.127,192
4,1143.0,2022-08-05 00:05:37.940,192
4,1142.0,2022-08-05 00:05:37.757,192
4,1141.0,2022-08-05 00:05:37.573,192
4,1140.0,2022-08-05 00:05:37.390,192
4,1139.0,2022-08-05 00:05:37.203,192
4,1138.0,2022-08-05 00:05:37.020,192
4,1137.0,2022-08-05 00:05:36.837,192
4,1136.0,2022-08-05 00:05:36.653,192
4,1135.0,2022-08-05 00:05:36.467,192
4,1134.0,2022-08-05 00:05:36.280,192
4,1133.0,2022-08-05 00:05:36.093,192
4,1132.0,2022-08-05 00:05:35.910,192
4,1131.0,2022-08-05 00:05:35.723,192
4,1130.0,2022-08-05 00:05:35.537,192
4,1129.0,2022-08-05 00:05:35.353,192
4,1128.0,2022-08-05 00:05:35.167,192
4,1127.0,2022-08-05 00:05:34.980,192
4,1126.0,2022-08-05 00:05:34.793,192
4,1125.0,2022-08-05 00:05:34.610,192
4,1124.0,2022-08-05 00:05:34.427,192
4,1123.0,2022-08-05 00:05:34.240,192
4,1122.0,2022-08-05 00:05:34.057,192
4,1121.0,2022-08-05 00:05:33.870,192
4,1120.0,2022-08-05 00:05:33.687,192
4,1119.0,2022-08-05 00:05:33.503,192
4,1118.0,2022-08-05 00:05:33.320,192
4,1117.0,2022-08-05 00:05:33.137,192
4,1116.0,2022-08-05 00:05:32.953,192
4,1115.0,2022-08-05 00:05:32.770,192
4,1114.0,2022-08-05 00:05:32.587,192
4,1113.0,2022-08-05 00:05:32.400,192
4,1112.0,2022-08-05 00:05:32.213,192
4,1111.0,2022-08-05 00:05:32.030,192
4,1110.0,2022-08-05 00:05:31.847,192
4,1109.0,2022-08-05 00:05:31.660,192
4,1108.0,2022-08-05 00:05:31.477,192
4,1107.0,2022-08-05 00:05:31.290,192
4,1106.0,2022-08-05 00:05:31.107,192
4,1105.0,2022-08-05 00:05:30.923,192
4,1104.0,2022-08-05 00:05:30.740,192
4,1103.0,2022-08-05 00:05:30.557,192
4,1102.0,2022-08-05 00:05:30.367,192
4,1101.0,2022-08-05 00:05:30.180,192
4,1100.0,2022-08-05 00:05:29.997,192
4,1099.0,2022-08-05 00:05:29.810,192
4,1098.0,2022-08-05 00:05:29.627,192
4,1097.0,2022-08-05 00:05:29.440,192
4,1096.0,2022-08-05 00:05:29.257,192
4,1095.0,2022-08-05 00:05:29.070,192
4,1094.0,2022-08-05 00:05:28.887,192
4,1093.0,2022-08-05 00:05:28.703,192
4,1092.0,2022-08-05 00:05:28.520,192
4,1091.0,2022-08-05 00:05:28.337,192
4,1090.0,2022-08-05 00:05:28.150,192
4,1089.0,2022-08-05 00:05:27.967,192
4,1088.0,2022-08-05 00:05:27.780,192
4,1087.0,2022-08-05 00:05:27.593,192
4,1086.0,2022-08-05 00:05:27.410,192
4,1085.0,2022-08-05 00:05:27.223,192
4,1084.0,2022-08-05 00:05:27.037,192
4,1083.0,2022-08-05 00:05:26.853,192
4,1082.0,2022-08-05 00:05:26.667,192
4,1081.0,2022-08-05 00:05:26.483,192
4,1080.0,2022-08-05 00:05:26.297,192
4,1079.0,2022-08-05 00:05:26.110,192
4,1078.0,2022-08-05 00:05:25.927,192
4,1077.0,2022-08-05 00:05:25.740,192
4,1076.0,2022-08-05 00:05:25.557,192
4,1075.0,2022-08-05 00:05:25.370,192
4,1074.0,2022-08-05 00:05:25.187,192
4,1073.0,2022-08-05 00:05:25.003,192
4,1072.0,2022-08-05 00:05:24.820,192
4,1071.0,2022-08-05 00:05:24.633,192
4,1070.0,2022-08-05 00:05:24.447,192
4,1069.0,2022-08-05 00:05:24.263,192
4,1068.0,2022-08-05 00:05:24.077,192
4,1067.0,2022-08-05 00:05:23.893,192
4,1066.0,2022-08-05 00:05:23.707,192
4,1065.0,2022-08-05 00:05:23.520,192
4,1064.0,2022-08-05 00:05:23.333,192
4,1063.0,2022-08-05 00:05:23.150,192
4,1062.0,2022-08-05 00:05:22.963,192
4,1061.0,2022-08-05 00:05:22.777,192
4,1060.0,2022-08-05 00:05:22.590,192
4,1059.0,2022-08-05 00:05:22.403,192
4,1058.0,2022-08-05 00:05:22.220,192
4,1057.0,2022-08-05 00:05:22.033,192
4,1056.0,2022-08-05 00:05:21.850,192
4,1055.0,2022-08-05 00:05:21.663,192
4,1054.0,2022-08-05 00:05:21.480,192
4,1053.0,2022-08-05 00:05:21.297,192
4,1052.0,2022-08-05 00:05:21.113,192
4,1051.0,2022-08-05 00:05:20.927,192
4,1050.0,2022-08-05 00:05:20.740,192
4,1049.0,2022-08-05 00:05:20.557,192
4,1048.0,2022-08-05 00:05:20.373,192
4,1047.0,2022-08-05 00:05:20.187,192
4,1046.0,2022-08-05 00:05:20.003,192
4,1045.0,2022-08-05 00:05:19.817,192
4,1044.0,2022-08-05 00:05:19.633,192
4,1043.0,2022-08-05 00:05:19.447,192
4,1042.0,2022-08-05 00:05:19.260,192
4,1041.0,2022-08-05 00:05:19.077,192
4,1040.0,2022-08-05 00:05:18.893,192
4,1039.0,2022-08-05 00:05:18.707,192
4,1038.0,2022-08-05 00:05:18.523,192
4,1037.0,2022-08-05 00:05:18.337,192
4,1036.0,2022-08-05 00:05:18.153,192
4,1035.0,2022-08-05 00:05:17.967,192
4,1034.0,2022-08-05 00:05:17.787,192
4,1033.0,2022-08-05 00:05:17.600,192
4,1032.0,2022-08-05 00:05:17.417,192
4,1031.0,2022-08-05 00:05:17.230,192
4,1030.0,2022-08-05 00:05:17.047,192
4,1029.0,2022-08-05 00:05:16.860,192
4,1028.0,2022-08-05 00:05:16.677,192
4,1027.0,2022-08-05 00:05:16.493,192
4,1026.0,2022-08-05 00:05:16.307,192
4,1025.0,2022-08-05 00:05:16.123,192
4,1024.0,2022-08-05 00:05:15.937,192
4,1023.0,2022-08-05 00:05:15.753,192
4,1022.0,2022-08-05 00:05:15.570,192
4,1021.0,2022-08-05 00:05:15.383,192
4,1020.0,2022-08-05 00:05:15.200,192
4,1019.0,2022-08-05 00:05:15.013,192
4,1018.0,2022-08-05 00:05:14.830,192
4,1017.0,2022-08-05 00:05:14.643,192
4,1016.0,2022-08-05 00:05:14.460,192
4,1015.0,2022-08-05 00:05:14.277,192
4,1014.0,2022-08-05 00:05:14.090,192
4,1013.0,2022-08-05 00:05:13.903,192
4,1012.0,2022-08-05 00:05:13.720,192
4,1011.0,2022-08-05 00:05:13.533,192
4,1010.0,2022-08-05 00:05:13.347,192
4,1009.0,2022-08-05 00:05:13.163,192
4,1008.0,2022-08-05 00:05:12.980,192
4,1007.0,2022-08-05 00:05:12.793,192
4,1006.0,2022-08-05 00:05:12.610,192
4,1005.0,2022-08-05 00:05:12.423,192
4,1004.0,2022-08-05 00:05:12.240,192
4,1003.0,2022-08-05 00:05:12.057,192
4,1002.0,2022-08-05 00:05:11.870,192
4,1001.0,2022-08-05 00:05:11.683,192
4,1000.0,2022-08-05 00:05:11.500,192
4,999.0,2022-08-05 00:05:11.317,192
4,998.0,2022-08-05 00:05:11.133,192
4,997.0,2022-08-05 00:05:10.943,192
4,996.0,2022-08-05 00:05:10.760,192
4,995.0,2022-08-05 00:05:10.570,192
4,994.0,2022-08-05 00:05:10.387,192
4,993.0,2022-08-05 00:05:10.200,192
4,992.0,2022-08-05 00:05:10.013,192
4,991.0,2022-08-05 00:05:09.830,192
4,990.0,2022-08-05 00:05:09.643,192
4,989.0,2022-08-05 00:05:09.457,192
4,988.0,2022-08-05 00:05:09.273,192
4,987.0,2022-08-05 00:05:09.087,192
4,986.0,2022-08-05 00:05:08.903,192
4,985.0,2022-08-05 00:05:08.717,192
4,984.0,2022-08-05 00:05:08.530,192
4,983.0,2022-08-05 00:05:08.343,192
4,982.0,2022-08-05 00:05:08.157,192
4,981.0,2022-08-05 00:05:07.970,192
4,980.0,2022-08-05 00:05:07.787,192
4,979.0,2022-08-05 00:05:07.600,192
4,978.0,2022-08-05 00:05:07.417,192
4,977.0,2022-08-05 00:05:07.227,192
4,976.0,2022-08-05 00:05:07.040,192
4,975.0,2022-08-05 00:05:06.857,192
4,974.0,2022-08-05 00:05:06.670,192
4,973.0,2022-08-05 00:05:06.487,192
4,972.0,2022-08-05 00:05:06.300,192
4,971.0,2022-08-05 00:05:06.113,192
4,970.0,2022-08-05 00:05:05.930,192
4,969.0,2022-08-05 00:05:05.747,192
4,968.0,2022-08-05 00:05:05.563,192
4,967.0,2022-08-05 00:05:05.377,192
4,966.0,2022-08-05 00:05:05.190,192
4,965.0,2022-08-05 00:05:05.003,192
4,964.0,2022-08-05 00:05:04.820,192
4,963.0,2022-08-05 00:05:04.630,192
4,962.0,2022-08-05 00:05:04.443,192
4,961.0,2022-08-05 00:05:04.260,192
4,960.0,2022-08-05 00:05:04.073,192
4,959.0,2022-08-05 00:05:03.890,192
4,958.0,2022-08-05 00:05:03.703,192
4,957.0,2022-08-05 00:05:03.520,192
4,956.0,2022-08-05 00:05:03.330,192
4,955.0,2022-08-05 00:05:03.143,192
4,954.0,2022-08-05 00:05:02.957,192
4,953.0,2022-08-05 00:05:02.773,192
4,952.0,2022-08-05 00:05:02.587,192
4,951.0,2022-08-05 00:05:02.400,192
4,950.0,2022-08-05 00:05:02.217,192
4,949.0,2022-08-05 00:05:02.030,192
4,948.0,2022-08-05 00:05:01.843,192
4,947.0,2022-08-05 00:05:01.660,192
4,946.0,2022-08-05 00:05:01.473,192
4,945.0,2022-08-05 00:05:01.290,192
4,944.0,2022-08-05 00:05:01.103,192
4,943.0,2022-08-05 00:05:00.917,192
4,942.0,2022-08-05 00:05:00.730,192
4,941.0,2022-08-05 00:05:00.543,192
4,940.0,2022-08-05 00:05:00.360,192
4,939.0,2022-08-05 00:05:00.170,192
4,938.0,2022-08-05 00:04:59.987,192
4,937.0,2022-08-05 00:04:59.803,192
4,936.0,2022-08-05 00:04:59.617,192
4,935.0,2022-08-05 00:04:59.430,192
4,934.0,2022-08-05 00:04:59.243,192
4,933.0,2022-08-05 00:04:59.060,192
4,932.0,2022-08-05 00:04:58.873,192
4,931.0,2022-08-05 00:04:58.687,192
4,930.0,2022-08-05 00:04:58.503,192
4,929.0,2022-08-05 00:04:58.317,192
4,928.0,2022-08-05 00:04:58.130,192
4,927.0,2022-08-05 00:04:57.943,192
4,926.0,2022-08-05 00:04:57.757,192
4,925.0,2022-08-05 00:04:57.573,192
4,924.0,2022-08-05 00:04:57.390,192
4,923.0,2022-08-05 00:04:57.207,192
4,922.0,2022-08-05 00:04:57.027,192
4,921.0,2022-08-05 00:04:56.843,192
4,920.0,2022-08-05 00:04:56.657,192
4,919.0,2022-08-05 00:04:56.473,192
4,918.0,2022-08-05 00:04:56.290,192
4,917.0,2022-08-05 00:04:56.103,192
4,916.0,2022-08-05 00:04:55.917,192
4,915.0,2022-08-05 00:04:55.733,192
4,914.0,2022-08-05 00:04:55.547,192
4,913.0,2022-08-05 00:04:55.360,192
4,912.0,2022-08-05 00:04:55.177,192
4,911.0,2022-08-05 00:04:54.990,192
4,910.0,2022-08-05 00:04:54.803,192
4,909.0,2022-08-05 00:04:54.617,192
4,908.0,2022-08-05 00:04:54.430,192
4,907.0,2022-08-05 00:04:54.243,192
4,906.0,2022-08-05 00:04:54.060,192
4,905.0,2022-08-05 00:04:53.873,192
4,904.0,2022-08-05 00:04:53.687,192
4,903.0,2022-08-05 00:04:53.503,192
4,902.0,2022-08-05 00:04:53.317,192
4,901.0,2022-08-05 00:04:53.133,192
4,900.0,2022-08-05 00:04:52.947,192
4,899.0,2022-08-05 00:04:52.763,192
4,898.0,2022-08-05 00:04:52.577,192
4,897.0,2022-08-05 00:04:52.390,192
4,896.0,2022-08-05 00:04:52.203,192
4,895.0,2022-08-05 00:04:52.020,192
4,894.0,2022-08-05 00:04:51.837,192
4,893.0,2022-08-05 00:04:51.650,192
4,892.0,2022-08-05 00:04:51.467,192
4,891.0,2022-08-05 00:04:51.283,192
4,890.0,2022-08-05 00:04:51.097,192
4,889.0,2022-08-05 00:04:50.913,192
4,888.0,2022-08-05 00:04:50.727,192
4,887.0,2022-08-05 00:04:50.543,192
4,886.0,2022-08-05 00:04:50.357,192
4,885.0,2022-08-05 00:04:50.173,192
4,884.0,2022-08-05 00:04:49.973,192
4,883.0,2022-08-05 00:04:49.787,192
4,882.0,2022-08-05 00:04:49.603,192
4,881.0,2022-08-05 00:04:49.417,192
4,880.0,2022-08-05 00:04:49.230,192
4,879.0,2022-08-05 00:04:49.047,192
4,878.0,2022-08-05 00:04:48.863,192
4,877.0,2022-08-05 00:04:48.680,192
4,876.0,2022-08-05 00:04:48.493,192
4,875.0,2022-08-05 00:04:48.307,192
4,874.0,2022-08-05 00:04:48.123,192
4,873.0,2022-08-05 00:04:47.940,192
4,872.0,2022-08-05 00:04:47.753,192
4,871.0,2022-08-05 00:04:47.567,192
4,870.0,2022-08-05 00:04:47.383,192
4,869.0,2022-08-05 00:04:47.197,192
4,868.0,2022-08-05 00:04:47.013,192
4,867.0,2022-08-05 00:04:46.830,192
4,866.0,2022-08-05 00:04:46.643,192
4,865.0,2022-08-05 00:04:46.457,192
4,864.0,2022-08-05 00:04:46.267,192
4,863.0,2022-08-05 00:04:46.083,192
4,862.0,2022-08-05 00:04:45.897,192
4,861.0,2022-08-05 00:04:45.710,192
4,860.0,2022-08-05 00:04:45.523,192
4,859.0,2022-08-05 00:04:45.337,192
4,858.0,2022-08-05 00:04:45.153,192
4,857.0,2022-08-05 00:04:44.967,192
4,856.0,2022-08-05 00:04:44.780,192
4,855.0,2022-08-05 00:04:44.593,192
4,854.0,2022-08-05 00:04:44.407,192
4,853.0,2022-08-05 00:04:44.223,192
4,852.0,2022-08-05 00:04:44.037,192
4,851.0,2022-08-05 00:04:43.853,192
4,850.0,2022-08-05 00:04:43.670,192
4,849.0,2022-08-05 00:04:43.483,192
4,848.0,2022-08-05 00:04:43.300,192
4,847.0,2022-08-05 00:04:43.117,192
4,846.0,2022-08-05 00:04:42.930,192
4,845.0,2022-08-05 00:04:42.747,192
4,844.0,2022-08-05 00:04:42.560,192
4,843.0,2022-08-05 00:04:42.373,192
4,842.0,2022-08-05 00:04:42.187,192
4,841.0,2022-08-05 00:04:42.003,192
4,840.0,2022-08-05 00:04:41.817,192
4,839.0,2022-08-05 00:04:41.633,192
4,838.0,2022-08-05 00:04:41.447,192
4,837.0,2022-08-05 00:04:41.260,192
4,836.0,2022-08-05 00:04:41.077,192
4,835.0,2022-08-05 00:04:40.893,192
4,834.0,2022-08-05 00:04:40.707,192
4,833.0,2022-08-05 00:04:40.523,192
4,832.0,2022-08-05 00:04:40.340,192
4,831.0,2022-08-05 00:04:40.157,192
4,830.0,2022-08-05 00:04:39.970,192
4,829.0,2022-08-05 00:04:39.783,192
4,828.0,2022-08-05 00:04:39.597,192
4,827.0,2022-08-05 00:04:39.410,192
4,826.0,2022-08-05 00:04:39.227,192
4,825.0,2022-08-05 00:04:39.040,192
4,824.0,2022-08-05 00:04:38.857,192
4,823.0,2022-08-05 00:04:38.673,192
4,822.0,2022-08-05 00:04:38.490,192
4,821.0,2022-08-05 00:04:38.303,192
4,820.0,2022-08-05 00:04:38.120,192
4,819.0,2022-08-05 00:04:37.940,192
4,818.0,2022-08-05 00:04:37.757,192
4,817.0,2022-08-05 00:04:37.570,192
4,816.0,2022-08-05 00:04:37.387,192
4,815.0,2022-08-05 00:04:37.203,192
4,814.0,2022-08-05 00:04:37.020,192
4,813.0,2022-08-05 00:04:36.837,192
4,812.0,2022-08-05 00:04:36.650,192
4,811.0,2022-08-05 00:04:36.467,192
4,810.0,2022-08-05 00:04:36.280,192
4,809.0,2022-08-05 00:04:36.097,192
4,808.0,2022-08-05 00:04:35.910,192
4,807.0,2022-08-05 00:04:35.727,192
4,806.0,2022-08-05 00:04:35.540,192
4,805.0,2022-08-05 00:04:35.357,192
4,804.0,2022-08-05 00:04:35.170,192
4,803.0,2022-08-05 00:04:34.987,192
4,802.0,2022-08-05 00:04:34.803,192
4,801.0,2022-08-05 00:04:34.617,192
4,800.0,2022-08-05 00:04:34.433,192
4,799.0,2022-08-05 00:04:34.250,192
4,798.0,2022-08-05 00:04:34.063,192
4,797.0,2022-08-05 00:04:33.880,192
4,796.0,2022-08-05 00:04:33.697,192
4,795.0,2022-08-05 00:04:33.513,192
4,794.0,2022-08-05 00:04:33.330,192
4,793.0,2022-08-05 00:04:33.143,192
4,792.0,2022-08-05 00:04:32.960,192
4,791.0,2022-08-05 00:04:32.773,192
4,790.0,2022-08-05 00:04:32.590,192
4,789.0,2022-08-05 00:04:32.407,192
4,788.0,2022-08-05 00:04:32.220,192
4,787.0,2022-08-05 00:04:32.033,192
4,786.0,2022-08-05 00:04:31.847,192
4,785.0,2022-08-05 00:04:31.663,192
4,784.0,2022-08-05 00:04:31.473,192
4,783.0,2022-08-05 00:04:31.287,192
4,782.0,2022-08-05 00:04:31.103,192
4,781.0,2022-08-05 00:04:30.913,192
4,780.0,2022-08-05 00:04:30.730,192
4,779.0,2022-08-05 00:04:30.543,192
4,778.0,2022-08-05 00:04:30.360,192
4,777.0,2022-08-05 00:04:30.173,192
4,776.0,2022-08-05 00:04:29.987,192
4,775.0,2022-08-05 00:04:29.800,192
4,774.0,2022-08-05 00:04:29.617,192
4,773.0,2022-08-05 00:04:29.433,192
4,772.0,2022-08-05 00:04:29.250,192
4,771.0,2022-08-05 00:04:29.063,192
4,770.0,2022-08-05 00:04:28.877,192
4,769.0,2022-08-05 00:04:28.693,192
4,768.0,2022-08-05 00:04:28.507,192
4,767.0,2022-08-05 00:04:28.323,192
4,766.0,2022-08-05 00:04:28.137,192
4,765.0,2022-08-05 00:04:27.953,192
4,764.0,2022-08-05 00:04:27.767,192
4,763.0,2022-08-05 00:04:27.580,192
4,762.0,2022-08-05 00:04:27.397,192
4,761.0,2022-08-05 00:04:27.213,192
4,760.0,2022-08-05 00:04:27.027,192
4,759.0,2022-08-05 00:04:26.843,192
4,758.0,2022-08-05 00:04:26.653,192
4,757.0,2022-08-05 00:04:26.470,192
4,756.0,2022-08-05 00:04:26.283,192
4,755.0,2022-08-05 00:04:26.097,192
4,754.0,2022-08-05 00:04:25.913,192
4,753.0,2022-08-05 00:04:25.727,192
4,752.0,2022-08-05 00:04:25.543,192
4,751.0,2022-08-05 00:04:25.357,192
4,750.0,2022-08-05 00:04:25.170,192
4,749.0,2022-08-05 00:04:24.983,192
4,748.0,2022-08-05 00:04:24.800,192
4,747.0,2022-08-05 00:04:24.617,192
4,746.0,2022-08-05 00:04:24.430,192
4,745.0,2022-08-05 00:04:24.243,192
4,744.0,2022-08-05 00:04:24.057,192
4,743.0,2022-08-05 00:04:23.873,192
4,742.0,2022-08-05 00:04:23.687,192
4,741.0,2022-08-05 00:04:23.500,192
4,740.0,2022-08-05 00:04:23.317,192
4,739.0,2022-08-05 00:04:23.137,192
4,738.0,2022-08-05 00:04:22.950,192
4,737.0,2022-08-05 00:04:22.763,192
4,736.0,2022-08-05 00:04:22.580,192
4,735.0,2022-08-05 00:04:22.393,192
4,734.0,2022-08-05 00:04:22.207,192
4,733.0,2022-08-05 00:04:22.023,192
4,732.0,2022-08-05 00:04:21.837,192
4,731.0,2022-08-05 00:04:21.653,192
4,730.0,2022-08-05 00:04:21.470,192
4,729.0,2022-08-05 00:04:21.283,192
4,728.0,2022-08-05 00:04:21.097,192
4,727.0,2022-08-05 00:04:20.913,192
4,726.0,2022-08-05 00:04:20.730,192
4,725.0,2022-08-05 00:04:20.547,192
4,724.0,2022-08-05 00:04:20.363,192
4,723.0,2022-08-05 00:04:20.177,192
4,722.0,2022-08-05 00:04:19.993,192
4,721.0,2022-08-05 00:04:19.807,192
4,720.0,2022-08-05 00:04:19.620,192
4,719.0,2022-08-05 00:04:19.433,192
4,718.0,2022-08-05 00:04:19.250,192
4,717.0,2022-08-05 00:04:19.063,192
4,716.0,2022-08-05 00:04:18.880,192
4,715.0,2022-08-05 00:04:18.697,192
4,714.0,2022-08-05 00:04:18.513,192
4,713.0,2022-08-05 00:04:18.327,192
4,712.0,2022-08-05 00:04:18.140,192
4,711.0,2022-08-05 00:04:17.957,192
4,710.0,2022-08-05 00:04:17.773,192
4,709.0,2022-08-05 00:04:17.583,192
4,708.0,2022-08-05 00:04:17.397,192
4,707.0,2022-08-05 00:04:17.210,192
4,706.0,2022-08-05 00:04:17.023,192
4,705.0,2022-08-05 00:04:16.837,192
4,704.0,2022-08-05 00:04:16.653,192
4,703.0,2022-08-05 00:04:16.470,192
4,702.0,2022-08-05 00:04:16.283,192
4,701.0,2022-08-05 00:04:16.100,192
4,700.0,2022-08-05 00:04:15.913,192
4,699.0,2022-08-05 00:04:15.727,192
4,698.0,2022-08-05 00:04:15.540,192
4,697.0,2022-08-05 00:04:15.357,192
4,696.0,2022-08-05 00:04:15.170,192
4,695.0,2022-08-05 00:04:14.987,192
4,694.0,2022-08-05 00:04:14.800,192
4,693.0,2022-08-05 00:04:14.617,192
4,692.0,2022-08-05 00:04:14.430,192
4,691.0,2022-08-05 00:04:14.243,192
4,690.0,2022-08-05 00:04:14.060,192
4,689.0,2022-08-05 00:04:13.873,192
4,688.0,2022-08-05 00:04:13.690,192
4,687.0,2022-08-05 00:04:13.503,192
4,686.0,2022-08-05 00:04:13.317,192
4,685.0,2022-08-05 00:04:13.133,192
4,684.0,2022-08-05 00:04:12.950,192
4,683.0,2022-08-05 00:04:12.767,192
4,682.0,2022-08-05 00:04:12.580,192
4,681.0,2022-08-05 00:04:12.397,192
4,680.0,2022-08-05 00:04:12.213,192
4,679.0,2022-08-05 00:04:12.027,192
4,678.0,2022-08-05 00:04:11.840,192
4,677.0,2022-08-05 00:04:11.657,192
4,676.0,2022-08-05 00:04:11.470,192
4,675.0,2022-08-05 00:04:11.287,192
4,674.0,2022-08-05 00:04:11.100,192
4,673.0,2022-08-05 00:04:10.910,192
4,672.0,2022-08-05 00:04:10.727,192
4,671.0,2022-08-05 00:04:10.543,192
4,670.0,2022-08-05 00:04:10.353,192
4,669.0,2022-08-05 00:04:10.170,192
4,668.0,2022-08-05 00:04:09.983,192
4,667.0,2022-08-05 00:04:09.797,192
4,666.0,2022-08-05 00:04:09.610,192
4,665.0,2022-08-05 00:04:09.427,192
4,664.0,2022-08-05 00:04:09.243,192
4,663.0,2022-08-05 00:04:09.057,192
4,662.0,2022-08-05 00:04:08.873,192
4,661.0,2022-08-05 00:04:08.690,192
4,660.0,2022-08-05 00:04:08.507,192
4,659.0,2022-08-05 00:04:08.323,192
4,658.0,2022-08-05 00:04:08.137,192
4,657.0,2022-08-05 00:04:07.953,192
4,656.0,2022-08-05 00:04:07.770,192
4,655.0,2022-08-05 00:04:07.590,192
4,654.0,2022-08-05 00:04:07.403,192
4,653.0,2022-08-05 00:04:07.217,192
4,652.0,2022-08-05 00:04:07.033,192
4,651.0,2022-08-05 00:04:06.850,192
4,650.0,2022-08-05 00:04:06.663,192
4,649.0,2022-08-05 00:04:06.477,192
4,648.0,2022-08-05 00:04:06.290,192
4,647.0,2022-08-05 00:04:06.107,192
4,646.0,2022-08-05 00:04:05.920,192
4,645.0,2022-08-05 00:04:05.737,192
4,644.0,2022-08-05 00:04:05.550,192
4,643.0,2022-08-05 00:04:05.367,192
4,642.0,2022-08-05 00:04:05.183,192
4,641.0,2022-08-05 00:04:04.997,192
4,640.0,2022-08-05 00:04:04.810,192
4,639.0,2022-08-05 00:04:04.623,192
4,638.0,2022-08-05 00:04:04.437,192
4,637.0,2022-08-05 00:04:04.253,192
4,636.0,2022-08-05 00:04:04.067,192
4,635.0,2022-08-05 00:04:03.880,192
4,634.0,2022-08-05 00:04:03.697,192
4,633.0,2022-08-05 00:04:03.510,192
4,632.0,2022-08-05 00:04:03.323,192
4,631.0,2022-08-05 00:04:03.140,192
4,630.0,2022-08-05 00:04:02.953,192
4,629.0,2022-08-05 00:04:02.767,192
4,628.0,2022-08-05 00:04:02.583,192
4,627.0,2022-08-05 00:04:02.397,192
4,626.0,2022-08-05 00:04:02.213,192
4,625.0,2022-08-05 00:04:02.030,192
4,624.0,2022-08-05 00:04:01.847,192
4,623.0,2022-08-05 00:04:01.663,192
4,622.0,2022-08-05 00:04:01.480,192
4,621.0,2022-08-05 00:04:01.297,192
4,620.0,2022-08-05 00:04:01.110,192
4,619.0,2022-08-05 00:04:00.927,192
4,618.0,2022-08-05 00:04:00.743,192
4,617.0,2022-08-05 00:04:00.553,192
4,616.0,2022-08-05 00:04:00.370,192
4,615.0,2022-08-05 00:04:00.180,192
4,614.0,2022-08-05 00:03:59.997,192
4,613.0,2022-08-05 00:03:59.810,192
4,612.0,2022-08-05 00:03:59.623,192
4,611.0,2022-08-05 00:03:59.437,192
4,610.0,2022-08-05 00:03:59.253,192
4,609.0,2022-08-05 00:03:59.067,192
4,608.0,2022-08-05 00:03:58.883,192
4,607.0,2022-08-05 00:03:58.697,192
4,606.0,2022-08-05 00:03:58.513,192
4,605.0,2022-08-05 00:03:58.327,192
4,604.0,2022-08-05 00:03:58.140,192
4,603.0,2022-08-05 00:03:57.953,192
4,602.0,2022-08-05 00:03:57.767,192
4,601.0,2022-08-05 00:03:57.583,192
4,600.0,2022-08-05 00:03:57.400,192
4,599.0,2022-08-05 00:03:57.217,192
4,598.0,2022-08-05 00:03:57.030,192
4,597.0,2022-08-05 00:03:56.867,192
4,596.0,2022-08-05 00:03:56.740,192
4,595.0,2022-08-05 00:03:56.553,192
4,594.0,2022-08-05 00:03:56.370,192
4,593.0,2022-08-05 00:03:56.187,192
4,592.0,2022-08-05 00:03:56.003,192
4,591.0,2022-08-05 00:03:55.820,192
4,590.0,2022-08-05 00:03:55.633,192
4,589.0,2022-08-05 00:03:55.450,192
4,588.0,2022-08-05 00:03:55.260,192
4,587.0,2022-08-05 00:03:55.073,192
4,586.0,2022-08-05 00:03:54.887,192
4,585.0,2022-08-05 00:03:54.703,192
4,584.0,2022-08-05 00:03:54.500,192
4,583.0,2022-08-05 00:03:54.313,192
4,582.0,2022-08-05 00:03:54.130,192
4,581.0,2022-08-05 00:03:53.943,192
4,580.0,2022-08-05 00:03:53.757,192
4,579.0,2022-08-05 00:03:53.570,192
4,578.0,2022-08-05 00:03:53.383,192
4,577.0,2022-08-05 00:03:53.197,192
4,576.0,2022-08-05 00:03:53.010,192
4,575.0,2022-08-05 00:03:52.820,192
4,574.0,2022-08-05 00:03:52.633,192
4,573.0,2022-08-05 00:03:52.447,192
4,572.0,2022-08-05 00:03:52.260,192
4,571.0,2022-08-05 00:03:52.073,192
4,570.0,2022-08-05 00:03:51.887,192
4,569.0,2022-08-05 00:03:51.703,192
4,568.0,2022-08-05 00:03:51.517,192
4,567.0,2022-08-05 00:03:51.330,192
4,566.0,2022-08-05 00:03:51.143,192
4,565.0,2022-08-05 00:03:50.957,192
4,564.0,2022-08-05 00:03:50.773,192
4,563.0,2022-08-05 00:03:50.587,192
4,562.0,2022-08-05 00:03:50.403,192
4,561.0,2022-08-05 00:03:50.217,192
4,560.0,2022-08-05 00:03:50.030,192
4,559.0,2022-08-05 00:03:49.843,192
4,558.0,2022-08-05 00:03:49.657,192
4,557.0,2022-08-05 00:03:49.473,192
4,556.0,2022-08-05 00:03:49.283,192
4,555.0,2022-08-05 00:03:49.097,192
4,554.0,2022-08-05 00:03:48.910,192
4,553.0,2022-08-05 00:03:48.723,192
4,552.0,2022-08-05 00:03:48.540,192
4,551.0,2022-08-05 00:03:48.357,192
4,550.0,2022-08-05 00:03:48.170,192
4,549.0,2022-08-05 00:03:47.987,192
4,548.0,2022-08-05 00:03:47.803,192
4,547.0,2022-08-05 00:03:47.617,192
4,546.0,2022-08-05 00:03:47.433,192
4,545.0,2022-08-05 00:03:47.250,192
4,544.0,2022-08-05 00:03:47.063,192
4,543.0,2022-08-05 00:03:46.877,192
4,542.0,2022-08-05 00:03:46.693,192
4,541.0,2022-08-05 00:03:46.507,192
4,540.0,2022-08-05 00:03:46.320,192
4,539.0,2022-08-05 00:03:46.133,192
4,538.0,2022-08-05 00:03:45.947,192
4,537.0,2022-08-05 00:03:45.760,192
4,536.0,2022-08-05 00:03:45.577,192
4,535.0,2022-08-05 00:03:45.390,192
4,534.0,2022-08-05 00:03:45.203,192
4,533.0,2022-08-05 00:03:45.017,192
4,532.0,2022-08-05 00:03:44.830,192
4,531.0,2022-08-05 00:03:44.643,192
4,530.0,2022-08-05 00:03:44.457,192
4,529.0,2022-08-05 00:03:44.273,192
4,528.0,2022-08-05 00:03:44.087,192
4,527.0,2022-08-05 00:03:43.903,192
4,526.0,2022-08-05 00:03:43.717,192
4,525.0,2022-08-05 00:03:43.530,192
4,524.0,2022-08-05 00:03:43.347,192
4,523.0,2022-08-05 00:03:43.160,192
4,522.0,2022-08-05 00:03:42.973,192
4,521.0,2022-08-05 00:03:42.790,192
4,520.0,2022-08-05 00:03:42.603,192
4,519.0,2022-08-05 00:03:42.420,192
4,518.0,2022-08-05 00:03:42.237,192
4,517.0,2022-08-05 00:03:42.050,192
4,516.0,2022-08-05 00:03:41.863,192
4,515.0,2022-08-05 00:03:41.677,192
4,514.0,2022-08-05 00:03:41.493,192
4,513.0,2022-08-05 00:03:41.307,192
4,512.0,2022-08-05 00:03:41.120,192
4,511.0,2022-08-05 00:03:40.937,192
4,510.0,2022-08-05 00:03:40.750,192
4,509.0,2022-08-05 00:03:40.567,192
4,508.0,2022-08-05 00:03:40.380,192
4,507.0,2022-08-05 00:03:40.193,192
4,506.0,2022-08-05 00:03:40.007,192
4,505.0,2022-08-05 00:03:39.820,192
4,504.0,2022-08-05 00:03:39.633,192
4,503.0,2022-08-05 00:03:39.450,192
4,502.0,2022-08-05 00:03:39.267,192
4,501.0,2022-08-05 00:03:39.077,192
4,500.0,2022-08-05 00:03:38.890,192
4,499.0,2022-08-05 00:03:38.703,192
4,498.0,2022-08-05 00:03:38.517,192
4,497.0,2022-08-05 00:03:38.330,192
4,496.0,2022-08-05 00:03:38.147,192
4,495.0,2022-08-05 00:03:37.960,192
4,494.0,2022-08-05 00:03:37.777,192
4,493.0,2022-08-05 00:03:37.593,192
4,492.0,2022-08-05 00:03:37.407,192
4,491.0,2022-08-05 00:03:37.220,192
4,490.0,2022-08-05 00:03:37.033,192
4,489.0,2022-08-05 00:03:36.850,192
4,488.0,2022-08-05 00:03:36.663,192
4,487.0,2022-08-05 00:03:36.477,192
4,486.0,2022-08-05 00:03:36.293,192
4,485.0,2022-08-05 00:03:36.107,192
4,484.0,2022-08-05 00:03:35.923,192
4,483.0,2022-08-05 00:03:35.737,192
4,482.0,2022-08-05 00:03:35.553,192
4,481.0,2022-08-05 00:03:35.367,192
4,480.0,2022-08-05 00:03:35.183,192
4,479.0,2022-08-05 00:03:35.000,192
4,478.0,2022-08-05 00:03:34.813,192
4,477.0,2022-08-05 00:03:34.627,192
4,476.0,2022-08-05 00:03:34.443,192
4,475.0,2022-08-05 00:03:34.257,192
4,474.0,2022-08-05 00:03:34.070,192
4,473.0,2022-08-05 00:03:33.883,192
4,472.0,2022-08-05 00:03:33.697,192
4,471.0,2022-08-05 00:03:33.513,192
4,470.0,2022-08-05 00:03:33.327,192
4,469.0,2022-08-05 00:03:33.140,192
4,468.0,2022-08-05 00:03:32.957,192
4,467.0,2022-08-05 00:03:32.770,192
4,466.0,2022-08-05 00:03:32.587,192
4,465.0,2022-08-05 00:03:32.400,192
4,464.0,2022-08-05 00:03:32.213,192
4,463.0,2022-08-05 00:03:32.027,192
4,462.0,2022-08-05 00:03:31.847,192
4,461.0,2022-08-05 00:03:31.657,192
4,460.0,2022-08-05 00:03:31.473,192
4,459.0,2022-08-05 00:03:31.287,192
4,458.0,2022-08-05 00:03:31.100,192
4,457.0,2022-08-05 00:03:30.913,192
4,456.0,2022-08-05 00:03:30.727,192
4,455.0,2022-08-05 00:03:30.540,192
4,454.0,2022-08-05 00:03:30.357,192
4,453.0,2022-08-05 00:03:30.170,192
4,452.0,2022-08-05 00:03:29.987,192
4,451.0,2022-08-05 00:03:29.797,192
4,450.0,2022-08-05 00:03:29.610,192
4,449.0,2022-08-05 00:03:29.427,192
4,448.0,2022-08-05 00:03:29.243,192
4,447.0,2022-08-05 00:03:29.057,192
4,446.0,2022-08-05 00:03:28.870,192
4,445.0,2022-08-05 00:03:28.687,192
4,444.0,2022-08-05 00:03:28.503,192
4,443.0,2022-08-05 00:03:28.317,192
4,442.0,2022-08-05 00:03:28.133,192
4,441.0,2022-08-05 00:03:27.947,192
4,440.0,2022-08-05 00:03:27.757,192
4,439.0,2022-08-05 00:03:27.573,192
4,438.0,2022-08-05 00:03:27.387,192
4,437.0,2022-08-05 00:03:27.197,192
4,436.0,2022-08-05 00:03:27.013,192
4,435.0,2022-08-05 00:03:26.827,192
4,434.0,2022-08-05 00:03:26.643,192
4,433.0,2022-08-05 00:03:26.457,192
4,432.0,2022-08-05 00:03:26.270,192
4,431.0,2022-08-05 00:03:26.080,192
4,430.0,2022-08-05 00:03:25.897,192
4,429.0,2022-08-05 00:03:25.710,192
4,428.0,2022-08-05 00:03:25.527,192
4,427.0,2022-08-05 00:03:25.340,192
4,426.0,2022-08-05 00:03:25.153,192
4,425.0,2022-08-05 00:03:24.967,192
4,424.0,2022-08-05 00:03:24.783,192
4,423.0,2022-08-05 00:03:24.597,192
4,422.0,2022-08-05 00:03:24.413,192
4,421.0,2022-08-05 00:03:24.223,192
4,420.0,2022-08-05 00:03:24.040,192
4,419.0,2022-08-05 00:03:23.853,192
4,418.0,2022-08-05 00:03:23.670,192
4,417.0,2022-08-05 00:03:23.487,192
4,416.0,2022-08-05 00:03:23.300,192
4,415.0,2022-08-05 00:03:23.113,192
4,414.0,2022-08-05 00:03:22.930,192
4,413.0,2022-08-05 00:03:22.743,192
4,412.0,2022-08-05 00:03:22.560,192
4,411.0,2022-08-05 00:03:22.377,192
4,410.0,2022-08-05 00:03:22.193,192
4,409.0,2022-08-05 00:03:22.007,192
4,408.0,2022-08-05 00:03:21.823,192
4,407.0,2022-08-05 00:03:21.640,192
4,406.0,2022-08-05 00:03:21.453,192
4,405.0,2022-08-05 00:03:21.270,192
4,404.0,2022-08-05 00:03:21.087,192
4,403.0,2022-08-05 00:03:20.900,192
4,402.0,2022-08-05 00:03:20.713,192
4,401.0,2022-08-05 00:03:20.530,192
4,400.0,2022-08-05 00:03:20.340,192
4,399.0,2022-08-05 00:03:20.157,192
4,398.0,2022-08-05 00:03:19.973,192
4,397.0,2022-08-05 00:03:19.787,192
4,396.0,2022-08-05 00:03:19.603,192
4,395.0,2022-08-05 00:03:19.417,192
4,394.0,2022-08-05 00:03:19.230,192
4,393.0,2022-08-05 00:03:19.047,192
4,392.0,2022-08-05 00:03:18.860,192
4,391.0,2022-08-05 00:03:18.677,192
4,390.0,2022-08-05 00:03:18.493,192
4,389.0,2022-08-05 00:03:18.307,192
4,388.0,2022-08-05 00:03:18.123,192
4,387.0,2022-08-05 00:03:17.937,192
4,386.0,2022-08-05 00:03:17.753,192
4,385.0,2022-08-05 00:03:17.567,192
4,384.0,2022-08-05 00:03:17.380,192
4,383.0,2022-08-05 00:03:17.197,192
4,382.0,2022-08-05 00:03:17.013,192
4,381.0,2022-08-05 00:03:16.827,192
4,380.0,2022-08-05 00:03:16.643,192
4,379.0,2022-08-05 00:03:16.457,192
4,378.0,2022-08-05 00:03:16.273,192
4,377.0,2022-08-05 00:03:16.087,192
4,376.0,2022-08-05 00:03:15.897,192
4,375.0,2022-08-05 00:03:15.710,192
4,374.0,2022-08-05 00:03:15.527,192
4,373.0,2022-08-05 00:03:15.343,192
4,372.0,2022-08-05 00:03:15.157,192
4,371.0,2022-08-05 00:03:14.973,192
4,370.0,2022-08-05 00:03:14.787,192
4,369.0,2022-08-05 00:03:14.603,192
4,368.0,2022-08-05 00:03:14.420,192
4,367.0,2022-08-05 00:03:14.233,192
4,366.0,2022-08-05 00:03:14.047,192
4,365.0,2022-08-05 00:03:13.860,192
4,364.0,2022-08-05 00:03:13.673,192
4,363.0,2022-08-05 00:03:13.490,192
4,362.0,2022-08-05 00:03:13.303,192
4,361.0,2022-08-05 00:03:13.120,192
4,360.0,2022-08-05 00:03:12.933,192
4,359.0,2022-08-05 00:03:12.753,192
4,358.0,2022-08-05 00:03:12.567,192
4,357.0,2022-08-05 00:03:12.383,192
4,356.0,2022-08-05 00:03:12.197,192
4,355.0,2022-08-05 00:03:12.010,192
4,354.0,2022-08-05 00:03:11.827,192
4,353.0,2022-08-05 00:03:11.640,192
4,352.0,2022-08-05 00:03:11.457,192
4,351.0,2022-08-05 00:03:11.270,192
4,350.0,2022-08-05 00:03:11.087,192
4,349.0,2022-08-05 00:03:10.903,192
4,348.0,2022-08-05 00:03:10.717,192
4,347.0,2022-08-05 00:03:10.533,192
4,346.0,2022-08-05 00:03:10.347,192
4,345.0,2022-08-05 00:03:10.167,192
4,344.0,2022-08-05 00:03:09.980,192
4,343.0,2022-08-05 00:03:09.793,192
4,342.0,2022-08-05 00:03:09.607,192
4,341.0,2022-08-05 00:03:09.407,192
4,340.0,2022-08-05 00:03:09.220,192
4,339.0,2022-08-05 00:03:09.037,192
4,338.0,2022-08-05 00:03:08.847,192
4,337.0,2022-08-05 00:03:08.657,192
4,336.0,2022-08-05 00:03:08.460,192
4,335.0,2022-08-05 00:03:08.260,192
4,334.0,2022-08-05 00:03:08.060,192
4,333.0,2022-08-05 00:03:07.873,192
4,332.0,2022-08-05 00:03:07.690,192
4,331.0,2022-08-05 00:03:07.507,192
4,330.0,2022-08-05 00:03:07.320,192
4,329.0,2022-08-05 00:03:07.163,192
4,328.0,2022-08-05 00:03:07.027,192
4,327.0,2022-08-05 00:03:06.843,192
4,326.0,2022-08-05 00:03:06.657,192
4,325.0,2022-08-05 00:03:06.473,192
4,324.0,2022-08-05 00:03:06.290,192
4,323.0,2022-08-05 00:03:06.103,192
4,322.0,2022-08-05 00:03:05.917,192
4,321.0,2022-08-05 00:03:05.730,192
4,320.0,2022-08-05 00:03:05.547,192
4,319.0,2022-08-05 00:03:05.367,192
4,318.0,2022-08-05 00:03:05.240,192
4,317.0,2022-08-05 00:03:05.113,192
4,316.0,2022-08-05 00:03:04.947,192
4,315.0,2022-08-05 00:03:04.760,192
4,314.0,2022-08-05 00:03:04.577,192
4,313.0,2022-08-05 00:03:04.393,192
4,312.0,2022-08-05 00:03:04.207,192
4,311.0,2022-08-05 00:03:04.020,192
4,310.0,2022-08-05 00:03:03.833,192
4,309.0,2022-08-05 00:03:03.650,192
4,308.0,2022-08-05 00:03:03.463,192
4,307.0,2022-08-05 00:03:03.277,192
4,306.0,2022-08-05 00:03:03.093,192
4,305.0,2022-08-05 00:03:02.910,192
4,304.0,2022-08-05 00:03:02.723,192
4,303.0,2022-08-05 00:03:02.537,192
4,302.0,2022-08-05 00:03:02.350,192
4,301.0,2022-08-05 00:03:02.167,192
4,300.0,2022-08-05 00:03:01.980,192
4,299.0,2022-08-05 00:03:01.797,192
4,298.0,2022-08-05 00:03:01.610,192
4,297.0,2022-08-05 00:03:01.423,192
4,296.0,2022-08-05 00:03:01.240,192
4,295.0,2022-08-05 00:03:01.053,192
4,294.0,2022-08-05 00:03:00.870,192
4,293.0,2022-08-05 00:03:00.683,192
4,292.0,2022-08-05 00:03:00.497,192
4,291.0,2022-08-05 00:03:00.313,192
4,290.0,2022-08-05 00:03:00.127,192
4,289.0,2022-08-05 00:02:59.940,192
4,288.0,2022-08-05 00:02:59.757,192
4,287.0,2022-08-05 00:02:59.570,192
4,286.0,2022-08-05 00:02:59.380,192
4,285.0,2022-08-05 00:02:59.197,192
4,284.0,2022-08-05 00:02:59.010,192
4,283.0,2022-08-05 00:02:58.827,192
4,282.0,2022-08-05 00:02:58.640,192
4,281.0,2022-08-05 00:02:58.457,192
4,280.0,2022-08-05 00:02:58.273,192
4,279.0,2022-08-05 00:02:58.087,192
4,278.0,2022-08-05 00:02:57.897,192
4,277.0,2022-08-05 00:02:57.713,192
4,276.0,2022-08-05 00:02:57.530,192
4,275.0,2022-08-05 00:02:57.343,192
4,274.0,2022-08-05 00:02:57.157,192
4,273.0,2022-08-05 00:02:56.973,192
4,272.0,2022-08-05 00:02:56.790,192
4,271.0,2022-08-05 00:02:56.607,192
4,270.0,2022-08-05 00:02:56.420,192
4,269.0,2022-08-05 00:02:56.237,192
4,268.0,2022-08-05 00:02:56.050,192
4,267.0,2022-08-05 00:02:55.863,192
4,266.0,2022-08-05 00:02:55.680,192
4,265.0,2022-08-05 00:02:55.493,192
4,264.0,2022-08-05 00:02:55.310,192
4,263.0,2022-08-05 00:02:55.123,192
4,262.0,2022-08-05 00:02:54.937,192
4,261.0,2022-08-05 00:02:54.750,192
4,260.0,2022-08-05 00:02:54.567,192
4,259.0,2022-08-05 00:02:54.380,192
4,258.0,2022-08-05 00:02:54.193,192
4,257.0,2022-08-05 00:02:54.007,192
4,256.0,2022-08-05 00:02:53.820,192
4,255.0,2022-08-05 00:02:53.633,192
4,254.0,2022-08-05 00:02:53.447,192
4,253.0,2022-08-05 00:02:53.257,192
4,252.0,2022-08-05 00:02:53.073,192
4,251.0,2022-08-05 00:02:52.887,192
4,250.0,2022-08-05 00:02:52.703,192
4,249.0,2022-08-05 00:02:52.520,192
4,248.0,2022-08-05 00:02:52.337,192
4,247.0,2022-08-05 00:02:52.150,192
4,246.0,2022-08-05 00:02:51.967,192
4,245.0,2022-08-05 00:02:51.783,192
4,244.0,2022-08-05 00:02:51.597,192
4,243.0,2022-08-05 00:02:51.417,192
4,242.0,2022-08-05 00:02:51.230,192
4,241.0,2022-08-05 00:02:51.043,192
4,240.0,2022-08-05 00:02:50.857,192
4,239.0,2022-08-05 00:02:50.670,192
4,238.0,2022-08-05 00:02:50.487,192
4,237.0,2022-08-05 00:02:50.300,192
4,236.0,2022-08-05 00:02:50.117,192
4,235.0,2022-08-05 00:02:49.930,192
4,234.0,2022-08-05 00:02:49.740,192
4,233.0,2022-08-05 00:02:49.557,192
4,232.0,2022-08-05 00:02:49.370,192
4,231.0,2022-08-05 00:02:49.183,192
4,230.0,2022-08-05 00:02:48.997,192
4,229.0,2022-08-05 00:02:48.810,192
4,228.0,2022-08-05 00:02:48.623,192
4,227.0,2022-08-05 00:02:48.437,192
4,226.0,2022-08-05 00:02:48.250,192
4,225.0,2022-08-05 00:02:48.063,192
4,224.0,2022-08-05 00:02:47.877,192
4,223.0,2022-08-05 00:02:47.690,192
4,222.0,2022-08-05 00:02:47.503,192
4,221.0,2022-08-05 00:02:47.320,192
4,220.0,2022-08-05 00:02:47.130,192
4,219.0,2022-08-05 00:02:46.947,192
4,218.0,2022-08-05 00:02:46.763,192
4,217.0,2022-08-05 00:02:46.580,192
4,216.0,2022-08-05 00:02:46.393,192
4,215.0,2022-08-05 00:02:46.210,192
4,214.0,2022-08-05 00:02:46.027,192
4,213.0,2022-08-05 00:02:45.840,192
4,212.0,2022-08-05 00:02:45.653,192
4,211.0,2022-08-05 00:02:45.473,192
4,210.0,2022-08-05 00:02:45.287,192
4,209.0,2022-08-05 00:02:45.103,192
4,208.0,2022-08-05 00:02:44.917,192
4,207.0,2022-08-05 00:02:44.727,192
4,206.0,2022-08-05 00:02:44.543,192
4,205.0,2022-08-05 00:02:44.357,192
4,204.0,2022-08-05 00:02:44.173,192
4,203.0,2022-08-05 00:02:43.990,192
4,202.0,2022-08-05 00:02:43.803,192
4,201.0,2022-08-05 00:02:43.617,192
4,200.0,2022-08-05 00:02:43.473,192
4,199.0,2022-08-05 00:02:43.350,192
4,198.0,2022-08-05 00:02:43.223,192
4,197.0,2022-08-05 00:02:43.100,192
4,196.0,2022-08-05 00:02:42.980,192
4,195.0,2022-08-05 00:02:42.853,192
4,194.0,2022-08-05 00:02:42.727,192
4,193.0,2022-08-05 00:02:42.600,192
4,192.0,2022-08-05 00:02:42.477,192
4,191.0,2022-08-05 00:02:42.353,192
4,190.0,2022-08-05 00:02:42.227,192
4,189.0,2022-08-05 00:02:42.103,192
4,188.0,2022-08-05 00:02:41.973,192
4,187.0,2022-08-05 00:02:41.847,192
4,186.0,2022-08-05 00:02:41.670,192
4,185.0,2022-08-05 00:02:41.483,192
4,184.0,2022-08-05 00:02:41.340,192
4,183.0,2022-08-05 00:02:41.203,192
4,182.0,2022-08-05 00:02:41.020,192
4,181.0,2022-08-05 00:02:40.833,192
4,180.0,2022-08-05 00:02:40.650,192
4,179.0,2022-08-05 00:02:40.460,192
4,178.0,2022-08-05 00:02:40.327,192
4,177.0,2022-08-05 00:02:40.153,192
4,176.0,2022-08-05 00:02:39.967,192
4,175.0,2022-08-05 00:02:39.780,192
4,174.0,2022-08-05 00:02:39.597,192
4,173.0,2022-08-05 00:02:39.407,192
4,172.0,2022-08-05 00:02:39.223,192
4,171.0,2022-08-05 00:02:39.040,192
4,170.0,2022-08-05 00:02:38.857,192
4,169.0,2022-08-05 00:02:38.670,192
4,168.0,2022-08-05 00:02:38.487,192
4,167.0,2022-08-05 00:02:38.303,192
4,166.0,2022-08-05 00:02:38.120,192
4,165.0,2022-08-05 00:02:37.933,192
4,164.0,2022-08-05 00:02:37.800,192
4,163.0,2022-08-05 00:02:37.673,192
4,162.0,2022-08-05 00:02:37.547,192
4,161.0,2022-08-05 00:02:37.423,192
4,160.0,2022-08-05 00:02:37.297,192
4,159.0,2022-08-05 00:02:37.173,192
4,158.0,2022-08-05 00:02:37.050,192
4,157.0,2022-08-05 00:02:36.923,192
4,156.0,2022-08-05 00:02:36.773,192
4,155.0,2022-08-05 00:02:36.620,192
4,154.0,2022-08-05 00:02:36.490,192
4,153.0,2022-08-05 00:02:36.340,192
4,152.0,2022-08-05 00:02:36.153,192
4,151.0,2022-08-05 00:02:35.970,192
4,150.0,2022-08-05 00:02:35.783,192
4,149.0,2022-08-05 00:02:35.617,192
4,148.0,2022-08-05 00:02:35.490,192
4,147.0,2022-08-05 00:02:35.363,192
4,146.0,2022-08-05 00:02:35.177,192
4,145.0,2022-08-05 00:02:34.993,192
4,144.0,2022-08-05 00:02:34.807,192
4,143.0,2022-08-05 00:02:34.633,192
4,142.0,2022-08-05 00:02:34.507,192
4,141.0,2022-08-05 00:02:34.383,192
4,140.0,2022-08-05 00:02:34.210,192
4,139.0,2022-08-05 00:02:34.083,192
4,138.0,2022-08-05 00:02:33.953,192
4,137.0,2022-08-05 00:02:33.767,192
4,136.0,2022-08-05 00:02:33.583,192
4,135.0,2022-08-05 00:02:33.397,192
4,134.0,2022-08-05 00:02:33.213,192
4,133.0,2022-08-05 00:02:33.030,192
4,132.0,2022-08-05 00:02:32.830,192
4,131.0,2022-08-05 00:02:32.643,192
4,130.0,2022-08-05 00:02:32.457,192
4,129.0,2022-08-05 00:02:32.273,192
4,128.0,2022-08-05 00:02:32.087,192
4,127.0,2022-08-05 00:02:31.907,192
4,126.0,2022-08-05 00:02:31.723,192
4,125.0,2022-08-05 00:02:31.540,192
4,124.0,2022-08-05 00:02:31.360,192
4,123.0,2022-08-05 00:02:31.170,192
4,122.0,2022-08-05 00:02:30.987,192
4,121.0,2022-08-05 00:02:30.803,192
4,120.0,2022-08-05 00:02:30.617,192
4,119.0,2022-08-05 00:02:30.430,192
4,118.0,2022-08-05 00:02:30.243,192
4,117.0,2022-08-05 00:02:30.057,192
4,116.0,2022-08-05 00:02:29.873,192
4,115.0,2022-08-05 00:02:29.690,192
4,114.0,2022-08-05 00:02:29.507,192
4,113.0,2022-08-05 00:02:29.320,192
4,112.0,2022-08-05 00:02:29.137,192
4,111.0,2022-08-05 00:02:28.950,192
4,110.0,2022-08-05 00:02:28.767,192
4,109.0,2022-08-05 00:02:28.583,192
4,108.0,2022-08-05 00:02:28.397,192
4,107.0,2022-08-05 00:02:28.213,192
4,106.0,2022-08-05 00:02:28.027,192
4,105.0,2022-08-05 00:02:27.843,192
4,104.0,2022-08-05 00:02:27.657,192
4,103.0,2022-08-05 00:02:27.467,192
4,102.0,2022-08-05 00:02:27.283,192
4,101.0,2022-08-05 00:02:27.097,192
4,100.0,2022-08-05 00:02:26.910,192
4,99.0,2022-08-05 00:02:26.723,192
4,98.0,2022-08-05 00:02:26.540,192
4,97.0,2022-08-05 00:02:26.353,192
4,96.0,2022-08-05 00:02:26.167,192
4,95.0,2022-08-05 00:02:25.983,192
4,94.0,2022-08-05 00:02:25.797,192
4,93.0,2022-08-05 00:02:25.613,192
4,92.0,2022-08-05 00:02:25.427,192
4,91.0,2022-08-05 00:02:25.243,192
4,90.0,2022-08-05 00:02:25.060,192
4,89.0,2022-08-05 00:02:24.877,192
4,88.0,2022-08-05 00:02:24.690,192
4,87.0,2022-08-05 00:02:24.503,192
4,86.0,2022-08-05 00:02:24.317,192
4,85.0,2022-08-05 00:02:24.130,192
4,84.0,2022-08-05 00:02:23.947,192
4,83.0,2022-08-05 00:02:23.760,192
4,82.0,2022-08-05 00:02:23.573,192
4,81.0,2022-08-05 00:02:23.387,192
4,80.0,2022-08-05 00:02:23.203,192
4,79.0,2022-08-05 00:02:23.017,192
4,78.0,2022-08-05 00:02:22.830,192
4,77.0,2022-08-05 00:02:22.643,192
4,76.0,2022-08-05 00:02:22.460,192
4,75.0,2022-08-05 00:02:22.273,192
4,74.0,2022-08-05 00:02:22.087,192
4,73.0,2022-08-05 00:02:21.903,192
4,72.0,2022-08-05 00:02:21.720,192
4,71.0,2022-08-05 00:02:21.537,192
4,70.0,2022-08-05 00:02:21.353,192
4,69.0,2022-08-05 00:02:21.167,192
4,68.0,2022-08-05 00:02:20.983,192
4,67.0,2022-08-05 00:02:20.800,192
4,66.0,2022-08-05 00:02:20.617,192
4,65.0,2022-08-05 00:02:20.430,192
4,64.0,2022-08-05 00:02:20.243,192
4,63.0,2022-08-05 00:02:20.057,192
4,62.0,2022-08-05 00:02:19.870,192
4,61.0,2022-08-05 00:02:19.687,192
4,60.0,2022-08-05 00:02:19.500,192
4,59.0,2022-08-05 00:02:19.313,192
4,58.0,2022-08-05 00:02:19.127,192
4,57.0,2022-08-05 00:02:18.943,192
4,56.0,2022-08-05 00:02:18.757,192
4,55.0,2022-08-05 00:02:18.570,192
4,54.0,2022-08-05 00:02:18.387,192
4,53.0,2022-08-05 00:02:18.203,192
4,52.0,2022-08-05 00:02:18.020,192
4,51.0,2022-08-05 00:02:17.837,192
4,50.0,2022-08-05 00:02:17.653,192
4,49.0,2022-08-05 00:02:17.467,192
4,48.0,2022-08-05 00:02:17.283,192
4,47.0,2022-08-05 00:02:17.097,192
4,46.0,2022-08-05 00:02:16.913,192
4,45.0,2022-08-05 00:02:16.730,192
4,44.0,2022-08-05 00:02:16.547,192
4,43.0,2022-08-05 00:02:16.363,192
4,42.0,2022-08-05 00:02:16.180,192
4,41.0,2022-08-05 00:02:15.990,192
4,40.0,2022-08-05 00:02:15.803,192
4,39.0,2022-08-05 00:02:15.620,192
4,38.0,2022-08-05 00:02:15.430,192
4,37.0,2022-08-05 00:02:15.243,192
4,36.0,2022-08-05 00:02:15.057,192
4,35.0,2022-08-05 00:02:14.873,192
4,34.0,2022-08-05 00:02:14.687,192
4,33.0,2022-08-05 00:02:14.500,192
4,32.0,2022-08-05 00:02:14.313,192
4,31.0,2022-08-05 00:02:14.123,192
4,30.0,2022-08-05 00:02:13.940,192
4,29.0,2022-08-05 00:02:13.753,192
4,28.0,2022-08-05 00:02:13.570,192
4,27.0,2022-08-05 00:02:13.387,192
4,26.0,2022-08-05 00:02:13.207,192
4,25.0,2022-08-05 00:02:13.077,192
4,24.0,2022-08-05 00:02:12.950,192
4,23.0,2022-08-05 00:02:12.793,192
4,22.0,2022-08-05 00:02:12.610,192
4,21.0,2022-08-05 00:02:12.423,192
4,20.0,2022-08-05 00:02:12.240,192
4,19.0,2022-08-05 00:02:12.053,192
4,18.0,2022-08-05 00:02:11.870,192
4,17.0,2022-08-05 00:02:11.683,192
4,16.0,2022-08-05 00:02:11.513,192
4,15.0,2022-08-05 00:02:11.370,192
4,14.0,2022-08-05 00:02:11.183,192
4,13.0,2022-08-05 00:02:11.000,192
4,12.0,2022-08-05 00:02:10.813,192
4,11.0,2022-08-05 00:02:10.627,192
4,10.0,2022-08-05 00:02:10.440,192
4,9.0,2022-08-05 00:02:10.253,192
4,8.0,2022-08-05 00:02:10.070,192
4,7.0,2022-08-05 00:02:09.883,192
4,6.0,2022-08-05 00:02:09.700,192
4,5.0,2022-08-05 00:02:09.517,192
4,4.0,2022-08-05 00:02:09.330,192
4,3.0,2022-08-05 00:02:09.143,192
4,2.0,2022-08-05 00:02:08.957,192
4,1.0,2022-08-05 00:02:08.770,192
4,0.0,2022-08-05 00:02:08.593,192
4,440.0,2022-08-05 00:02:08.583,192
4,439.0,2022-08-05 00:02:08.413,192
4,438.0,2022-08-05 00:02:08.287,192
4,437.0,2022-08-05 00:02:08.160,192
4,436.0,2022-08-05 00:02:08.037,192
4,435.0,2022-08-05 00:02:07.910,192
4,434.0,2022-08-05 00:02:07.787,192
4,433.0,2022-08-05 00:02:07.660,192
4,432.0,2022-08-05 00:02:07.533,192
4,431.0,2022-08-05 00:02:07.403,192
4,430.0,2022-08-05 00:02:07.277,192
4,429.0,2022-08-05 00:02:07.150,192
4,428.0,2022-08-05 00:02:07.020,192
4,427.0,2022-08-05 00:02:06.890,192
4,426.0,2022-08-05 00:02:06.763,192
4,425.0,2022-08-05 00:02:06.640,192
4,424.0,2022-08-05 00:02:06.513,192
4,423.0,2022-08-05 00:02:06.370,192
4,422.0,2022-08-05 00:02:06.180,192
4,421.0,2022-08-05 00:02:05.997,192
4,420.0,2022-08-05 00:02:05.813,192
4,419.0,2022-08-05 00:02:05.627,192
4,418.0,2022-08-05 00:02:05.440,192
4,417.0,2022-08-05 00:02:05.253,192
4,416.0,2022-08-05 00:02:05.070,192
4,415.0,2022-08-05 00:02:04.887,192
4,414.0,2022-08-05 00:02:04.703,192
4,413.0,2022-08-05 00:02:04.517,192
4,412.0,2022-08-05 00:02:04.333,192
4,411.0,2022-08-05 00:02:04.147,192
4,410.0,2022-08-05 00:02:03.963,192
4,409.0,2022-08-05 00:02:03.777,192
4,408.0,2022-08-05 00:02:03.593,192
4,407.0,2022-08-05 00:02:03.407,192
4,406.0,2022-08-05 00:02:03.223,192
4,405.0,2022-08-05 00:02:03.040,192
4,404.0,2022-08-05 00:02:02.857,192
4,403.0,2022-08-05 00:02:02.670,192
4,402.0,2022-08-05 00:02:02.483,192
4,401.0,2022-08-05 00:02:02.300,192
4,400.0,2022-08-05 00:02:02.117,192
4,399.0,2022-08-05 00:02:01.933,192
4,398.0,2022-08-05 00:02:01.747,192
4,397.0,2022-08-05 00:02:01.563,192
4,396.0,2022-08-05 00:02:01.377,192
4,395.0,2022-08-05 00:02:01.193,192
4,394.0,2022-08-05 00:02:01.007,192
4,393.0,2022-08-05 00:02:00.820,192
4,392.0,2022-08-05 00:02:00.637,192
4,391.0,2022-08-05 00:02:00.453,192
4,390.0,2022-08-05 00:02:00.267,192
4,389.0,2022-08-05 00:02:00.080,192
4,388.0,2022-08-05 00:01:59.893,192
4,387.0,2022-08-05 00:01:59.707,192
4,386.0,2022-08-05 00:01:59.523,192
4,385.0,2022-08-05 00:01:59.340,192
4,384.0,2022-08-05 00:01:59.157,192
4,383.0,2022-08-05 00:01:58.970,192
4,382.0,2022-08-05 00:01:58.787,192
4,381.0,2022-08-05 00:01:58.600,192
4,380.0,2022-08-05 00:01:58.413,192
4,379.0,2022-08-05 00:01:58.227,192
4,378.0,2022-08-05 00:01:58.040,192
4,377.0,2022-08-05 00:01:57.857,192
4,376.0,2022-08-05 00:01:57.673,192
4,375.0,2022-08-05 00:01:57.487,192
4,374.0,2022-08-05 00:01:57.303,192
4,373.0,2022-08-05 00:01:57.117,192
4,372.0,2022-08-05 00:01:56.930,192
4,371.0,2022-08-05 00:01:56.743,192
4,370.0,2022-08-05 00:01:56.560,192
4,369.0,2022-08-05 00:01:56.373,192
4,368.0,2022-08-05 00:01:56.187,192
4,367.0,2022-08-05 00:01:56.000,192
4,366.0,2022-08-05 00:01:55.817,192
4,365.0,2022-08-05 00:01:55.630,192
4,364.0,2022-08-05 00:01:55.447,192
4,363.0,2022-08-05 00:01:55.263,192
4,362.0,2022-08-05 00:01:55.077,192
4,361.0,2022-08-05 00:01:54.890,192
4,360.0,2022-08-05 00:01:54.703,192
4,359.0,2022-08-05 00:01:54.517,192
4,358.0,2022-08-05 00:01:54.330,192
4,357.0,2022-08-05 00:01:54.143,192
4,356.0,2022-08-05 00:01:53.957,192
4,355.0,2022-08-05 00:01:53.770,192
4,354.0,2022-08-05 00:01:53.587,192
4,353.0,2022-08-05 00:01:53.400,192
4,352.0,2022-08-05 00:01:53.217,192
4,351.0,2022-08-05 00:01:53.030,192
4,350.0,2022-08-05 00:01:52.843,192
4,349.0,2022-08-05 00:01:52.657,192
4,348.0,2022-08-05 00:01:52.470,192
4,347.0,2022-08-05 00:01:52.287,192
4,346.0,2022-08-05 00:01:52.100,192
4,345.0,2022-08-05 00:01:51.913,192
4,344.0,2022-08-05 00:01:51.727,192
4,343.0,2022-08-05 00:01:51.543,192
4,342.0,2022-08-05 00:01:51.360,192
4,341.0,2022-08-05 00:01:51.173,192
4,340.0,2022-08-05 00:01:50.987,192
4,339.0,2022-08-05 00:01:50.803,192
4,338.0,2022-08-05 00:01:50.617,192
4,337.0,2022-08-05 00:01:50.430,192
4,336.0,2022-08-05 00:01:50.247,192
4,335.0,2022-08-05 00:01:50.060,192
4,334.0,2022-08-05 00:01:49.873,192
4,333.0,2022-08-05 00:01:49.690,192
4,332.0,2022-08-05 00:01:49.503,192
4,331.0,2022-08-05 00:01:49.320,192
4,330.0,2022-08-05 00:01:49.137,192
4,329.0,2022-08-05 00:01:48.950,192
4,328.0,2022-08-05 00:01:48.763,192
4,327.0,2022-08-05 00:01:48.577,192
4,326.0,2022-08-05 00:01:48.390,192
4,325.0,2022-08-05 00:01:48.203,192
4,324.0,2022-08-05 00:01:48.017,192
4,323.0,2022-08-05 00:01:47.833,192
4,322.0,2022-08-05 00:01:47.647,192
4,321.0,2022-08-05 00:01:47.463,192
4,320.0,2022-08-05 00:01:47.277,192
4,319.0,2022-08-05 00:01:47.093,192
4,318.0,2022-08-05 00:01:46.907,192
4,317.0,2022-08-05 00:01:46.720,192
4,316.0,2022-08-05 00:01:46.530,192
4,315.0,2022-08-05 00:01:46.343,192
4,314.0,2022-08-05 00:01:46.163,192
4,313.0,2022-08-05 00:01:45.977,192
4,312.0,2022-08-05 00:01:45.790,192
4,311.0,2022-08-05 00:01:45.603,192
4,310.0,2022-08-05 00:01:45.417,192
4,309.0,2022-08-05 00:01:45.233,192
4,308.0,2022-08-05 00:01:45.047,192
4,307.0,2022-08-05 00:01:44.863,192
4,306.0,2022-08-05 00:01:44.677,192
4,305.0,2022-08-05 00:01:44.493,192
4,304.0,2022-08-05 00:01:44.307,192
4,303.0,2022-08-05 00:01:44.123,192
4,302.0,2022-08-05 00:01:43.937,192
4,301.0,2022-08-05 00:01:43.753,192
4,300.0,2022-08-05 00:01:43.570,192
4,299.0,2022-08-05 00:01:43.387,192
4,298.0,2022-08-05 00:01:43.200,192
4,297.0,2022-08-05 00:01:43.013,192
4,296.0,2022-08-05 00:01:42.830,192
4,295.0,2022-08-05 00:01:42.643,192
4,294.0,2022-08-05 00:01:42.460,192
4,293.0,2022-08-05 00:01:42.273,192
4,292.0,2022-08-05 00:01:42.087,192
4,291.0,2022-08-05 00:01:41.903,192
4,290.0,2022-08-05 00:01:41.720,192
4,289.0,2022-08-05 00:01:41.533,192
4,288.0,2022-08-05 00:01:41.350,192
4,287.0,2022-08-05 00:01:41.163,192
4,286.0,2022-08-05 00:01:40.983,192
4,285.0,2022-08-05 00:01:40.800,192
4,284.0,2022-08-05 00:01:40.613,192
4,283.0,2022-08-05 00:01:40.427,192
4,282.0,2022-08-05 00:01:40.240,192
4,281.0,2022-08-05 00:01:40.057,192
4,280.0,2022-08-05 00:01:39.870,192
4,279.0,2022-08-05 00:01:39.687,192
4,278.0,2022-08-05 00:01:39.503,192
4,277.0,2022-08-05 00:01:39.317,192
4,276.0,2022-08-05 00:01:39.130,192
4,275.0,2022-08-05 00:01:38.943,192
4,274.0,2022-08-05 00:01:38.760,192
4,273.0,2022-08-05 00:01:38.573,192
4,272.0,2022-08-05 00:01:38.387,192
4,271.0,2022-08-05 00:01:38.200,192
4,270.0,2022-08-05 00:01:38.010,192
4,269.0,2022-08-05 00:01:37.827,192
4,268.0,2022-08-05 00:01:37.640,192
4,267.0,2022-08-05 00:01:37.453,192
4,266.0,2022-08-05 00:01:37.270,192
4,265.0,2022-08-05 00:01:37.083,192
4,264.0,2022-08-05 00:01:36.897,192
4,263.0,2022-08-05 00:01:36.707,192
4,262.0,2022-08-05 00:01:36.523,192
4,261.0,2022-08-05 00:01:36.340,192
4,260.0,2022-08-05 00:01:36.153,192
4,259.0,2022-08-05 00:01:35.967,192
4,258.0,2022-08-05 00:01:35.783,192
4,257.0,2022-08-05 00:01:35.597,192
4,256.0,2022-08-05 00:01:35.413,192
4,255.0,2022-08-05 00:01:35.253,192
4,254.0,2022-08-05 00:01:35.087,192
4,253.0,2022-08-05 00:01:34.950,192
4,252.0,2022-08-05 00:01:34.767,192
4,251.0,2022-08-05 00:01:34.577,192
4,250.0,2022-08-05 00:01:34.390,192
4,249.0,2022-08-05 00:01:34.203,192
4,248.0,2022-08-05 00:01:34.017,192
4,247.0,2022-08-05 00:01:33.830,192
4,246.0,2022-08-05 00:01:33.643,192
4,245.0,2022-08-05 00:01:33.480,192
4,244.0,2022-08-05 00:01:33.337,192
4,243.0,2022-08-05 00:01:33.153,192
4,242.0,2022-08-05 00:01:32.967,192
4,241.0,2022-08-05 00:01:32.783,192
4,240.0,2022-08-05 00:01:32.597,192
4,239.0,2022-08-05 00:01:32.413,192
4,238.0,2022-08-05 00:01:32.230,192
4,237.0,2022-08-05 00:01:32.090,192
4,236.0,2022-08-05 00:01:31.920,192
4,235.0,2022-08-05 00:01:31.737,192
4,234.0,2022-08-05 00:01:31.547,192
4,233.0,2022-08-05 00:01:31.360,192
4,232.0,2022-08-05 00:01:31.177,192
4,231.0,2022-08-05 00:01:30.990,192
4,230.0,2022-08-05 00:01:30.807,192
4,229.0,2022-08-05 00:01:30.620,192
4,228.0,2022-08-05 00:01:30.430,192
4,227.0,2022-08-05 00:01:30.247,192
4,226.0,2022-08-05 00:01:30.063,192
4,225.0,2022-08-05 00:01:29.880,192
4,224.0,2022-08-05 00:01:29.693,192
4,223.0,2022-08-05 00:01:29.510,192
4,222.0,2022-08-05 00:01:29.323,192
4,221.0,2022-08-05 00:01:29.140,192
4,220.0,2022-08-05 00:01:28.953,192
4,219.0,2022-08-05 00:01:28.767,192
4,218.0,2022-08-05 00:01:28.583,192
4,217.0,2022-08-05 00:01:28.397,192
4,216.0,2022-08-05 00:01:28.217,192
4,215.0,2022-08-05 00:01:28.093,192
4,214.0,2022-08-05 00:01:27.967,192
4,213.0,2022-08-05 00:01:27.843,192
4,212.0,2022-08-05 00:01:27.720,192
4,211.0,2022-08-05 00:01:27.593,192
4,210.0,2022-08-05 00:01:27.470,192
4,209.0,2022-08-05 00:01:27.343,192
4,208.0,2022-08-05 00:01:27.217,192
4,207.0,2022-08-05 00:01:27.087,192
4,206.0,2022-08-05 00:01:26.957,192
4,205.0,2022-08-05 00:01:26.777,192
4,204.0,2022-08-05 00:01:26.590,192
4,203.0,2022-08-05 00:01:26.407,192
4,202.0,2022-08-05 00:01:26.223,192
4,201.0,2022-08-05 00:01:26.040,192
4,200.0,2022-08-05 00:01:25.853,192
4,199.0,2022-08-05 00:01:25.667,192
4,198.0,2022-08-05 00:01:25.480,192
4,197.0,2022-08-05 00:01:25.293,192
4,196.0,2022-08-05 00:01:25.110,192
4,195.0,2022-08-05 00:01:24.927,192
4,194.0,2022-08-05 00:01:24.740,192
4,193.0,2022-08-05 00:01:24.553,192
4,192.0,2022-08-05 00:01:24.370,192
4,191.0,2022-08-05 00:01:24.187,192
4,190.0,2022-08-05 00:01:24.000,192
4,189.0,2022-08-05 00:01:23.817,192
4,188.0,2022-08-05 00:01:23.630,192
4,187.0,2022-08-05 00:01:23.447,192
4,186.0,2022-08-05 00:01:23.263,192
4,185.0,2022-08-05 00:01:23.077,192
4,184.0,2022-08-05 00:01:22.890,192
4,183.0,2022-08-05 00:01:22.703,192
4,182.0,2022-08-05 00:01:22.523,192
4,181.0,2022-08-05 00:01:22.340,192
4,180.0,2022-08-05 00:01:22.150,192
4,179.0,2022-08-05 00:01:21.967,192
4,178.0,2022-08-05 00:01:21.780,192
4,177.0,2022-08-05 00:01:21.593,192
4,176.0,2022-08-05 00:01:21.410,192
4,175.0,2022-08-05 00:01:21.223,192
4,174.0,2022-08-05 00:01:21.037,192
4,173.0,2022-08-05 00:01:20.853,192
4,172.0,2022-08-05 00:01:20.670,192
4,171.0,2022-08-05 00:01:20.483,192
4,170.0,2022-08-05 00:01:20.300,192
4,169.0,2022-08-05 00:01:20.113,192
4,168.0,2022-08-05 00:01:19.930,192
4,167.0,2022-08-05 00:01:19.770,192
4,166.0,2022-08-05 00:01:19.647,192
4,165.0,2022-08-05 00:01:19.510,192
4,164.0,2022-08-05 00:01:19.323,192
4,163.0,2022-08-05 00:01:19.140,192
4,162.0,2022-08-05 00:01:18.953,192
4,161.0,2022-08-05 00:01:18.767,192
4,160.0,2022-08-05 00:01:18.583,192
4,159.0,2022-08-05 00:01:18.397,192
4,158.0,2022-08-05 00:01:18.220,192
4,157.0,2022-08-05 00:01:18.073,192
4,156.0,2022-08-05 00:01:17.890,192
4,155.0,2022-08-05 00:01:17.707,192
4,154.0,2022-08-05 00:01:17.517,192
4,153.0,2022-08-05 00:01:17.330,192
4,152.0,2022-08-05 00:01:17.147,192
4,151.0,2022-08-05 00:01:16.960,192
4,150.0,2022-08-05 00:01:16.777,192
4,149.0,2022-08-05 00:01:16.593,192
4,148.0,2022-08-05 00:01:16.410,192
4,147.0,2022-08-05 00:01:16.227,192
4,146.0,2022-08-05 00:01:16.040,192
4,145.0,2022-08-05 00:01:15.853,192
4,144.0,2022-08-05 00:01:15.670,192
4,143.0,2022-08-05 00:01:15.483,192
4,142.0,2022-08-05 00:01:15.297,192
4,141.0,2022-08-05 00:01:15.110,192
4,140.0,2022-08-05 00:01:14.923,192
4,139.0,2022-08-05 00:01:14.737,192
4,138.0,2022-08-05 00:01:14.553,192
4,137.0,2022-08-05 00:01:14.367,192
4,136.0,2022-08-05 00:01:14.183,192
4,135.0,2022-08-05 00:01:14.060,192
4,134.0,2022-08-05 00:01:13.937,192
4,133.0,2022-08-05 00:01:13.807,192
4,132.0,2022-08-05 00:01:13.683,192
4,131.0,2022-08-05 00:01:13.557,192
4,130.0,2022-08-05 00:01:13.437,192
4,129.0,2022-08-05 00:01:13.310,192
4,128.0,2022-08-05 00:01:13.183,192
4,127.0,2022-08-05 00:01:13.060,192
4,126.0,2022-08-05 00:01:12.910,192
4,125.0,2022-08-05 00:01:12.727,192
4,124.0,2022-08-05 00:01:12.543,192
4,123.0,2022-08-05 00:01:12.357,192
4,122.0,2022-08-05 00:01:12.173,192
4,121.0,2022-08-05 00:01:11.990,192
4,120.0,2022-08-05 00:01:11.803,192
4,119.0,2022-08-05 00:01:11.617,192
4,118.0,2022-08-05 00:01:11.433,192
4,117.0,2022-08-05 00:01:11.303,192
4,116.0,2022-08-05 00:01:11.180,192
4,115.0,2022-08-05 00:01:11.053,192
4,114.0,2022-08-05 00:01:10.913,192
4,113.0,2022-08-05 00:01:10.727,192
4,112.0,2022-08-05 00:01:10.547,192
4,111.0,2022-08-05 00:01:10.423,192
4,110.0,2022-08-05 00:01:10.293,192
4,109.0,2022-08-05 00:01:10.163,192
4,108.0,2022-08-05 00:01:09.980,192
4,107.0,2022-08-05 00:01:09.793,192
4,106.0,2022-08-05 00:01:09.610,192
4,105.0,2022-08-05 00:01:09.423,192
4,104.0,2022-08-05 00:01:09.237,192
4,103.0,2022-08-05 00:01:09.053,192
4,102.0,2022-08-05 00:01:08.870,192
4,101.0,2022-08-05 00:01:08.697,192
4,100.0,2022-08-05 00:01:08.570,192
4,99.0,2022-08-05 00:01:08.447,192
4,98.0,2022-08-05 00:01:08.300,192
4,97.0,2022-08-05 00:01:08.113,192
4,96.0,2022-08-05 00:01:07.927,192
4,95.0,2022-08-05 00:01:07.723,192
4,94.0,2022-08-05 00:01:07.540,192
4,93.0,2022-08-05 00:01:07.350,192
4,92.0,2022-08-05 00:01:07.167,192
4,91.0,2022-08-05 00:01:06.997,192
4,90.0,2022-08-05 00:01:06.870,192
4,89.0,2022-08-05 00:01:06.743,192
4,88.0,2022-08-05 00:01:06.557,192
4,87.0,2022-08-05 00:01:06.370,192
4,86.0,2022-08-05 00:01:06.210,192
4,85.0,2022-08-05 00:01:06.073,192
4,84.0,2022-08-05 00:01:05.907,192
4,83.0,2022-08-05 00:01:05.780,192
4,82.0,2022-08-05 00:01:05.643,192
4,81.0,2022-08-05 00:01:05.460,192
4,80.0,2022-08-05 00:01:05.273,192
4,79.0,2022-08-05 00:01:05.087,192
4,78.0,2022-08-05 00:01:04.903,192
4,77.0,2022-08-05 00:01:04.720,192
4,76.0,2022-08-05 00:01:04.577,192
4,75.0,2022-08-05 00:01:04.450,192
4,74.0,2022-08-05 00:01:04.323,192
4,73.0,2022-08-05 00:01:04.200,192
4,72.0,2022-08-05 00:01:04.073,192
4,71.0,2022-08-05 00:01:03.927,192
4,70.0,2022-08-05 00:01:03.740,192
4,69.0,2022-08-05 00:01:03.550,192
4,68.0,2022-08-05 00:01:03.363,192
4,67.0,2022-08-05 00:01:03.177,192
4,66.0,2022-08-05 00:01:02.990,192
4,65.0,2022-08-05 00:01:02.803,192
4,64.0,2022-08-05 00:01:02.617,192
4,63.0,2022-08-05 00:01:02.430,192
4,62.0,2022-08-05 00:01:02.247,192
4,61.0,2022-08-05 00:01:02.060,192
4,60.0,2022-08-05 00:01:01.873,192
4,59.0,2022-08-05 00:01:01.690,192
4,58.0,2022-08-05 00:01:01.507,192
4,57.0,2022-08-05 00:01:01.320,192
4,56.0,2022-08-05 00:01:01.137,192
4,55.0,2022-08-05 00:01:00.953,192
4,54.0,2022-08-05 00:01:00.770,192
4,53.0,2022-08-05 00:01:00.583,192
4,52.0,2022-08-05 00:01:00.400,192
4,51.0,2022-08-05 00:01:00.213,192
4,50.0,2022-08-05 00:01:00.027,192
4,49.0,2022-08-05 00:00:59.843,192
4,48.0,2022-08-05 00:00:59.657,192
4,47.0,2022-08-05 00:00:59.470,192
4,46.0,2022-08-05 00:00:59.287,192
4,45.0,2022-08-05 00:00:59.097,192
4,44.0,2022-08-05 00:00:58.913,192
4,43.0,2022-08-05 00:00:58.730,192
4,42.0,2022-08-05 00:00:58.547,192
4,41.0,2022-08-05 00:00:58.360,192
4,40.0,2022-08-05 00:00:58.173,192
4,39.0,2022-08-05 00:00:57.987,192
4,38.0,2022-08-05 00:00:57.803,192
4,37.0,2022-08-05 00:00:57.620,192
4,36.0,2022-08-05 00:00:57.430,192
4,35.0,2022-08-05 00:00:57.247,192
4,34.0,2022-08-05 00:00:57.060,192
4,33.0,2022-08-05 00:00:56.873,192
4,32.0,2022-08-05 00:00:56.690,192
4,31.0,2022-08-05 00:00:56.503,192
4,30.0,2022-08-05 00:00:56.317,192
4,29.0,2022-08-05 00:00:56.130,192
4,28.0,2022-08-05 00:00:55.943,192
4,27.0,2022-08-05 00:00:55.757,192
4,26.0,2022-08-05 00:00:55.570,192
4,25.0,2022-08-05 00:00:55.383,192
4,24.0,2022-08-05 00:00:55.193,192
4,23.0,2022-08-05 00:00:55.007,192
4,22.0,2022-08-05 00:00:54.820,192
4,21.0,2022-08-05 00:00:54.630,192
4,20.0,2022-08-05 00:00:54.443,192
4,19.0,2022-08-05 00:00:54.260,192
4,18.0,2022-08-05 00:00:54.073,192
4,17.0,2022-08-05 00:00:53.883,192
4,16.0,2022-08-05 00:00:53.697,192
4,15.0,2022-08-05 00:00:53.510,192
4,14.0,2022-08-05 00:00:53.320,192
4,13.0,2022-08-05 00:00:53.133,192
4,12.0,2022-08-05 00:00:52.953,192
4,11.0,2022-08-05 00:00:52.767,192
4,10.0,2022-08-05 00:00:52.580,192
4,9.0,2022-08-05 00:00:52.393,192
4,8.0,2022-08-05 00:00:52.207,192
4,7.0,2022-08-05 00:00:52.023,192
4,6.0,2022-08-05 00:00:51.837,192
4,5.0,2022-08-05 00:00:51.653,192
4,4.0,2022-08-05 00:00:51.470,192
4,3.0,2022-08-05 00:00:51.287,192
4,2.0,2022-08-05 00:00:51.100,192
4,1.0,2022-08-05 00:00:50.903,192
4,1.0,2022-08-04 23:59:56.880,192
5,37.0,2022-08-05 00:16:11.797,192
5,36.0,2022-08-05 00:16:11.610,192
5,35.0,2022-08-05 00:16:11.423,192
5,34.0,2022-08-05 00:16:11.237,192
5,33.0,2022-08-05 00:16:11.050,192
5,32.0,2022-08-05 00:16:10.867,192
5,31.0,2022-08-05 00:16:10.680,192
5,30.0,2022-08-05 00:16:10.493,192
5,29.0,2022-08-05 00:16:10.303,192
5,28.0,2022-08-05 00:16:10.120,192
5,27.0,2022-08-05 00:16:09.937,192
5,26.0,2022-08-05 00:16:09.750,192
5,25.0,2022-08-05 00:16:09.563,192
5,24.0,2022-08-05 00:16:09.360,192
5,23.0,2022-08-05 00:16:09.170,192
5,22.0,2022-08-05 00:16:08.987,192
5,21.0,2022-08-05 00:16:08.800,192
5,20.0,2022-08-05 00:16:08.613,192
5,19.0,2022-08-05 00:16:08.427,192
5,18.0,2022-08-05 00:16:08.240,192
5,17.0,2022-08-05 00:16:08.057,192
5,16.0,2022-08-05 00:16:07.873,192
5,15.0,2022-08-05 00:16:07.687,192
5,14.0,2022-08-05 00:16:07.500,192
5,13.0,2022-08-05 00:16:07.313,192
5,12.0,2022-08-05 00:16:07.123,192
5,11.0,2022-08-05 00:16:06.937,192
5,10.0,2022-08-05 00:16:06.750,192
5,9.0,2022-08-05 00:16:06.567,192
5,8.0,2022-08-05 00:16:06.380,192
5,7.0,2022-08-05 00:16:06.193,192
5,6.0,2022-08-05 00:16:06.010,192
5,5.0,2022-08-05 00:16:05.823,192
5,4.0,2022-08-05 00:16:05.637,192
5,3.0,2022-08-05 00:16:05.450,192
5,2.0,2022-08-05 00:16:05.263,192
5,1.0,2022-08-05 00:16:05.077,192
5,0.0,2022-08-05 00:16:04.957,192
5,4362.0,2022-08-05 00:16:04.890,192
5,4361.0,2022-08-05 00:16:04.700,192
5,4360.0,2022-08-05 00:16:04.513,192
5,4359.0,2022-08-05 00:16:04.327,192
5,4358.0,2022-08-05 00:16:04.143,192
5,4357.0,2022-08-05 00:16:03.960,192
5,4356.0,2022-08-05 00:16:03.773,192
5,4355.0,2022-08-05 00:16:03.590,192
5,4354.0,2022-08-05 00:16:03.403,192
5,4353.0,2022-08-05 00:16:03.220,192
5,4352.0,2022-08-05 00:16:03.030,192
5,4351.0,2022-08-05 00:16:02.843,192
5,4350.0,2022-08-05 00:16:02.653,192
5,4349.0,2022-08-05 00:16:02.470,192
5,4348.0,2022-08-05 00:16:02.287,192
5,4347.0,2022-08-05 00:16:02.103,192
5,4346.0,2022-08-05 00:16:01.917,192
5,4345.0,2022-08-05 00:16:01.727,192
5,4344.0,2022-08-05 00:16:01.543,192
5,4343.0,2022-08-05 00:16:01.360,192
5,4342.0,2022-08-05 00:16:01.173,192
5,4341.0,2022-08-05 00:16:00.987,192
5,4340.0,2022-08-05 00:16:00.820,192
5,4339.0,2022-08-05 00:16:00.673,192
5,4338.0,2022-08-05 00:16:00.487,192
5,4337.0,2022-08-05 00:16:00.300,192
5,4336.0,2022-08-05 00:16:00.113,192
5,4335.0,2022-08-05 00:15:59.923,192
5,4334.0,2022-08-05 00:15:59.737,192
5,4333.0,2022-08-05 00:15:59.553,192
5,4332.0,2022-08-05 00:15:59.367,192
5,4331.0,2022-08-05 00:15:59.177,192
5,4330.0,2022-08-05 00:15:58.983,192
5,4329.0,2022-08-05 00:15:58.850,192
5,4328.0,2022-08-05 00:15:58.667,192
5,4327.0,2022-08-05 00:15:58.477,192
5,4326.0,2022-08-05 00:15:58.290,192
5,4325.0,2022-08-05 00:15:58.103,192
5,4324.0,2022-08-05 00:15:57.923,192
5,4323.0,2022-08-05 00:15:57.763,192
5,4322.0,2022-08-05 00:15:57.580,192
5,4321.0,2022-08-05 00:15:57.393,192
5,4320.0,2022-08-05 00:15:57.207,192
5,4319.0,2022-08-05 00:15:57.020,192
5,4318.0,2022-08-05 00:15:56.833,192
5,4317.0,2022-08-05 00:15:56.647,192
5,4316.0,2022-08-05 00:15:56.460,192
5,4315.0,2022-08-05 00:15:56.273,192
5,4314.0,2022-08-05 00:15:56.087,192
5,4313.0,2022-08-05 00:15:55.900,192
5,4312.0,2022-08-05 00:15:55.713,192
5,4311.0,2022-08-05 00:15:55.527,192
5,4310.0,2022-08-05 00:15:55.340,192
5,4309.0,2022-08-05 00:15:55.153,192
5,4308.0,2022-08-05 00:15:54.970,192
5,4307.0,2022-08-05 00:15:54.780,192
5,4306.0,2022-08-05 00:15:54.597,192
5,4305.0,2022-08-05 00:15:54.410,192
5,4304.0,2022-08-05 00:15:54.223,192
5,4303.0,2022-08-05 00:15:54.040,192
5,4302.0,2022-08-05 00:15:53.853,192
5,4301.0,2022-08-05 00:15:53.670,192
5,4300.0,2022-08-05 00:15:53.540,192
5,4299.0,2022-08-05 00:15:53.393,192
5,4298.0,2022-08-05 00:15:53.203,192
5,4297.0,2022-08-05 00:15:53.017,192
5,4296.0,2022-08-05 00:15:52.830,192
5,4295.0,2022-08-05 00:15:52.643,192
5,4294.0,2022-08-05 00:15:52.457,192
5,4293.0,2022-08-05 00:15:52.270,192
5,4292.0,2022-08-05 00:15:52.080,192
5,4291.0,2022-08-05 00:15:51.893,192
5,4290.0,2022-08-05 00:15:51.707,192
5,4289.0,2022-08-05 00:15:51.520,192
5,4288.0,2022-08-05 00:15:51.337,192
5,4287.0,2022-08-05 00:15:51.150,192
5,4286.0,2022-08-05 00:15:50.947,192
5,4285.0,2022-08-05 00:15:50.760,192
5,4284.0,2022-08-05 00:15:50.570,192
5,4283.0,2022-08-05 00:15:50.383,192
5,4282.0,2022-08-05 00:15:50.197,192
5,4281.0,2022-08-05 00:15:50.007,192
5,4280.0,2022-08-05 00:15:49.823,192
5,4279.0,2022-08-05 00:15:49.637,192
5,4278.0,2022-08-05 00:15:49.447,192
5,4277.0,2022-08-05 00:15:49.263,192
5,4276.0,2022-08-05 00:15:49.077,192
5,4275.0,2022-08-05 00:15:48.890,192
5,4274.0,2022-08-05 00:15:48.700,192
5,4273.0,2022-08-05 00:15:48.513,192
5,4272.0,2022-08-05 00:15:48.327,192
5,4271.0,2022-08-05 00:15:48.140,192
5,4270.0,2022-08-05 00:15:47.957,192
5,4269.0,2022-08-05 00:15:47.770,192
5,4268.0,2022-08-05 00:15:47.583,192
5,4267.0,2022-08-05 00:15:47.397,192
5,4266.0,2022-08-05 00:15:47.213,192
5,4265.0,2022-08-05 00:15:47.027,192
5,4264.0,2022-08-05 00:15:46.840,192
5,4263.0,2022-08-05 00:15:46.657,192
5,4262.0,2022-08-05 00:15:46.470,192
5,4261.0,2022-08-05 00:15:46.287,192
5,4260.0,2022-08-05 00:15:46.103,192
5,4259.0,2022-08-05 00:15:45.917,192
5,4258.0,2022-08-05 00:15:45.733,192
5,4257.0,2022-08-05 00:15:45.550,192
5,4256.0,2022-08-05 00:15:45.367,192
5,4255.0,2022-08-05 00:15:45.183,192
5,4254.0,2022-08-05 00:15:44.997,192
5,4253.0,2022-08-05 00:15:44.813,192
5,4252.0,2022-08-05 00:15:44.627,192
5,4251.0,2022-08-05 00:15:44.443,192
5,4250.0,2022-08-05 00:15:44.260,192
5,4249.0,2022-08-05 00:15:44.073,192
5,4248.0,2022-08-05 00:15:43.890,192
5,4247.0,2022-08-05 00:15:43.707,192
5,4246.0,2022-08-05 00:15:43.520,192
5,4245.0,2022-08-05 00:15:43.337,192
5,4244.0,2022-08-05 00:15:43.150,192
5,4243.0,2022-08-05 00:15:42.963,192
5,4242.0,2022-08-05 00:15:42.777,192
5,4241.0,2022-08-05 00:15:42.580,192
5,4240.0,2022-08-05 00:15:42.393,192
5,4239.0,2022-08-05 00:15:42.207,192
5,4238.0,2022-08-05 00:15:42.023,192
5,4237.0,2022-08-05 00:15:41.837,192
5,4236.0,2022-08-05 00:15:41.653,192
5,4235.0,2022-08-05 00:15:41.467,192
5,4234.0,2022-08-05 00:15:41.283,192
5,4233.0,2022-08-05 00:15:41.097,192
5,4232.0,2022-08-05 00:15:40.910,192
5,4231.0,2022-08-05 00:15:40.727,192
5,4230.0,2022-08-05 00:15:40.540,192
5,4229.0,2022-08-05 00:15:40.353,192
5,4228.0,2022-08-05 00:15:40.170,192
5,4227.0,2022-08-05 00:15:39.987,192
5,4226.0,2022-08-05 00:15:39.800,192
5,4225.0,2022-08-05 00:15:39.613,192
5,4224.0,2022-08-05 00:15:39.430,192
5,4223.0,2022-08-05 00:15:39.247,192
5,4222.0,2022-08-05 00:15:39.063,192
5,4221.0,2022-08-05 00:15:38.877,192
5,4220.0,2022-08-05 00:15:38.693,192
5,4219.0,2022-08-05 00:15:38.507,192
5,4218.0,2022-08-05 00:15:38.323,192
5,4217.0,2022-08-05 00:15:38.137,192
5,4216.0,2022-08-05 00:15:37.953,192
5,4215.0,2022-08-05 00:15:37.767,192
5,4214.0,2022-08-05 00:15:37.587,192
5,4213.0,2022-08-05 00:15:37.400,192
5,4212.0,2022-08-05 00:15:37.217,192
5,4211.0,2022-08-05 00:15:37.033,192
5,4210.0,2022-08-05 00:15:36.847,192
5,4209.0,2022-08-05 00:15:36.660,192
5,4208.0,2022-08-05 00:15:36.477,192
5,4207.0,2022-08-05 00:15:36.293,192
5,4206.0,2022-08-05 00:15:36.107,192
5,4205.0,2022-08-05 00:15:35.920,192
5,4204.0,2022-08-05 00:15:35.733,192
5,4203.0,2022-08-05 00:15:35.547,192
5,4202.0,2022-08-05 00:15:35.363,192
5,4201.0,2022-08-05 00:15:35.177,192
5,4200.0,2022-08-05 00:15:34.993,192
5,4199.0,2022-08-05 00:15:34.807,192
5,4198.0,2022-08-05 00:15:34.623,192
5,4197.0,2022-08-05 00:15:34.437,192
5,4196.0,2022-08-05 00:15:34.253,192
5,4195.0,2022-08-05 00:15:34.070,192
5,4194.0,2022-08-05 00:15:33.887,192
5,4193.0,2022-08-05 00:15:33.700,192
5,4192.0,2022-08-05 00:15:33.517,192
5,4191.0,2022-08-05 00:15:33.333,192
5,4190.0,2022-08-05 00:15:33.147,192
5,4189.0,2022-08-05 00:15:32.963,192
5,4188.0,2022-08-05 00:15:32.777,192
5,4187.0,2022-08-05 00:15:32.593,192
5,4186.0,2022-08-05 00:15:32.407,192
5,4185.0,2022-08-05 00:15:32.223,192
5,4184.0,2022-08-05 00:15:32.037,192
5,4183.0,2022-08-05 00:15:31.853,192
5,4182.0,2022-08-05 00:15:31.670,192
5,4181.0,2022-08-05 00:15:31.487,192
5,4180.0,2022-08-05 00:15:31.300,192
5,4179.0,2022-08-05 00:15:31.113,192
5,4178.0,2022-08-05 00:15:30.927,192
5,4177.0,2022-08-05 00:15:30.743,192
5,4176.0,2022-08-05 00:15:30.560,192
5,4175.0,2022-08-05 00:15:30.373,192
5,4174.0,2022-08-05 00:15:30.187,192
5,4173.0,2022-08-05 00:15:30.000,192
5,4172.0,2022-08-05 00:15:29.813,192
5,4171.0,2022-08-05 00:15:29.630,192
5,4170.0,2022-08-05 00:15:29.443,192
5,4169.0,2022-08-05 00:15:29.260,192
5,4168.0,2022-08-05 00:15:29.073,192
5,4167.0,2022-08-05 00:15:28.887,192
5,4166.0,2022-08-05 00:15:28.700,192
5,4165.0,2022-08-05 00:15:28.517,192
5,4164.0,2022-08-05 00:15:28.330,192
5,4163.0,2022-08-05 00:15:28.147,192
5,4162.0,2022-08-05 00:15:27.960,192
5,4161.0,2022-08-05 00:15:27.777,192
5,4160.0,2022-08-05 00:15:27.590,192
5,4159.0,2022-08-05 00:15:27.403,192
5,4158.0,2022-08-05 00:15:27.217,192
5,4157.0,2022-08-05 00:15:27.033,192
5,4156.0,2022-08-05 00:15:26.850,192
5,4155.0,2022-08-05 00:15:26.667,192
5,4154.0,2022-08-05 00:15:26.480,192
5,4153.0,2022-08-05 00:15:26.297,192
5,4152.0,2022-08-05 00:15:26.110,192
5,4151.0,2022-08-05 00:15:25.930,192
5,4150.0,2022-08-05 00:15:25.743,192
5,4149.0,2022-08-05 00:15:25.557,192
5,4148.0,2022-08-05 00:15:25.373,192
5,4147.0,2022-08-05 00:15:25.187,192
5,4146.0,2022-08-05 00:15:25.003,192
5,4145.0,2022-08-05 00:15:24.820,192
5,4144.0,2022-08-05 00:15:24.633,192
5,4143.0,2022-08-05 00:15:24.447,192
5,4142.0,2022-08-05 00:15:24.260,192
5,4141.0,2022-08-05 00:15:24.077,192
5,4140.0,2022-08-05 00:15:23.890,192
5,4139.0,2022-08-05 00:15:23.707,192
5,4138.0,2022-08-05 00:15:23.520,192
5,4137.0,2022-08-05 00:15:23.337,192
5,4136.0,2022-08-05 00:15:23.150,192
5,4135.0,2022-08-05 00:15:22.963,192
5,4134.0,2022-08-05 00:15:22.777,192
5,4133.0,2022-08-05 00:15:22.593,192
5,4132.0,2022-08-05 00:15:22.410,192
5,4131.0,2022-08-05 00:15:22.227,192
5,4130.0,2022-08-05 00:15:22.040,192
5,4129.0,2022-08-05 00:15:21.853,192
5,4128.0,2022-08-05 00:15:21.667,192
5,4127.0,2022-08-05 00:15:21.483,192
5,4126.0,2022-08-05 00:15:21.297,192
5,4125.0,2022-08-05 00:15:21.110,192
5,4124.0,2022-08-05 00:15:20.927,192
5,4123.0,2022-08-05 00:15:20.740,192
5,4122.0,2022-08-05 00:15:20.553,192
5,4121.0,2022-08-05 00:15:20.370,192
5,4120.0,2022-08-05 00:15:20.183,192
5,4119.0,2022-08-05 00:15:20.000,192
5,4118.0,2022-08-05 00:15:19.813,192
5,4117.0,2022-08-05 00:15:19.630,192
5,4116.0,2022-08-05 00:15:19.443,192
5,4115.0,2022-08-05 00:15:19.260,192
5,4114.0,2022-08-05 00:15:19.073,192
5,4113.0,2022-08-05 00:15:18.887,192
5,4112.0,2022-08-05 00:15:18.700,192
5,4111.0,2022-08-05 00:15:18.517,192
5,4110.0,2022-08-05 00:15:18.333,192
5,4109.0,2022-08-05 00:15:18.150,192
5,4108.0,2022-08-05 00:15:17.963,192
5,4107.0,2022-08-05 00:15:17.780,192
5,4106.0,2022-08-05 00:15:17.593,192
5,4105.0,2022-08-05 00:15:17.410,192
5,4104.0,2022-08-05 00:15:17.227,192
5,4103.0,2022-08-05 00:15:17.040,192
5,4102.0,2022-08-05 00:15:16.857,192
5,4101.0,2022-08-05 00:15:16.670,192
5,4100.0,2022-08-05 00:15:16.487,192
5,4099.0,2022-08-05 00:15:16.303,192
5,4098.0,2022-08-05 00:15:16.120,192
5,4097.0,2022-08-05 00:15:15.937,192
5,4096.0,2022-08-05 00:15:15.750,192
5,4095.0,2022-08-05 00:15:15.563,192
5,4094.0,2022-08-05 00:15:15.377,192
5,4093.0,2022-08-05 00:15:15.193,192
5,4092.0,2022-08-05 00:15:15.007,192
5,4091.0,2022-08-05 00:15:14.823,192
5,4090.0,2022-08-05 00:15:14.637,192
5,4089.0,2022-08-05 00:15:14.453,192
5,4088.0,2022-08-05 00:15:14.270,192
5,4087.0,2022-08-05 00:15:14.083,192
5,4086.0,2022-08-05 00:15:13.900,192
5,4085.0,2022-08-05 00:15:13.713,192
5,4084.0,2022-08-05 00:15:13.530,192
5,4083.0,2022-08-05 00:15:13.343,192
5,4082.0,2022-08-05 00:15:13.157,192
5,4081.0,2022-08-05 00:15:12.973,192
5,4080.0,2022-08-05 00:15:12.787,192
5,4079.0,2022-08-05 00:15:12.600,192
5,4078.0,2022-08-05 00:15:12.417,192
5,4077.0,2022-08-05 00:15:12.233,192
5,4076.0,2022-08-05 00:15:12.047,192
5,4075.0,2022-08-05 00:15:11.863,192
5,4074.0,2022-08-05 00:15:11.677,192
5,4073.0,2022-08-05 00:15:11.493,192
5,4072.0,2022-08-05 00:15:11.310,192
5,4071.0,2022-08-05 00:15:11.123,192
5,4070.0,2022-08-05 00:15:10.940,192
5,4069.0,2022-08-05 00:15:10.757,192
5,4068.0,2022-08-05 00:15:10.570,192
5,4067.0,2022-08-05 00:15:10.387,192
5,4066.0,2022-08-05 00:15:10.200,192
5,4065.0,2022-08-05 00:15:10.017,192
5,4064.0,2022-08-05 00:15:09.830,192
5,4063.0,2022-08-05 00:15:09.643,192
5,4062.0,2022-08-05 00:15:09.460,192
5,4061.0,2022-08-05 00:15:09.273,192
5,4060.0,2022-08-05 00:15:09.087,192
5,4059.0,2022-08-05 00:15:08.903,192
5,4058.0,2022-08-05 00:15:08.717,192
5,4057.0,2022-08-05 00:15:08.533,192
5,4056.0,2022-08-05 00:15:08.347,192
5,4055.0,2022-08-05 00:15:08.160,192
5,4054.0,2022-08-05 00:15:07.977,192
5,4053.0,2022-08-05 00:15:07.790,192
5,4052.0,2022-08-05 00:15:07.603,192
5,4051.0,2022-08-05 00:15:07.420,192
5,4050.0,2022-08-05 00:15:07.233,192
5,4049.0,2022-08-05 00:15:07.050,192
5,4048.0,2022-08-05 00:15:06.867,192
5,4047.0,2022-08-05 00:15:06.680,192
5,4046.0,2022-08-05 00:15:06.497,192
5,4045.0,2022-08-05 00:15:06.310,192
5,4044.0,2022-08-05 00:15:06.127,192
5,4043.0,2022-08-05 00:15:05.943,192
5,4042.0,2022-08-05 00:15:05.757,192
5,4041.0,2022-08-05 00:15:05.570,192
5,4040.0,2022-08-05 00:15:05.387,192
5,4039.0,2022-08-05 00:15:05.203,192
5,4038.0,2022-08-05 00:15:05.017,192
5,4037.0,2022-08-05 00:15:04.833,192
5,4036.0,2022-08-05 00:15:04.647,192
5,4035.0,2022-08-05 00:15:04.467,192
5,4034.0,2022-08-05 00:15:04.280,192
5,4033.0,2022-08-05 00:15:04.097,192
5,4032.0,2022-08-05 00:15:03.913,192
5,4031.0,2022-08-05 00:15:03.727,192
5,4030.0,2022-08-05 00:15:03.547,192
5,4029.0,2022-08-05 00:15:03.360,192
5,4028.0,2022-08-05 00:15:03.173,192
5,4027.0,2022-08-05 00:15:02.990,192
5,4026.0,2022-08-05 00:15:02.803,192
5,4025.0,2022-08-05 00:15:02.620,192
5,4024.0,2022-08-05 00:15:02.433,192
5,4023.0,2022-08-05 00:15:02.247,192
5,4022.0,2022-08-05 00:15:02.063,192
5,4021.0,2022-08-05 00:15:01.880,192
5,4020.0,2022-08-05 00:15:01.697,192
5,4019.0,2022-08-05 00:15:01.510,192
5,4018.0,2022-08-05 00:15:01.327,192
5,4017.0,2022-08-05 00:15:01.140,192
5,4016.0,2022-08-05 00:15:00.957,192
5,4015.0,2022-08-05 00:15:00.770,192
5,4014.0,2022-08-05 00:15:00.587,192
5,4013.0,2022-08-05 00:15:00.400,192
5,4012.0,2022-08-05 00:15:00.213,192
5,4011.0,2022-08-05 00:15:00.030,192
5,4010.0,2022-08-05 00:14:59.843,192
5,4009.0,2022-08-05 00:14:59.657,192
5,4008.0,2022-08-05 00:14:59.473,192
5,4007.0,2022-08-05 00:14:59.290,192
5,4006.0,2022-08-05 00:14:59.103,192
5,4005.0,2022-08-05 00:14:58.920,192
5,4004.0,2022-08-05 00:14:58.733,192
5,4003.0,2022-08-05 00:14:58.550,192
5,4002.0,2022-08-05 00:14:58.363,192
5,4001.0,2022-08-05 00:14:58.177,192
5,4000.0,2022-08-05 00:14:57.990,192
5,3999.0,2022-08-05 00:14:57.807,192
5,3998.0,2022-08-05 00:14:57.623,192
5,3997.0,2022-08-05 00:14:57.437,192
5,3996.0,2022-08-05 00:14:57.253,192
5,3995.0,2022-08-05 00:14:57.067,192
5,3994.0,2022-08-05 00:14:56.883,192
5,3993.0,2022-08-05 00:14:56.700,192
5,3992.0,2022-08-05 00:14:56.513,192
5,3991.0,2022-08-05 00:14:56.330,192
5,3990.0,2022-08-05 00:14:56.147,192
5,3989.0,2022-08-05 00:14:55.960,192
5,3988.0,2022-08-05 00:14:55.777,192
5,3987.0,2022-08-05 00:14:55.590,192
5,3986.0,2022-08-05 00:14:55.407,192
5,3985.0,2022-08-05 00:14:55.223,192
5,3984.0,2022-08-05 00:14:55.040,192
5,3983.0,2022-08-05 00:14:54.853,192
5,3982.0,2022-08-05 00:14:54.670,192
5,3981.0,2022-08-05 00:14:54.487,192
5,3980.0,2022-08-05 00:14:54.300,192
5,3979.0,2022-08-05 00:14:54.113,192
5,3978.0,2022-08-05 00:14:53.927,192
5,3977.0,2022-08-05 00:14:53.743,192
5,3976.0,2022-08-05 00:14:53.557,192
5,3975.0,2022-08-05 00:14:53.373,192
5,3974.0,2022-08-05 00:14:53.190,192
5,3973.0,2022-08-05 00:14:53.003,192
5,3972.0,2022-08-05 00:14:52.820,192
5,3971.0,2022-08-05 00:14:52.633,192
5,3970.0,2022-08-05 00:14:52.450,192
5,3969.0,2022-08-05 00:14:52.260,192
5,3968.0,2022-08-05 00:14:52.073,192
5,3967.0,2022-08-05 00:14:51.887,192
5,3966.0,2022-08-05 00:14:51.703,192
5,3965.0,2022-08-05 00:14:51.517,192
5,3964.0,2022-08-05 00:14:51.330,192
5,3963.0,2022-08-05 00:14:51.143,192
5,3962.0,2022-08-05 00:14:50.960,192
5,3961.0,2022-08-05 00:14:50.777,192
5,3960.0,2022-08-05 00:14:50.587,192
5,3959.0,2022-08-05 00:14:50.403,192
5,3958.0,2022-08-05 00:14:50.213,192
5,3957.0,2022-08-05 00:14:50.027,192
5,3956.0,2022-08-05 00:14:49.840,192
5,3955.0,2022-08-05 00:14:49.657,192
5,3954.0,2022-08-05 00:14:49.473,192
5,3953.0,2022-08-05 00:14:49.287,192
5,3952.0,2022-08-05 00:14:49.100,192
5,3951.0,2022-08-05 00:14:48.913,192
5,3950.0,2022-08-05 00:14:48.730,192
5,3949.0,2022-08-05 00:14:48.547,192
5,3948.0,2022-08-05 00:14:48.363,192
5,3947.0,2022-08-05 00:14:48.177,192
5,3946.0,2022-08-05 00:14:47.993,192
5,3945.0,2022-08-05 00:14:47.807,192
5,3944.0,2022-08-05 00:14:47.623,192
5,3943.0,2022-08-05 00:14:47.437,192
5,3942.0,2022-08-05 00:14:47.250,192
5,3941.0,2022-08-05 00:14:47.063,192
5,3940.0,2022-08-05 00:14:46.880,192
5,3939.0,2022-08-05 00:14:46.693,192
5,3938.0,2022-08-05 00:14:46.510,192
5,3937.0,2022-08-05 00:14:46.327,192
5,3936.0,2022-08-05 00:14:46.143,192
5,3935.0,2022-08-05 00:14:45.960,192
5,3934.0,2022-08-05 00:14:45.773,192
5,3933.0,2022-08-05 00:14:45.583,192
5,3932.0,2022-08-05 00:14:45.400,192
5,3931.0,2022-08-05 00:14:45.217,192
5,3930.0,2022-08-05 00:14:45.030,192
5,3929.0,2022-08-05 00:14:44.843,192
5,3928.0,2022-08-05 00:14:44.660,192
5,3927.0,2022-08-05 00:14:44.477,192
5,3926.0,2022-08-05 00:14:44.290,192
5,3925.0,2022-08-05 00:14:44.107,192
5,3924.0,2022-08-05 00:14:43.920,192
5,3923.0,2022-08-05 00:14:43.733,192
5,3922.0,2022-08-05 00:14:43.550,192
5,3921.0,2022-08-05 00:14:43.363,192
5,3920.0,2022-08-05 00:14:43.180,192
5,3919.0,2022-08-05 00:14:42.993,192
5,3918.0,2022-08-05 00:14:42.810,192
5,3917.0,2022-08-05 00:14:42.623,192
5,3916.0,2022-08-05 00:14:42.437,192
5,3915.0,2022-08-05 00:14:42.257,192
5,3914.0,2022-08-05 00:14:42.067,192
5,3913.0,2022-08-05 00:14:41.880,192
5,3912.0,2022-08-05 00:14:41.697,192
5,3911.0,2022-08-05 00:14:41.513,192
5,3910.0,2022-08-05 00:14:41.330,192
5,3909.0,2022-08-05 00:14:41.143,192
5,3908.0,2022-08-05 00:14:40.960,192
5,3907.0,2022-08-05 00:14:40.773,192
5,3906.0,2022-08-05 00:14:40.590,192
5,3905.0,2022-08-05 00:14:40.407,192
5,3904.0,2022-08-05 00:14:40.220,192
5,3903.0,2022-08-05 00:14:40.037,192
5,3902.0,2022-08-05 00:14:39.850,192
5,3901.0,2022-08-05 00:14:39.667,192
5,3900.0,2022-08-05 00:14:39.483,192
5,3899.0,2022-08-05 00:14:39.297,192
5,3898.0,2022-08-05 00:14:39.117,192
5,3897.0,2022-08-05 00:14:38.930,192
5,3896.0,2022-08-05 00:14:38.747,192
5,3895.0,2022-08-05 00:14:38.563,192
5,3894.0,2022-08-05 00:14:38.377,192
5,3893.0,2022-08-05 00:14:38.193,192
5,3892.0,2022-08-05 00:14:38.003,192
5,3891.0,2022-08-05 00:14:37.820,192
5,3890.0,2022-08-05 00:14:37.637,192
5,3889.0,2022-08-05 00:14:37.453,192
5,3888.0,2022-08-05 00:14:37.267,192
5,3887.0,2022-08-05 00:14:37.083,192
5,3886.0,2022-08-05 00:14:36.900,192
5,3885.0,2022-08-05 00:14:36.710,192
5,3884.0,2022-08-05 00:14:36.527,192
5,3883.0,2022-08-05 00:14:36.343,192
5,3882.0,2022-08-05 00:14:36.157,192
5,3881.0,2022-08-05 00:14:35.973,192
5,3880.0,2022-08-05 00:14:35.787,192
5,3879.0,2022-08-05 00:14:35.603,192
5,3878.0,2022-08-05 00:14:35.420,192
5,3877.0,2022-08-05 00:14:35.233,192
5,3876.0,2022-08-05 00:14:35.050,192
5,3875.0,2022-08-05 00:14:34.867,192
5,3874.0,2022-08-05 00:14:34.680,192
5,3873.0,2022-08-05 00:14:34.493,192
5,3872.0,2022-08-05 00:14:34.310,192
5,3871.0,2022-08-05 00:14:34.127,192
5,3870.0,2022-08-05 00:14:33.940,192
5,3869.0,2022-08-05 00:14:33.757,192
5,3868.0,2022-08-05 00:14:33.573,192
5,3867.0,2022-08-05 00:14:33.387,192
5,3866.0,2022-08-05 00:14:33.203,192
5,3865.0,2022-08-05 00:14:33.020,192
5,3864.0,2022-08-05 00:14:32.833,192
5,3863.0,2022-08-05 00:14:32.650,192
5,3862.0,2022-08-05 00:14:32.463,192
5,3861.0,2022-08-05 00:14:32.280,192
5,3860.0,2022-08-05 00:14:32.093,192
5,3859.0,2022-08-05 00:14:31.907,192
5,3858.0,2022-08-05 00:14:31.720,192
5,3857.0,2022-08-05 00:14:31.537,192
5,3856.0,2022-08-05 00:14:31.350,192
5,3855.0,2022-08-05 00:14:31.163,192
5,3854.0,2022-08-05 00:14:30.980,192
5,3853.0,2022-08-05 00:14:30.793,192
5,3852.0,2022-08-05 00:14:30.610,192
5,3851.0,2022-08-05 00:14:30.423,192
5,3850.0,2022-08-05 00:14:30.237,192
5,3849.0,2022-08-05 00:14:30.050,192
5,3848.0,2022-08-05 00:14:29.867,192
5,3847.0,2022-08-05 00:14:29.683,192
5,3846.0,2022-08-05 00:14:29.497,192
5,3845.0,2022-08-05 00:14:29.313,192
5,3844.0,2022-08-05 00:14:29.127,192
5,3843.0,2022-08-05 00:14:28.943,192
5,3842.0,2022-08-05 00:14:28.757,192
5,3841.0,2022-08-05 00:14:28.573,192
5,3840.0,2022-08-05 00:14:28.387,192
5,3839.0,2022-08-05 00:14:28.203,192
5,3838.0,2022-08-05 00:14:28.017,192
5,3837.0,2022-08-05 00:14:27.833,192
5,3836.0,2022-08-05 00:14:27.647,192
5,3835.0,2022-08-05 00:14:27.463,192
5,3834.0,2022-08-05 00:14:27.280,192
5,3833.0,2022-08-05 00:14:27.097,192
5,3832.0,2022-08-05 00:14:26.910,192
5,3831.0,2022-08-05 00:14:26.723,192
5,3830.0,2022-08-05 00:14:26.540,192
5,3829.0,2022-08-05 00:14:26.353,192
5,3828.0,2022-08-05 00:14:26.170,192
5,3827.0,2022-08-05 00:14:25.987,192
5,3826.0,2022-08-05 00:14:25.800,192
5,3825.0,2022-08-05 00:14:25.613,192
5,3824.0,2022-08-05 00:14:25.430,192
5,3823.0,2022-08-05 00:14:25.243,192
5,3822.0,2022-08-05 00:14:25.057,192
5,3821.0,2022-08-05 00:14:24.870,192
5,3820.0,2022-08-05 00:14:24.683,192
5,3819.0,2022-08-05 00:14:24.500,192
5,3818.0,2022-08-05 00:14:24.313,192
5,3817.0,2022-08-05 00:14:24.130,192
5,3816.0,2022-08-05 00:14:23.947,192
5,3815.0,2022-08-05 00:14:23.757,192
5,3814.0,2022-08-05 00:14:23.573,192
5,3813.0,2022-08-05 00:14:23.387,192
5,3812.0,2022-08-05 00:14:23.203,192
5,3811.0,2022-08-05 00:14:23.020,192
5,3810.0,2022-08-05 00:14:22.837,192
5,3809.0,2022-08-05 00:14:22.650,192
5,3808.0,2022-08-05 00:14:22.467,192
5,3807.0,2022-08-05 00:14:22.283,192
5,3806.0,2022-08-05 00:14:22.097,192
5,3805.0,2022-08-05 00:14:21.913,192
5,3804.0,2022-08-05 00:14:21.727,192
5,3803.0,2022-08-05 00:14:21.543,192
5,3802.0,2022-08-05 00:14:21.357,192
5,3801.0,2022-08-05 00:14:21.173,192
5,3800.0,2022-08-05 00:14:20.987,192
5,3799.0,2022-08-05 00:14:20.803,192
5,3798.0,2022-08-05 00:14:20.617,192
5,3797.0,2022-08-05 00:14:20.433,192
5,3796.0,2022-08-05 00:14:20.250,192
5,3795.0,2022-08-05 00:14:20.063,192
5,3794.0,2022-08-05 00:14:19.877,192
5,3793.0,2022-08-05 00:14:19.693,192
5,3792.0,2022-08-05 00:14:19.507,192
5,3791.0,2022-08-05 00:14:19.320,192
5,3790.0,2022-08-05 00:14:19.137,192
5,3789.0,2022-08-05 00:14:18.950,192
5,3788.0,2022-08-05 00:14:18.763,192
5,3787.0,2022-08-05 00:14:18.580,192
5,3786.0,2022-08-05 00:14:18.393,192
5,3785.0,2022-08-05 00:14:18.207,192
5,3784.0,2022-08-05 00:14:18.020,192
5,3783.0,2022-08-05 00:14:17.837,192
5,3782.0,2022-08-05 00:14:17.653,192
5,3781.0,2022-08-05 00:14:17.467,192
5,3780.0,2022-08-05 00:14:17.283,192
5,3779.0,2022-08-05 00:14:17.097,192
5,3778.0,2022-08-05 00:14:16.913,192
5,3777.0,2022-08-05 00:14:16.730,192
5,3776.0,2022-08-05 00:14:16.543,192
5,3775.0,2022-08-05 00:14:16.357,192
5,3774.0,2022-08-05 00:14:16.173,192
5,3773.0,2022-08-05 00:14:15.987,192
5,3772.0,2022-08-05 00:14:15.803,192
5,3771.0,2022-08-05 00:14:15.617,192
5,3770.0,2022-08-05 00:14:15.433,192
5,3769.0,2022-08-05 00:14:15.250,192
5,3768.0,2022-08-05 00:14:15.060,192
5,3767.0,2022-08-05 00:14:14.877,192
5,3766.0,2022-08-05 00:14:14.690,192
5,3765.0,2022-08-05 00:14:14.507,192
5,3764.0,2022-08-05 00:14:14.320,192
5,3763.0,2022-08-05 00:14:14.137,192
5,3762.0,2022-08-05 00:14:13.950,192
5,3761.0,2022-08-05 00:14:13.763,192
5,3760.0,2022-08-05 00:14:13.577,192
5,3759.0,2022-08-05 00:14:13.393,192
5,3758.0,2022-08-05 00:14:13.210,192
5,3757.0,2022-08-05 00:14:13.023,192
5,3756.0,2022-08-05 00:14:12.840,192
5,3755.0,2022-08-05 00:14:12.657,192
5,3754.0,2022-08-05 00:14:12.470,192
5,3753.0,2022-08-05 00:14:12.287,192
5,3752.0,2022-08-05 00:14:12.103,192
5,3751.0,2022-08-05 00:14:11.920,192
5,3750.0,2022-08-05 00:14:11.733,192
5,3749.0,2022-08-05 00:14:11.550,192
5,3748.0,2022-08-05 00:14:11.363,192
5,3747.0,2022-08-05 00:14:11.180,192
5,3746.0,2022-08-05 00:14:10.993,192
5,3745.0,2022-08-05 00:14:10.810,192
5,3744.0,2022-08-05 00:14:10.627,192
5,3743.0,2022-08-05 00:14:10.440,192
5,3742.0,2022-08-05 00:14:10.257,192
5,3741.0,2022-08-05 00:14:10.073,192
5,3740.0,2022-08-05 00:14:09.887,192
5,3739.0,2022-08-05 00:14:09.703,192
5,3738.0,2022-08-05 00:14:09.520,192
5,3737.0,2022-08-05 00:14:09.337,192
5,3736.0,2022-08-05 00:14:09.150,192
5,3735.0,2022-08-05 00:14:08.963,192
5,3734.0,2022-08-05 00:14:08.780,192
5,3733.0,2022-08-05 00:14:08.597,192
5,3732.0,2022-08-05 00:14:08.410,192
5,3731.0,2022-08-05 00:14:08.227,192
5,3730.0,2022-08-05 00:14:08.040,192
5,3729.0,2022-08-05 00:14:07.853,192
5,3728.0,2022-08-05 00:14:07.670,192
5,3727.0,2022-08-05 00:14:07.483,192
5,3726.0,2022-08-05 00:14:07.300,192
5,3725.0,2022-08-05 00:14:07.113,192
5,3724.0,2022-08-05 00:14:06.927,192
5,3723.0,2022-08-05 00:14:06.740,192
5,3722.0,2022-08-05 00:14:06.557,192
5,3721.0,2022-08-05 00:14:06.370,192
5,3720.0,2022-08-05 00:14:06.187,192
5,3719.0,2022-08-05 00:14:05.997,192
5,3718.0,2022-08-05 00:14:05.810,192
5,3717.0,2022-08-05 00:14:05.627,192
5,3716.0,2022-08-05 00:14:05.440,192
5,3715.0,2022-08-05 00:14:05.257,192
5,3714.0,2022-08-05 00:14:05.070,192
5,3713.0,2022-08-05 00:14:04.883,192
5,3712.0,2022-08-05 00:14:04.700,192
5,3711.0,2022-08-05 00:14:04.517,192
5,3710.0,2022-08-05 00:14:04.330,192
5,3709.0,2022-08-05 00:14:04.143,192
5,3708.0,2022-08-05 00:14:03.960,192
5,3707.0,2022-08-05 00:14:03.773,192
5,3706.0,2022-08-05 00:14:03.587,192
5,3705.0,2022-08-05 00:14:03.403,192
5,3704.0,2022-08-05 00:14:03.220,192
5,3703.0,2022-08-05 00:14:03.033,192
5,3702.0,2022-08-05 00:14:02.850,192
5,3701.0,2022-08-05 00:14:02.667,192
5,3700.0,2022-08-05 00:14:02.483,192
5,3699.0,2022-08-05 00:14:02.297,192
5,3698.0,2022-08-05 00:14:02.113,192
5,3697.0,2022-08-05 00:14:01.927,192
5,3696.0,2022-08-05 00:14:01.743,192
5,3695.0,2022-08-05 00:14:01.557,192
5,3694.0,2022-08-05 00:14:01.373,192
5,3693.0,2022-08-05 00:14:01.190,192
5,3692.0,2022-08-05 00:14:01.003,192
5,3691.0,2022-08-05 00:14:00.813,192
5,3690.0,2022-08-05 00:14:00.627,192
5,3689.0,2022-08-05 00:14:00.443,192
5,3688.0,2022-08-05 00:14:00.257,192
5,3687.0,2022-08-05 00:14:00.073,192
5,3686.0,2022-08-05 00:13:59.890,192
5,3685.0,2022-08-05 00:13:59.703,192
5,3684.0,2022-08-05 00:13:59.517,192
5,3683.0,2022-08-05 00:13:59.330,192
5,3682.0,2022-08-05 00:13:59.143,192
5,3681.0,2022-08-05 00:13:58.957,192
5,3680.0,2022-08-05 00:13:58.770,192
5,3679.0,2022-08-05 00:13:58.583,192
5,3678.0,2022-08-05 00:13:58.397,192
5,3677.0,2022-08-05 00:13:58.210,192
5,3676.0,2022-08-05 00:13:58.027,192
5,3675.0,2022-08-05 00:13:57.843,192
5,3674.0,2022-08-05 00:13:57.653,192
5,3673.0,2022-08-05 00:13:57.467,192
5,3672.0,2022-08-05 00:13:57.280,192
5,3671.0,2022-08-05 00:13:57.097,192
5,3670.0,2022-08-05 00:13:56.910,192
5,3669.0,2022-08-05 00:13:56.723,192
5,3668.0,2022-08-05 00:13:56.540,192
5,3667.0,2022-08-05 00:13:56.353,192
5,3666.0,2022-08-05 00:13:56.167,192
5,3665.0,2022-08-05 00:13:55.980,192
5,3664.0,2022-08-05 00:13:55.793,192
5,3663.0,2022-08-05 00:13:55.610,192
5,3662.0,2022-08-05 00:13:55.423,192
5,3661.0,2022-08-05 00:13:55.233,192
5,3660.0,2022-08-05 00:13:55.050,192
5,3659.0,2022-08-05 00:13:54.863,192
5,3658.0,2022-08-05 00:13:54.677,192
5,3657.0,2022-08-05 00:13:54.490,192
5,3656.0,2022-08-05 00:13:54.303,192
5,3655.0,2022-08-05 00:13:54.117,192
5,3654.0,2022-08-05 00:13:53.933,192
5,3653.0,2022-08-05 00:13:53.743,192
5,3652.0,2022-08-05 00:13:53.563,192
5,3651.0,2022-08-05 00:13:53.377,192
5,3650.0,2022-08-05 00:13:53.193,192
5,3649.0,2022-08-05 00:13:53.007,192
5,3648.0,2022-08-05 00:13:52.820,192
5,3647.0,2022-08-05 00:13:52.633,192
5,3646.0,2022-08-05 00:13:52.447,192
5,3645.0,2022-08-05 00:13:52.260,192
5,3644.0,2022-08-05 00:13:52.077,192
5,3643.0,2022-08-05 00:13:51.893,192
5,3642.0,2022-08-05 00:13:51.707,192
5,3641.0,2022-08-05 00:13:51.523,192
5,3640.0,2022-08-05 00:13:51.340,192
5,3639.0,2022-08-05 00:13:51.150,192
5,3638.0,2022-08-05 00:13:50.967,192
5,3637.0,2022-08-05 00:13:50.780,192
5,3636.0,2022-08-05 00:13:50.593,192
5,3635.0,2022-08-05 00:13:50.407,192
5,3634.0,2022-08-05 00:13:50.223,192
5,3633.0,2022-08-05 00:13:50.040,192
5,3632.0,2022-08-05 00:13:49.853,192
5,3631.0,2022-08-05 00:13:49.667,192
5,3630.0,2022-08-05 00:13:49.480,192
5,3629.0,2022-08-05 00:13:49.300,192
5,3628.0,2022-08-05 00:13:49.113,192
5,3627.0,2022-08-05 00:13:48.927,192
5,3626.0,2022-08-05 00:13:48.740,192
5,3625.0,2022-08-05 00:13:48.553,192
5,3624.0,2022-08-05 00:13:48.370,192
5,3623.0,2022-08-05 00:13:48.183,192
5,3622.0,2022-08-05 00:13:48.000,192
5,3621.0,2022-08-05 00:13:47.813,192
5,3620.0,2022-08-05 00:13:47.623,192
5,3619.0,2022-08-05 00:13:47.437,192
5,3618.0,2022-08-05 00:13:47.253,192
5,3617.0,2022-08-05 00:13:47.067,192
5,3616.0,2022-08-05 00:13:46.880,192
5,3615.0,2022-08-05 00:13:46.693,192
5,3614.0,2022-08-05 00:13:46.507,192
5,3613.0,2022-08-05 00:13:46.320,192
5,3612.0,2022-08-05 00:13:46.133,192
5,3611.0,2022-08-05 00:13:45.947,192
5,3610.0,2022-08-05 00:13:45.763,192
5,3609.0,2022-08-05 00:13:45.577,192
5,3608.0,2022-08-05 00:13:45.390,192
5,3607.0,2022-08-05 00:13:45.203,192
5,3606.0,2022-08-05 00:13:45.017,192
5,3605.0,2022-08-05 00:13:44.830,192
5,3604.0,2022-08-05 00:13:44.647,192
5,3603.0,2022-08-05 00:13:44.463,192
5,3602.0,2022-08-05 00:13:44.273,192
5,3601.0,2022-08-05 00:13:44.090,192
5,3600.0,2022-08-05 00:13:43.907,192
5,3599.0,2022-08-05 00:13:43.720,192
5,3598.0,2022-08-05 00:13:43.533,192
5,3597.0,2022-08-05 00:13:43.350,192
5,3596.0,2022-08-05 00:13:43.163,192
5,3595.0,2022-08-05 00:13:42.980,192
5,3594.0,2022-08-05 00:13:42.793,192
5,3593.0,2022-08-05 00:13:42.613,192
5,3592.0,2022-08-05 00:13:42.427,192
5,3591.0,2022-08-05 00:13:42.240,192
5,3590.0,2022-08-05 00:13:42.057,192
5,3589.0,2022-08-05 00:13:41.873,192
5,3588.0,2022-08-05 00:13:41.687,192
5,3587.0,2022-08-05 00:13:41.500,192
5,3586.0,2022-08-05 00:13:41.313,192
5,3585.0,2022-08-05 00:13:41.127,192
5,3584.0,2022-08-05 00:13:40.940,192
5,3583.0,2022-08-05 00:13:40.757,192
5,3582.0,2022-08-05 00:13:40.570,192
5,3581.0,2022-08-05 00:13:40.383,192
5,3580.0,2022-08-05 00:13:40.197,192
5,3579.0,2022-08-05 00:13:40.010,192
5,3578.0,2022-08-05 00:13:39.827,192
5,3577.0,2022-08-05 00:13:39.640,192
5,3576.0,2022-08-05 00:13:39.453,192
5,3575.0,2022-08-05 00:13:39.270,192
5,3574.0,2022-08-05 00:13:39.083,192
5,3573.0,2022-08-05 00:13:38.897,192
5,3572.0,2022-08-05 00:13:38.710,192
5,3571.0,2022-08-05 00:13:38.527,192
5,3570.0,2022-08-05 00:13:38.343,192
5,3569.0,2022-08-05 00:13:38.157,192
5,3568.0,2022-08-05 00:13:37.973,192
5,3567.0,2022-08-05 00:13:37.787,192
5,3566.0,2022-08-05 00:13:37.600,192
5,3565.0,2022-08-05 00:13:37.413,192
5,3564.0,2022-08-05 00:13:37.230,192
5,3563.0,2022-08-05 00:13:37.043,192
5,3562.0,2022-08-05 00:13:36.860,192
5,3561.0,2022-08-05 00:13:36.677,192
5,3560.0,2022-08-05 00:13:36.487,192
5,3559.0,2022-08-05 00:13:36.300,192
5,3558.0,2022-08-05 00:13:36.113,192
5,3557.0,2022-08-05 00:13:35.930,192
5,3556.0,2022-08-05 00:13:35.743,192
5,3555.0,2022-08-05 00:13:35.553,192
5,3554.0,2022-08-05 00:13:35.367,192
5,3553.0,2022-08-05 00:13:35.180,192
5,3552.0,2022-08-05 00:13:34.997,192
5,3551.0,2022-08-05 00:13:34.810,192
5,3550.0,2022-08-05 00:13:34.627,192
5,3549.0,2022-08-05 00:13:34.440,192
5,3548.0,2022-08-05 00:13:34.253,192
5,3547.0,2022-08-05 00:13:34.063,192
5,3546.0,2022-08-05 00:13:33.880,192
5,3545.0,2022-08-05 00:13:33.690,192
5,3544.0,2022-08-05 00:13:33.507,192
5,3543.0,2022-08-05 00:13:33.323,192
5,3542.0,2022-08-05 00:13:33.137,192
5,3541.0,2022-08-05 00:13:32.950,192
5,3540.0,2022-08-05 00:13:32.763,192
5,3539.0,2022-08-05 00:13:32.580,192
5,3538.0,2022-08-05 00:13:32.397,192
5,3537.0,2022-08-05 00:13:32.213,192
5,3536.0,2022-08-05 00:13:32.027,192
5,3535.0,2022-08-05 00:13:31.840,192
5,3534.0,2022-08-05 00:13:31.653,192
5,3533.0,2022-08-05 00:13:31.470,192
5,3532.0,2022-08-05 00:13:31.287,192
5,3531.0,2022-08-05 00:13:31.097,192
5,3530.0,2022-08-05 00:13:30.910,192
5,3529.0,2022-08-05 00:13:30.727,192
5,3528.0,2022-08-05 00:13:30.540,192
5,3527.0,2022-08-05 00:13:30.353,192
5,3526.0,2022-08-05 00:13:30.167,192
5,3525.0,2022-08-05 00:13:29.980,192
5,3524.0,2022-08-05 00:13:29.793,192
5,3523.0,2022-08-05 00:13:29.607,192
5,3522.0,2022-08-05 00:13:29.420,192
5,3521.0,2022-08-05 00:13:29.237,192
5,3520.0,2022-08-05 00:13:29.050,192
5,3519.0,2022-08-05 00:13:28.863,192
5,3518.0,2022-08-05 00:13:28.680,192
5,3517.0,2022-08-05 00:13:28.497,192
5,3516.0,2022-08-05 00:13:28.310,192
5,3515.0,2022-08-05 00:13:28.127,192
5,3514.0,2022-08-05 00:13:27.940,192
5,3513.0,2022-08-05 00:13:27.757,192
5,3512.0,2022-08-05 00:13:27.570,192
5,3511.0,2022-08-05 00:13:27.383,192
5,3510.0,2022-08-05 00:13:27.197,192
5,3509.0,2022-08-05 00:13:27.010,192
5,3508.0,2022-08-05 00:13:26.823,192
5,3507.0,2022-08-05 00:13:26.633,192
5,3506.0,2022-08-05 00:13:26.450,192
5,3505.0,2022-08-05 00:13:26.263,192
5,3504.0,2022-08-05 00:13:26.077,192
5,3503.0,2022-08-05 00:13:25.893,192
5,3502.0,2022-08-05 00:13:25.707,192
5,3501.0,2022-08-05 00:13:25.517,192
5,3500.0,2022-08-05 00:13:25.330,192
5,3499.0,2022-08-05 00:13:25.147,192
5,3498.0,2022-08-05 00:13:24.963,192
5,3497.0,2022-08-05 00:13:24.773,192
5,3496.0,2022-08-05 00:13:24.587,192
5,3495.0,2022-08-05 00:13:24.400,192
5,3494.0,2022-08-05 00:13:24.217,192
5,3493.0,2022-08-05 00:13:24.033,192
5,3492.0,2022-08-05 00:13:23.847,192
5,3491.0,2022-08-05 00:13:23.663,192
5,3490.0,2022-08-05 00:13:23.473,192
5,3489.0,2022-08-05 00:13:23.290,192
5,3488.0,2022-08-05 00:13:23.103,192
5,3487.0,2022-08-05 00:13:22.920,192
5,3486.0,2022-08-05 00:13:22.733,192
5,3485.0,2022-08-05 00:13:22.547,192
5,3484.0,2022-08-05 00:13:22.363,192
5,3483.0,2022-08-05 00:13:22.180,192
5,3482.0,2022-08-05 00:13:21.997,192
5,3481.0,2022-08-05 00:13:21.813,192
5,3480.0,2022-08-05 00:13:21.623,192
5,3479.0,2022-08-05 00:13:21.437,192
5,3478.0,2022-08-05 00:13:21.253,192
5,3477.0,2022-08-05 00:13:21.070,192
5,3476.0,2022-08-05 00:13:20.883,192
5,3475.0,2022-08-05 00:13:20.697,192
5,3474.0,2022-08-05 00:13:20.510,192
5,3473.0,2022-08-05 00:13:20.323,192
5,3472.0,2022-08-05 00:13:20.140,192
5,3471.0,2022-08-05 00:13:19.953,192
5,3470.0,2022-08-05 00:13:19.767,192
5,3469.0,2022-08-05 00:13:19.583,192
5,3468.0,2022-08-05 00:13:19.400,192
5,3467.0,2022-08-05 00:13:19.213,192
5,3466.0,2022-08-05 00:13:19.030,192
5,3465.0,2022-08-05 00:13:18.843,192
5,3464.0,2022-08-05 00:13:18.657,192
5,3463.0,2022-08-05 00:13:18.470,192
5,3462.0,2022-08-05 00:13:18.287,192
5,3461.0,2022-08-05 00:13:18.097,192
5,3460.0,2022-08-05 00:13:17.913,192
5,3459.0,2022-08-05 00:13:17.727,192
5,3458.0,2022-08-05 00:13:17.540,192
5,3457.0,2022-08-05 00:13:17.353,192
5,3456.0,2022-08-05 00:13:17.167,192
5,3455.0,2022-08-05 00:13:16.980,192
5,3454.0,2022-08-05 00:13:16.793,192
5,3453.0,2022-08-05 00:13:16.607,192
5,3452.0,2022-08-05 00:13:16.420,192
5,3451.0,2022-08-05 00:13:16.233,192
5,3450.0,2022-08-05 00:13:16.047,192
5,3449.0,2022-08-05 00:13:15.860,192
5,3448.0,2022-08-05 00:13:15.677,192
5,3447.0,2022-08-05 00:13:15.493,192
5,3446.0,2022-08-05 00:13:15.307,192
5,3445.0,2022-08-05 00:13:15.123,192
5,3444.0,2022-08-05 00:13:14.937,192
5,3443.0,2022-08-05 00:13:14.750,192
5,3442.0,2022-08-05 00:13:14.563,192
5,3441.0,2022-08-05 00:13:14.380,192
5,3440.0,2022-08-05 00:13:14.193,192
5,3439.0,2022-08-05 00:13:14.007,192
5,3438.0,2022-08-05 00:13:13.820,192
5,3437.0,2022-08-05 00:13:13.637,192
5,3436.0,2022-08-05 00:13:13.450,192
5,3435.0,2022-08-05 00:13:13.263,192
5,3434.0,2022-08-05 00:13:13.073,192
5,3433.0,2022-08-05 00:13:12.893,192
5,3432.0,2022-08-05 00:13:12.707,192
5,3431.0,2022-08-05 00:13:12.520,192
5,3430.0,2022-08-05 00:13:12.333,192
5,3429.0,2022-08-05 00:13:12.147,192
5,3428.0,2022-08-05 00:13:11.957,192
5,3427.0,2022-08-05 00:13:11.773,192
5,3426.0,2022-08-05 00:13:11.587,192
5,3425.0,2022-08-05 00:13:11.400,192
5,3424.0,2022-08-05 00:13:11.213,192
5,3423.0,2022-08-05 00:13:11.027,192
5,3422.0,2022-08-05 00:13:10.843,192
5,3421.0,2022-08-05 00:13:10.657,192
5,3420.0,2022-08-05 00:13:10.470,192
5,3419.0,2022-08-05 00:13:10.283,192
5,3418.0,2022-08-05 00:13:10.097,192
5,3417.0,2022-08-05 00:13:09.910,192
5,3416.0,2022-08-05 00:13:09.723,192
5,3415.0,2022-08-05 00:13:09.540,192
5,3414.0,2022-08-05 00:13:09.353,192
5,3413.0,2022-08-05 00:13:09.167,192
5,3412.0,2022-08-05 00:13:08.983,192
5,3411.0,2022-08-05 00:13:08.797,192
5,3410.0,2022-08-05 00:13:08.610,192
5,3409.0,2022-08-05 00:13:08.423,192
5,3408.0,2022-08-05 00:13:08.237,192
5,3407.0,2022-08-05 00:13:08.050,192
5,3406.0,2022-08-05 00:13:07.863,192
5,3405.0,2022-08-05 00:13:07.677,192
5,3404.0,2022-08-05 00:13:07.490,192
5,3403.0,2022-08-05 00:13:07.307,192
5,3402.0,2022-08-05 00:13:07.123,192
5,3401.0,2022-08-05 00:13:06.937,192
5,3400.0,2022-08-05 00:13:06.750,192
5,3399.0,2022-08-05 00:13:06.567,192
5,3398.0,2022-08-05 00:13:06.380,192
5,3397.0,2022-08-05 00:13:06.197,192
5,3396.0,2022-08-05 00:13:06.013,192
5,3395.0,2022-08-05 00:13:05.830,192
5,3394.0,2022-08-05 00:13:05.647,192
5,3393.0,2022-08-05 00:13:05.460,192
5,3392.0,2022-08-05 00:13:05.273,192
5,3391.0,2022-08-05 00:13:05.087,192
5,3390.0,2022-08-05 00:13:04.900,192
5,3389.0,2022-08-05 00:13:04.713,192
5,3388.0,2022-08-05 00:13:04.530,192
5,3387.0,2022-08-05 00:13:04.343,192
5,3386.0,2022-08-05 00:13:04.157,192
5,3385.0,2022-08-05 00:13:03.973,192
5,3384.0,2022-08-05 00:13:03.783,192
5,3383.0,2022-08-05 00:13:03.600,192
5,3382.0,2022-08-05 00:13:03.413,192
5,3381.0,2022-08-05 00:13:03.230,192
5,3380.0,2022-08-05 00:13:03.043,192
5,3379.0,2022-08-05 00:13:02.857,192
5,3378.0,2022-08-05 00:13:02.670,192
5,3377.0,2022-08-05 00:13:02.487,192
5,3376.0,2022-08-05 00:13:02.300,192
5,3375.0,2022-08-05 00:13:02.117,192
5,3374.0,2022-08-05 00:13:01.930,192
5,3373.0,2022-08-05 00:13:01.743,192
5,3372.0,2022-08-05 00:13:01.557,192
5,3371.0,2022-08-05 00:13:01.370,192
5,3370.0,2022-08-05 00:13:01.183,192
5,3369.0,2022-08-05 00:13:00.997,192
5,3368.0,2022-08-05 00:13:00.807,192
5,3367.0,2022-08-05 00:13:00.623,192
5,3366.0,2022-08-05 00:13:00.437,192
5,3365.0,2022-08-05 00:13:00.253,192
5,3364.0,2022-08-05 00:13:00.067,192
5,3363.0,2022-08-05 00:12:59.880,192
5,3362.0,2022-08-05 00:12:59.693,192
5,3361.0,2022-08-05 00:12:59.507,192
5,3360.0,2022-08-05 00:12:59.320,192
5,3359.0,2022-08-05 00:12:59.133,192
5,3358.0,2022-08-05 00:12:58.947,192
5,3357.0,2022-08-05 00:12:58.760,192
5,3356.0,2022-08-05 00:12:58.570,192
5,3355.0,2022-08-05 00:12:58.387,192
5,3354.0,2022-08-05 00:12:58.203,192
5,3353.0,2022-08-05 00:12:58.017,192
5,3352.0,2022-08-05 00:12:57.830,192
5,3351.0,2022-08-05 00:12:57.643,192
5,3350.0,2022-08-05 00:12:57.460,192
5,3349.0,2022-08-05 00:12:57.277,192
5,3348.0,2022-08-05 00:12:57.090,192
5,3347.0,2022-08-05 00:12:56.903,192
5,3346.0,2022-08-05 00:12:56.720,192
5,3345.0,2022-08-05 00:12:56.530,192
5,3344.0,2022-08-05 00:12:56.347,192
5,3343.0,2022-08-05 00:12:56.160,192
5,3342.0,2022-08-05 00:12:55.973,192
5,3341.0,2022-08-05 00:12:55.783,192
5,3340.0,2022-08-05 00:12:55.600,192
5,3339.0,2022-08-05 00:12:55.413,192
5,3338.0,2022-08-05 00:12:55.227,192
5,3337.0,2022-08-05 00:12:55.043,192
5,3336.0,2022-08-05 00:12:54.860,192
5,3335.0,2022-08-05 00:12:54.673,192
5,3334.0,2022-08-05 00:12:54.490,192
5,3333.0,2022-08-05 00:12:54.303,192
5,3332.0,2022-08-05 00:12:54.117,192
5,3331.0,2022-08-05 00:12:53.930,192
5,3330.0,2022-08-05 00:12:53.743,192
5,3329.0,2022-08-05 00:12:53.560,192
5,3328.0,2022-08-05 00:12:53.373,192
5,3327.0,2022-08-05 00:12:53.187,192
5,3326.0,2022-08-05 00:12:53.000,192
5,3325.0,2022-08-05 00:12:52.817,192
5,3324.0,2022-08-05 00:12:52.630,192
5,3323.0,2022-08-05 00:12:52.443,192
5,3322.0,2022-08-05 00:12:52.257,192
5,3321.0,2022-08-05 00:12:52.073,192
5,3320.0,2022-08-05 00:12:51.887,192
5,3319.0,2022-08-05 00:12:51.703,192
5,3318.0,2022-08-05 00:12:51.517,192
5,3317.0,2022-08-05 00:12:51.333,192
5,3316.0,2022-08-05 00:12:51.147,192
5,3315.0,2022-08-05 00:12:50.960,192
5,3314.0,2022-08-05 00:12:50.773,192
5,3313.0,2022-08-05 00:12:50.590,192
5,3312.0,2022-08-05 00:12:50.403,192
5,3311.0,2022-08-05 00:12:50.220,192
5,3310.0,2022-08-05 00:12:50.033,192
5,3309.0,2022-08-05 00:12:49.847,192
5,3308.0,2022-08-05 00:12:49.663,192
5,3307.0,2022-08-05 00:12:49.477,192
5,3306.0,2022-08-05 00:12:49.290,192
5,3305.0,2022-08-05 00:12:49.103,192
5,3304.0,2022-08-05 00:12:48.917,192
5,3303.0,2022-08-05 00:12:48.730,192
5,3302.0,2022-08-05 00:12:48.543,192
5,3301.0,2022-08-05 00:12:48.360,192
5,3300.0,2022-08-05 00:12:48.173,192
5,3299.0,2022-08-05 00:12:47.987,192
5,3298.0,2022-08-05 00:12:47.797,192
5,3297.0,2022-08-05 00:12:47.610,192
5,3296.0,2022-08-05 00:12:47.423,192
5,3295.0,2022-08-05 00:12:47.240,192
5,3294.0,2022-08-05 00:12:47.053,192
5,3293.0,2022-08-05 00:12:46.867,192
5,3292.0,2022-08-05 00:12:46.680,192
5,3291.0,2022-08-05 00:12:46.493,192
5,3290.0,2022-08-05 00:12:46.307,192
5,3289.0,2022-08-05 00:12:46.120,192
5,3288.0,2022-08-05 00:12:45.937,192
5,3287.0,2022-08-05 00:12:45.753,192
5,3286.0,2022-08-05 00:12:45.570,192
5,3285.0,2022-08-05 00:12:45.380,192
5,3284.0,2022-08-05 00:12:45.197,192
5,3283.0,2022-08-05 00:12:45.007,192
5,3282.0,2022-08-05 00:12:44.820,192
5,3281.0,2022-08-05 00:12:44.637,192
5,3280.0,2022-08-05 00:12:44.450,192
5,3279.0,2022-08-05 00:12:44.267,192
5,3278.0,2022-08-05 00:12:44.080,192
5,3277.0,2022-08-05 00:12:43.893,192
5,3276.0,2022-08-05 00:12:43.707,192
5,3275.0,2022-08-05 00:12:43.523,192
5,3274.0,2022-08-05 00:12:43.337,192
5,3273.0,2022-08-05 00:12:43.150,192
5,3272.0,2022-08-05 00:12:42.967,192
5,3271.0,2022-08-05 00:12:42.780,192
5,3270.0,2022-08-05 00:12:42.593,192
5,3269.0,2022-08-05 00:12:42.407,192
5,3268.0,2022-08-05 00:12:42.220,192
5,3267.0,2022-08-05 00:12:42.033,192
5,3266.0,2022-08-05 00:12:41.850,192
5,3265.0,2022-08-05 00:12:41.667,192
5,3264.0,2022-08-05 00:12:41.480,192
5,3263.0,2022-08-05 00:12:41.297,192
5,3262.0,2022-08-05 00:12:41.113,192
5,3261.0,2022-08-05 00:12:40.930,192
5,3260.0,2022-08-05 00:12:40.743,192
5,3259.0,2022-08-05 00:12:40.557,192
5,3258.0,2022-08-05 00:12:40.373,192
5,3257.0,2022-08-05 00:12:40.187,192
5,3256.0,2022-08-05 00:12:40.000,192
5,3255.0,2022-08-05 00:12:39.817,192
5,3254.0,2022-08-05 00:12:39.630,192
5,3253.0,2022-08-05 00:12:39.447,192
5,3252.0,2022-08-05 00:12:39.260,192
5,3251.0,2022-08-05 00:12:39.073,192
5,3250.0,2022-08-05 00:12:38.887,192
5,3249.0,2022-08-05 00:12:38.703,192
5,3248.0,2022-08-05 00:12:38.520,192
5,3247.0,2022-08-05 00:12:38.330,192
5,3246.0,2022-08-05 00:12:38.143,192
5,3245.0,2022-08-05 00:12:37.960,192
5,3244.0,2022-08-05 00:12:37.773,192
5,3243.0,2022-08-05 00:12:37.590,192
5,3242.0,2022-08-05 00:12:37.403,192
5,3241.0,2022-08-05 00:12:37.223,192
5,3240.0,2022-08-05 00:12:37.037,192
5,3239.0,2022-08-05 00:12:36.850,192
5,3238.0,2022-08-05 00:12:36.667,192
5,3237.0,2022-08-05 00:12:36.480,192
5,3236.0,2022-08-05 00:12:36.293,192
5,3235.0,2022-08-05 00:12:36.107,192
5,3234.0,2022-08-05 00:12:35.923,192
5,3233.0,2022-08-05 00:12:35.737,192
5,3232.0,2022-08-05 00:12:35.550,192
5,3231.0,2022-08-05 00:12:35.363,192
5,3230.0,2022-08-05 00:12:35.180,192
5,3229.0,2022-08-05 00:12:34.993,192
5,3228.0,2022-08-05 00:12:34.807,192
5,3227.0,2022-08-05 00:12:34.623,192
5,3226.0,2022-08-05 00:12:34.437,192
5,3225.0,2022-08-05 00:12:34.250,192
5,3224.0,2022-08-05 00:12:34.063,192
5,3223.0,2022-08-05 00:12:33.877,192
5,3222.0,2022-08-05 00:12:33.690,192
5,3221.0,2022-08-05 00:12:33.503,192
5,3220.0,2022-08-05 00:12:33.317,192
5,3219.0,2022-08-05 00:12:33.130,192
5,3218.0,2022-08-05 00:12:32.947,192
5,3217.0,2022-08-05 00:12:32.760,192
5,3216.0,2022-08-05 00:12:32.570,192
5,3215.0,2022-08-05 00:12:32.383,192
5,3214.0,2022-08-05 00:12:32.197,192
5,3213.0,2022-08-05 00:12:32.010,192
5,3212.0,2022-08-05 00:12:31.823,192
5,3211.0,2022-08-05 00:12:31.637,192
5,3210.0,2022-08-05 00:12:31.450,192
5,3209.0,2022-08-05 00:12:31.263,192
5,3208.0,2022-08-05 00:12:31.077,192
5,3207.0,2022-08-05 00:12:30.890,192
5,3206.0,2022-08-05 00:12:30.700,192
5,3205.0,2022-08-05 00:12:30.513,192
5,3204.0,2022-08-05 00:12:30.330,192
5,3203.0,2022-08-05 00:12:30.140,192
5,3202.0,2022-08-05 00:12:29.953,192
5,3201.0,2022-08-05 00:12:29.770,192
5,3200.0,2022-08-05 00:12:29.583,192
5,3199.0,2022-08-05 00:12:29.397,192
5,3198.0,2022-08-05 00:12:29.210,192
5,3197.0,2022-08-05 00:12:29.027,192
5,3196.0,2022-08-05 00:12:28.840,192
5,3195.0,2022-08-05 00:12:28.657,192
5,3194.0,2022-08-05 00:12:28.470,192
5,3193.0,2022-08-05 00:12:28.287,192
5,3192.0,2022-08-05 00:12:28.100,192
5,3191.0,2022-08-05 00:12:27.913,192
5,3190.0,2022-08-05 00:12:27.723,192
5,3189.0,2022-08-05 00:12:27.537,192
5,3188.0,2022-08-05 00:12:27.353,192
5,3187.0,2022-08-05 00:12:27.167,192
5,3186.0,2022-08-05 00:12:26.980,192
5,3185.0,2022-08-05 00:12:26.793,192
5,3184.0,2022-08-05 00:12:26.607,192
5,3183.0,2022-08-05 00:12:26.423,192
5,3182.0,2022-08-05 00:12:26.237,192
5,3181.0,2022-08-05 00:12:26.050,192
5,3180.0,2022-08-05 00:12:25.863,192
5,3179.0,2022-08-05 00:12:25.677,192
5,3178.0,2022-08-05 00:12:25.493,192
5,3177.0,2022-08-05 00:12:25.307,192
5,3176.0,2022-08-05 00:12:25.123,192
5,3175.0,2022-08-05 00:12:24.940,192
5,3174.0,2022-08-05 00:12:24.753,192
5,3173.0,2022-08-05 00:12:24.567,192
5,3172.0,2022-08-05 00:12:24.380,192
5,3171.0,2022-08-05 00:12:24.193,192
5,3170.0,2022-08-05 00:12:24.003,192
5,3169.0,2022-08-05 00:12:23.817,192
5,3168.0,2022-08-05 00:12:23.633,192
5,3167.0,2022-08-05 00:12:23.447,192
5,3166.0,2022-08-05 00:12:23.263,192
5,3165.0,2022-08-05 00:12:23.077,192
5,3164.0,2022-08-05 00:12:22.893,192
5,3163.0,2022-08-05 00:12:22.707,192
5,3162.0,2022-08-05 00:12:22.523,192
5,3161.0,2022-08-05 00:12:22.333,192
5,3160.0,2022-08-05 00:12:22.147,192
5,3159.0,2022-08-05 00:12:21.960,192
5,3158.0,2022-08-05 00:12:21.777,192
5,3157.0,2022-08-05 00:12:21.587,192
5,3156.0,2022-08-05 00:12:21.403,192
5,3155.0,2022-08-05 00:12:21.217,192
5,3154.0,2022-08-05 00:12:21.027,192
5,3153.0,2022-08-05 00:12:20.840,192
5,3152.0,2022-08-05 00:12:20.653,192
5,3151.0,2022-08-05 00:12:20.467,192
5,3150.0,2022-08-05 00:12:20.280,192
5,3149.0,2022-08-05 00:12:20.097,192
5,3148.0,2022-08-05 00:12:19.910,192
5,3147.0,2022-08-05 00:12:19.727,192
5,3146.0,2022-08-05 00:12:19.540,192
5,3145.0,2022-08-05 00:12:19.357,192
5,3144.0,2022-08-05 00:12:19.170,192
5,3143.0,2022-08-05 00:12:18.983,192
5,3142.0,2022-08-05 00:12:18.800,192
5,3141.0,2022-08-05 00:12:18.613,192
5,3140.0,2022-08-05 00:12:18.427,192
5,3139.0,2022-08-05 00:12:18.240,192
5,3138.0,2022-08-05 00:12:18.057,192
5,3137.0,2022-08-05 00:12:17.873,192
5,3136.0,2022-08-05 00:12:17.690,192
5,3135.0,2022-08-05 00:12:17.503,192
5,3134.0,2022-08-05 00:12:17.320,192
5,3133.0,2022-08-05 00:12:17.133,192
5,3132.0,2022-08-05 00:12:16.950,192
5,3131.0,2022-08-05 00:12:16.767,192
5,3130.0,2022-08-05 00:12:16.580,192
5,3129.0,2022-08-05 00:12:16.397,192
5,3128.0,2022-08-05 00:12:16.210,192
5,3127.0,2022-08-05 00:12:16.023,192
5,3126.0,2022-08-05 00:12:15.840,192
5,3125.0,2022-08-05 00:12:15.650,192
5,3124.0,2022-08-05 00:12:15.463,192
5,3123.0,2022-08-05 00:12:15.277,192
5,3122.0,2022-08-05 00:12:15.090,192
5,3121.0,2022-08-05 00:12:14.903,192
5,3120.0,2022-08-05 00:12:14.720,192
5,3119.0,2022-08-05 00:12:14.533,192
5,3118.0,2022-08-05 00:12:14.343,192
5,3117.0,2022-08-05 00:12:14.160,192
5,3116.0,2022-08-05 00:12:13.973,192
5,3115.0,2022-08-05 00:12:13.790,192
5,3114.0,2022-08-05 00:12:13.607,192
5,3113.0,2022-08-05 00:12:13.420,192
5,3112.0,2022-08-05 00:12:13.233,192
5,3111.0,2022-08-05 00:12:13.047,192
5,3110.0,2022-08-05 00:12:12.860,192
5,3109.0,2022-08-05 00:12:12.677,192
5,3108.0,2022-08-05 00:12:12.490,192
5,3107.0,2022-08-05 00:12:12.303,192
5,3106.0,2022-08-05 00:12:12.120,192
5,3105.0,2022-08-05 00:12:11.937,192
5,3104.0,2022-08-05 00:12:11.750,192
5,3103.0,2022-08-05 00:12:11.560,192
5,3102.0,2022-08-05 00:12:11.373,192
5,3101.0,2022-08-05 00:12:11.187,192
5,3100.0,2022-08-05 00:12:11.000,192
5,3099.0,2022-08-05 00:12:10.817,192
5,3098.0,2022-08-05 00:12:10.630,192
5,3097.0,2022-08-05 00:12:10.447,192
5,3096.0,2022-08-05 00:12:10.263,192
5,3095.0,2022-08-05 00:12:10.077,192
5,3094.0,2022-08-05 00:12:09.890,192
5,3093.0,2022-08-05 00:12:09.707,192
5,3092.0,2022-08-05 00:12:09.520,192
5,3091.0,2022-08-05 00:12:09.333,192
5,3090.0,2022-08-05 00:12:09.143,192
5,3089.0,2022-08-05 00:12:08.960,192
5,3088.0,2022-08-05 00:12:08.773,192
5,3087.0,2022-08-05 00:12:08.583,192
5,3086.0,2022-08-05 00:12:08.400,192
5,3085.0,2022-08-05 00:12:08.213,192
5,3084.0,2022-08-05 00:12:08.030,192
5,3083.0,2022-08-05 00:12:07.847,192
5,3082.0,2022-08-05 00:12:07.660,192
5,3081.0,2022-08-05 00:12:07.477,192
5,3080.0,2022-08-05 00:12:07.290,192
5,3079.0,2022-08-05 00:12:07.107,192
5,3078.0,2022-08-05 00:12:06.920,192
5,3077.0,2022-08-05 00:12:06.737,192
5,3076.0,2022-08-05 00:12:06.553,192
5,3075.0,2022-08-05 00:12:06.367,192
5,3074.0,2022-08-05 00:12:06.183,192
5,3073.0,2022-08-05 00:12:05.997,192
5,3072.0,2022-08-05 00:12:05.810,192
5,3071.0,2022-08-05 00:12:05.627,192
5,3070.0,2022-08-05 00:12:05.440,192
5,3069.0,2022-08-05 00:12:05.253,192
5,3068.0,2022-08-05 00:12:05.067,192
5,3067.0,2022-08-05 00:12:04.880,192
5,3066.0,2022-08-05 00:12:04.693,192
5,3065.0,2022-08-05 00:12:04.510,192
5,3064.0,2022-08-05 00:12:04.323,192
5,3063.0,2022-08-05 00:12:04.140,192
5,3062.0,2022-08-05 00:12:03.953,192
5,3061.0,2022-08-05 00:12:03.767,192
5,3060.0,2022-08-05 00:12:03.580,192
5,3059.0,2022-08-05 00:12:03.400,192
5,3058.0,2022-08-05 00:12:03.213,192
5,3057.0,2022-08-05 00:12:03.030,192
5,3056.0,2022-08-05 00:12:02.843,192
5,3055.0,2022-08-05 00:12:02.660,192
5,3054.0,2022-08-05 00:12:02.473,192
5,3053.0,2022-08-05 00:12:02.287,192
5,3052.0,2022-08-05 00:12:02.100,192
5,3051.0,2022-08-05 00:12:01.917,192
5,3050.0,2022-08-05 00:12:01.730,192
5,3049.0,2022-08-05 00:12:01.543,192
5,3048.0,2022-08-05 00:12:01.353,192
5,3047.0,2022-08-05 00:12:01.170,192
5,3046.0,2022-08-05 00:12:00.983,192
5,3045.0,2022-08-05 00:12:00.800,192
5,3044.0,2022-08-05 00:12:00.613,192
5,3043.0,2022-08-05 00:12:00.423,192
5,3042.0,2022-08-05 00:12:00.240,192
5,3041.0,2022-08-05 00:12:00.053,192
5,3040.0,2022-08-05 00:11:59.867,192
5,3039.0,2022-08-05 00:11:59.677,192
5,3038.0,2022-08-05 00:11:59.493,192
5,3037.0,2022-08-05 00:11:59.310,192
5,3036.0,2022-08-05 00:11:59.120,192
5,3035.0,2022-08-05 00:11:58.933,192
5,3034.0,2022-08-05 00:11:58.750,192
5,3033.0,2022-08-05 00:11:58.563,192
5,3032.0,2022-08-05 00:11:58.380,192
5,3031.0,2022-08-05 00:11:58.197,192
5,3030.0,2022-08-05 00:11:58.013,192
5,3029.0,2022-08-05 00:11:57.827,192
5,3028.0,2022-08-05 00:11:57.643,192
5,3027.0,2022-08-05 00:11:57.460,192
5,3026.0,2022-08-05 00:11:57.277,192
5,3025.0,2022-08-05 00:11:57.093,192
5,3024.0,2022-08-05 00:11:56.910,192
5,3023.0,2022-08-05 00:11:56.723,192
5,3022.0,2022-08-05 00:11:56.540,192
5,3021.0,2022-08-05 00:11:56.353,192
5,3020.0,2022-08-05 00:11:56.173,192
5,3019.0,2022-08-05 00:11:55.990,192
5,3018.0,2022-08-05 00:11:55.803,192
5,3017.0,2022-08-05 00:11:55.617,192
5,3016.0,2022-08-05 00:11:55.430,192
5,3015.0,2022-08-05 00:11:55.247,192
5,3014.0,2022-08-05 00:11:55.057,192
5,3013.0,2022-08-05 00:11:54.870,192
5,3012.0,2022-08-05 00:11:54.683,192
5,3011.0,2022-08-05 00:11:54.500,192
5,3010.0,2022-08-05 00:11:54.313,192
5,3009.0,2022-08-05 00:11:54.127,192
5,3008.0,2022-08-05 00:11:53.937,192
5,3007.0,2022-08-05 00:11:53.750,192
5,3006.0,2022-08-05 00:11:53.563,192
5,3005.0,2022-08-05 00:11:53.380,192
5,3004.0,2022-08-05 00:11:53.193,192
5,3003.0,2022-08-05 00:11:53.007,192
5,3002.0,2022-08-05 00:11:52.817,192
5,3001.0,2022-08-05 00:11:52.633,192
5,3000.0,2022-08-05 00:11:52.447,192
5,2999.0,2022-08-05 00:11:52.260,192
5,2998.0,2022-08-05 00:11:52.073,192
5,2997.0,2022-08-05 00:11:51.887,192
5,2996.0,2022-08-05 00:11:51.703,192
5,2995.0,2022-08-05 00:11:51.520,192
5,2994.0,2022-08-05 00:11:51.333,192
5,2993.0,2022-08-05 00:11:51.147,192
5,2992.0,2022-08-05 00:11:50.960,192
5,2991.0,2022-08-05 00:11:50.773,192
5,2990.0,2022-08-05 00:11:50.587,192
5,2989.0,2022-08-05 00:11:50.407,192
5,2988.0,2022-08-05 00:11:50.220,192
5,2987.0,2022-08-05 00:11:50.037,192
5,2986.0,2022-08-05 00:11:49.850,192
5,2985.0,2022-08-05 00:11:49.667,192
5,2984.0,2022-08-05 00:11:49.477,192
5,2983.0,2022-08-05 00:11:49.293,192
5,2982.0,2022-08-05 00:11:49.107,192
5,2981.0,2022-08-05 00:11:48.920,192
5,2980.0,2022-08-05 00:11:48.733,192
5,2979.0,2022-08-05 00:11:48.550,192
5,2978.0,2022-08-05 00:11:48.367,192
5,2977.0,2022-08-05 00:11:48.180,192
5,2976.0,2022-08-05 00:11:47.997,192
5,2975.0,2022-08-05 00:11:47.813,192
5,2974.0,2022-08-05 00:11:47.630,192
5,2973.0,2022-08-05 00:11:47.450,192
5,2972.0,2022-08-05 00:11:47.263,192
5,2971.0,2022-08-05 00:11:47.080,192
5,2970.0,2022-08-05 00:11:46.893,192
5,2969.0,2022-08-05 00:11:46.710,192
5,2968.0,2022-08-05 00:11:46.523,192
5,2967.0,2022-08-05 00:11:46.340,192
5,2966.0,2022-08-05 00:11:46.157,192
5,2965.0,2022-08-05 00:11:45.970,192
5,2964.0,2022-08-05 00:11:45.787,192
5,2963.0,2022-08-05 00:11:45.603,192
5,2962.0,2022-08-05 00:11:45.420,192
5,2961.0,2022-08-05 00:11:45.233,192
5,2960.0,2022-08-05 00:11:45.050,192
5,2959.0,2022-08-05 00:11:44.863,192
5,2958.0,2022-08-05 00:11:44.677,192
5,2957.0,2022-08-05 00:11:44.490,192
5,2956.0,2022-08-05 00:11:44.307,192
5,2955.0,2022-08-05 00:11:44.123,192
5,2954.0,2022-08-05 00:11:43.937,192
5,2953.0,2022-08-05 00:11:43.750,192
5,2952.0,2022-08-05 00:11:43.567,192
5,2951.0,2022-08-05 00:11:43.380,192
5,2950.0,2022-08-05 00:11:43.193,192
5,2949.0,2022-08-05 00:11:43.013,192
5,2948.0,2022-08-05 00:11:42.827,192
5,2947.0,2022-08-05 00:11:42.640,192
5,2946.0,2022-08-05 00:11:42.457,192
5,2945.0,2022-08-05 00:11:42.273,192
5,2944.0,2022-08-05 00:11:42.090,192
5,2943.0,2022-08-05 00:11:41.903,192
5,2942.0,2022-08-05 00:11:41.720,192
5,2941.0,2022-08-05 00:11:41.537,192
5,2940.0,2022-08-05 00:11:41.350,192
5,2939.0,2022-08-05 00:11:41.163,192
5,2938.0,2022-08-05 00:11:40.983,192
5,2937.0,2022-08-05 00:11:40.797,192
5,2936.0,2022-08-05 00:11:40.613,192
5,2935.0,2022-08-05 00:11:40.427,192
5,2934.0,2022-08-05 00:11:40.243,192
5,2933.0,2022-08-05 00:11:40.060,192
5,2932.0,2022-08-05 00:11:39.877,192
5,2931.0,2022-08-05 00:11:39.693,192
5,2930.0,2022-08-05 00:11:39.510,192
5,2929.0,2022-08-05 00:11:39.323,192
5,2928.0,2022-08-05 00:11:39.140,192
5,2927.0,2022-08-05 00:11:38.957,192
5,2926.0,2022-08-05 00:11:38.773,192
5,2925.0,2022-08-05 00:11:38.587,192
5,2924.0,2022-08-05 00:11:38.403,192
5,2923.0,2022-08-05 00:11:38.217,192
5,2922.0,2022-08-05 00:11:38.033,192
5,2921.0,2022-08-05 00:11:37.847,192
5,2920.0,2022-08-05 00:11:37.663,192
5,2919.0,2022-08-05 00:11:37.477,192
5,2918.0,2022-08-05 00:11:37.293,192
5,2917.0,2022-08-05 00:11:37.110,192
5,2916.0,2022-08-05 00:11:36.927,192
5,2915.0,2022-08-05 00:11:36.743,192
5,2914.0,2022-08-05 00:11:36.557,192
5,2913.0,2022-08-05 00:11:36.373,192
5,2912.0,2022-08-05 00:11:36.190,192
5,2911.0,2022-08-05 00:11:36.003,192
5,2910.0,2022-08-05 00:11:35.817,192
5,2909.0,2022-08-05 00:11:35.633,192
5,2908.0,2022-08-05 00:11:35.447,192
5,2907.0,2022-08-05 00:11:35.260,192
5,2906.0,2022-08-05 00:11:35.073,192
5,2905.0,2022-08-05 00:11:34.887,192
5,2904.0,2022-08-05 00:11:34.700,192
5,2903.0,2022-08-05 00:11:34.513,192
5,2902.0,2022-08-05 00:11:34.330,192
5,2901.0,2022-08-05 00:11:34.143,192
5,2900.0,2022-08-05 00:11:33.957,192
5,2899.0,2022-08-05 00:11:33.770,192
5,2898.0,2022-08-05 00:11:33.583,192
5,2897.0,2022-08-05 00:11:33.400,192
5,2896.0,2022-08-05 00:11:33.217,192
5,2895.0,2022-08-05 00:11:33.033,192
5,2894.0,2022-08-05 00:11:32.847,192
5,2893.0,2022-08-05 00:11:32.660,192
5,2892.0,2022-08-05 00:11:32.477,192
5,2891.0,2022-08-05 00:11:32.293,192
5,2890.0,2022-08-05 00:11:32.107,192
5,2889.0,2022-08-05 00:11:31.923,192
5,2888.0,2022-08-05 00:11:31.733,192
5,2887.0,2022-08-05 00:11:31.550,192
5,2886.0,2022-08-05 00:11:31.363,192
5,2885.0,2022-08-05 00:11:31.177,192
5,2884.0,2022-08-05 00:11:30.993,192
5,2883.0,2022-08-05 00:11:30.807,192
5,2882.0,2022-08-05 00:11:30.623,192
5,2881.0,2022-08-05 00:11:30.440,192
5,2880.0,2022-08-05 00:11:30.257,192
5,2879.0,2022-08-05 00:11:30.073,192
5,2878.0,2022-08-05 00:11:29.890,192
5,2877.0,2022-08-05 00:11:29.703,192
5,2876.0,2022-08-05 00:11:29.520,192
5,2875.0,2022-08-05 00:11:29.337,192
5,2874.0,2022-08-05 00:11:29.153,192
5,2873.0,2022-08-05 00:11:28.970,192
5,2872.0,2022-08-05 00:11:28.783,192
5,2871.0,2022-08-05 00:11:28.600,192
5,2870.0,2022-08-05 00:11:28.413,192
5,2869.0,2022-08-05 00:11:28.227,192
5,2868.0,2022-08-05 00:11:28.040,192
5,2867.0,2022-08-05 00:11:27.857,192
5,2866.0,2022-08-05 00:11:27.667,192
5,2865.0,2022-08-05 00:11:27.487,192
5,2864.0,2022-08-05 00:11:27.297,192
5,2863.0,2022-08-05 00:11:27.113,192
5,2862.0,2022-08-05 00:11:26.927,192
5,2861.0,2022-08-05 00:11:26.747,192
5,2860.0,2022-08-05 00:11:26.557,192
5,2859.0,2022-08-05 00:11:26.373,192
5,2858.0,2022-08-05 00:11:26.190,192
5,2857.0,2022-08-05 00:11:26.003,192
5,2856.0,2022-08-05 00:11:25.817,192
5,2855.0,2022-08-05 00:11:25.633,192
5,2854.0,2022-08-05 00:11:25.450,192
5,2853.0,2022-08-05 00:11:25.267,192
5,2852.0,2022-08-05 00:11:25.080,192
5,2851.0,2022-08-05 00:11:24.893,192
5,2850.0,2022-08-05 00:11:24.710,192
5,2849.0,2022-08-05 00:11:24.523,192
5,2848.0,2022-08-05 00:11:24.340,192
5,2847.0,2022-08-05 00:11:24.153,192
5,2846.0,2022-08-05 00:11:23.967,192
5,2845.0,2022-08-05 00:11:23.783,192
5,2844.0,2022-08-05 00:11:23.597,192
5,2843.0,2022-08-05 00:11:23.413,192
5,2842.0,2022-08-05 00:11:23.227,192
5,2841.0,2022-08-05 00:11:23.040,192
5,2840.0,2022-08-05 00:11:22.853,192
5,2839.0,2022-08-05 00:11:22.670,192
5,2838.0,2022-08-05 00:11:22.487,192
5,2837.0,2022-08-05 00:11:22.300,192
5,2836.0,2022-08-05 00:11:22.117,192
5,2835.0,2022-08-05 00:11:21.933,192
5,2834.0,2022-08-05 00:11:21.750,192
5,2833.0,2022-08-05 00:11:21.563,192
5,2832.0,2022-08-05 00:11:21.380,192
5,2831.0,2022-08-05 00:11:21.197,192
5,2830.0,2022-08-05 00:11:21.010,192
5,2829.0,2022-08-05 00:11:20.827,192
5,2828.0,2022-08-05 00:11:20.640,192
5,2827.0,2022-08-05 00:11:20.457,192
5,2826.0,2022-08-05 00:11:20.273,192
5,2825.0,2022-08-05 00:11:20.090,192
5,2824.0,2022-08-05 00:11:19.907,192
5,2823.0,2022-08-05 00:11:19.723,192
5,2822.0,2022-08-05 00:11:19.540,192
5,2821.0,2022-08-05 00:11:19.353,192
5,2820.0,2022-08-05 00:11:19.170,192
5,2819.0,2022-08-05 00:11:18.987,192
5,2818.0,2022-08-05 00:11:18.800,192
5,2817.0,2022-08-05 00:11:18.617,192
5,2816.0,2022-08-05 00:11:18.433,192
5,2815.0,2022-08-05 00:11:18.247,192
5,2814.0,2022-08-05 00:11:18.063,192
5,2813.0,2022-08-05 00:11:17.880,192
5,2812.0,2022-08-05 00:11:17.697,192
5,2811.0,2022-08-05 00:11:17.513,192
5,2810.0,2022-08-05 00:11:17.330,192
5,2809.0,2022-08-05 00:11:17.143,192
5,2808.0,2022-08-05 00:11:16.957,192
5,2807.0,2022-08-05 00:11:16.777,192
5,2806.0,2022-08-05 00:11:16.593,192
5,2805.0,2022-08-05 00:11:16.407,192
5,2804.0,2022-08-05 00:11:16.220,192
5,2803.0,2022-08-05 00:11:16.037,192
5,2802.0,2022-08-05 00:11:15.853,192
5,2801.0,2022-08-05 00:11:15.667,192
5,2800.0,2022-08-05 00:11:15.477,192
5,2799.0,2022-08-05 00:11:15.293,192
5,2798.0,2022-08-05 00:11:15.110,192
5,2797.0,2022-08-05 00:11:14.927,192
5,2796.0,2022-08-05 00:11:14.740,192
5,2795.0,2022-08-05 00:11:14.557,192
5,2794.0,2022-08-05 00:11:14.370,192
5,2793.0,2022-08-05 00:11:14.183,192
5,2792.0,2022-08-05 00:11:13.997,192
5,2791.0,2022-08-05 00:11:13.807,192
5,2790.0,2022-08-05 00:11:13.620,192
5,2789.0,2022-08-05 00:11:13.433,192
5,2788.0,2022-08-05 00:11:13.250,192
5,2787.0,2022-08-05 00:11:13.063,192
5,2786.0,2022-08-05 00:11:12.877,192
5,2785.0,2022-08-05 00:11:12.690,192
5,2784.0,2022-08-05 00:11:12.507,192
5,2783.0,2022-08-05 00:11:12.317,192
5,2782.0,2022-08-05 00:11:12.133,192
5,2781.0,2022-08-05 00:11:11.947,192
5,2780.0,2022-08-05 00:11:11.760,192
5,2779.0,2022-08-05 00:11:11.573,192
5,2778.0,2022-08-05 00:11:11.390,192
5,2777.0,2022-08-05 00:11:11.203,192
5,2776.0,2022-08-05 00:11:11.020,192
5,2775.0,2022-08-05 00:11:10.833,192
5,2774.0,2022-08-05 00:11:10.650,192
5,2773.0,2022-08-05 00:11:10.467,192
5,2772.0,2022-08-05 00:11:10.280,192
5,2771.0,2022-08-05 00:11:10.093,192
5,2770.0,2022-08-05 00:11:09.910,192
5,2769.0,2022-08-05 00:11:09.720,192
5,2768.0,2022-08-05 00:11:09.537,192
5,2767.0,2022-08-05 00:11:09.353,192
5,2766.0,2022-08-05 00:11:09.170,192
5,2765.0,2022-08-05 00:11:08.983,192
5,2764.0,2022-08-05 00:11:08.793,192
5,2763.0,2022-08-05 00:11:08.610,192
5,2762.0,2022-08-05 00:11:08.423,192
5,2761.0,2022-08-05 00:11:08.237,192
5,2760.0,2022-08-05 00:11:08.050,192
5,2759.0,2022-08-05 00:11:07.867,192
5,2758.0,2022-08-05 00:11:07.683,192
5,2757.0,2022-08-05 00:11:07.497,192
5,2756.0,2022-08-05 00:11:07.310,192
5,2755.0,2022-08-05 00:11:07.127,192
5,2754.0,2022-08-05 00:11:06.940,192
5,2753.0,2022-08-05 00:11:06.757,192
5,2752.0,2022-08-05 00:11:06.573,192
5,2751.0,2022-08-05 00:11:06.390,192
5,2750.0,2022-08-05 00:11:06.203,192
5,2749.0,2022-08-05 00:11:06.020,192
5,2748.0,2022-08-05 00:11:05.833,192
5,2747.0,2022-08-05 00:11:05.650,192
5,2746.0,2022-08-05 00:11:05.463,192
5,2745.0,2022-08-05 00:11:05.280,192
5,2744.0,2022-08-05 00:11:05.100,192
5,2743.0,2022-08-05 00:11:04.917,192
5,2742.0,2022-08-05 00:11:04.733,192
5,2741.0,2022-08-05 00:11:04.550,192
5,2740.0,2022-08-05 00:11:04.367,192
5,2739.0,2022-08-05 00:11:04.183,192
5,2738.0,2022-08-05 00:11:04.000,192
5,2737.0,2022-08-05 00:11:03.817,192
5,2736.0,2022-08-05 00:11:03.637,192
5,2735.0,2022-08-05 00:11:03.457,192
5,2734.0,2022-08-05 00:11:03.270,192
5,2733.0,2022-08-05 00:11:03.087,192
5,2732.0,2022-08-05 00:11:02.903,192
5,2731.0,2022-08-05 00:11:02.717,192
5,2730.0,2022-08-05 00:11:02.530,192
5,2729.0,2022-08-05 00:11:02.347,192
5,2728.0,2022-08-05 00:11:02.167,192
5,2727.0,2022-08-05 00:11:01.980,192
5,2726.0,2022-08-05 00:11:01.800,192
5,2725.0,2022-08-05 00:11:01.617,192
5,2724.0,2022-08-05 00:11:01.433,192
5,2723.0,2022-08-05 00:11:01.250,192
5,2722.0,2022-08-05 00:11:01.063,192
5,2721.0,2022-08-05 00:11:00.880,192
5,2720.0,2022-08-05 00:11:00.693,192
5,2719.0,2022-08-05 00:11:00.507,192
5,2718.0,2022-08-05 00:11:00.323,192
5,2717.0,2022-08-05 00:11:00.137,192
5,2716.0,2022-08-05 00:10:59.950,192
5,2715.0,2022-08-05 00:10:59.763,192
5,2714.0,2022-08-05 00:10:59.580,192
5,2713.0,2022-08-05 00:10:59.393,192
5,2712.0,2022-08-05 00:10:59.207,192
5,2711.0,2022-08-05 00:10:59.023,192
5,2710.0,2022-08-05 00:10:58.837,192
5,2709.0,2022-08-05 00:10:58.653,192
5,2708.0,2022-08-05 00:10:58.467,192
5,2707.0,2022-08-05 00:10:58.283,192
5,2706.0,2022-08-05 00:10:58.100,192
5,2705.0,2022-08-05 00:10:57.913,192
5,2704.0,2022-08-05 00:10:57.730,192
5,2703.0,2022-08-05 00:10:57.543,192
5,2702.0,2022-08-05 00:10:57.357,192
5,2701.0,2022-08-05 00:10:57.170,192
5,2700.0,2022-08-05 00:10:56.987,192
5,2699.0,2022-08-05 00:10:56.800,192
5,2698.0,2022-08-05 00:10:56.617,192
5,2697.0,2022-08-05 00:10:56.430,192
5,2696.0,2022-08-05 00:10:56.243,192
5,2695.0,2022-08-05 00:10:56.057,192
5,2694.0,2022-08-05 00:10:55.873,192
5,2693.0,2022-08-05 00:10:55.690,192
5,2692.0,2022-08-05 00:10:55.503,192
5,2691.0,2022-08-05 00:10:55.320,192
5,2690.0,2022-08-05 00:10:55.140,192
5,2689.0,2022-08-05 00:10:54.957,192
5,2688.0,2022-08-05 00:10:54.770,192
5,2687.0,2022-08-05 00:10:54.583,192
5,2686.0,2022-08-05 00:10:54.397,192
5,2685.0,2022-08-05 00:10:54.213,192
5,2684.0,2022-08-05 00:10:54.030,192
5,2683.0,2022-08-05 00:10:53.843,192
5,2682.0,2022-08-05 00:10:53.657,192
5,2681.0,2022-08-05 00:10:53.470,192
5,2680.0,2022-08-05 00:10:53.287,192
5,2679.0,2022-08-05 00:10:53.103,192
5,2678.0,2022-08-05 00:10:52.917,192
5,2677.0,2022-08-05 00:10:52.733,192
5,2676.0,2022-08-05 00:10:52.547,192
5,2675.0,2022-08-05 00:10:52.363,192
5,2674.0,2022-08-05 00:10:52.183,192
5,2673.0,2022-08-05 00:10:51.997,192
5,2672.0,2022-08-05 00:10:51.813,192
5,2671.0,2022-08-05 00:10:51.627,192
5,2670.0,2022-08-05 00:10:51.447,192
5,2669.0,2022-08-05 00:10:51.260,192
5,2668.0,2022-08-05 00:10:51.077,192
5,2667.0,2022-08-05 00:10:50.890,192
5,2666.0,2022-08-05 00:10:50.707,192
5,2665.0,2022-08-05 00:10:50.523,192
5,2664.0,2022-08-05 00:10:50.337,192
5,2663.0,2022-08-05 00:10:50.150,192
5,2662.0,2022-08-05 00:10:49.963,192
5,2661.0,2022-08-05 00:10:49.780,192
5,2660.0,2022-08-05 00:10:49.593,192
5,2659.0,2022-08-05 00:10:49.410,192
5,2658.0,2022-08-05 00:10:49.227,192
5,2657.0,2022-08-05 00:10:49.040,192
5,2656.0,2022-08-05 00:10:48.860,192
5,2655.0,2022-08-05 00:10:48.677,192
5,2654.0,2022-08-05 00:10:48.493,192
5,2653.0,2022-08-05 00:10:48.310,192
5,2652.0,2022-08-05 00:10:48.127,192
5,2651.0,2022-08-05 00:10:47.943,192
5,2650.0,2022-08-05 00:10:47.760,192
5,2649.0,2022-08-05 00:10:47.577,192
5,2648.0,2022-08-05 00:10:47.393,192
5,2647.0,2022-08-05 00:10:47.210,192
5,2646.0,2022-08-05 00:10:47.030,192
5,2645.0,2022-08-05 00:10:46.847,192
5,2644.0,2022-08-05 00:10:46.660,192
5,2643.0,2022-08-05 00:10:46.477,192
5,2642.0,2022-08-05 00:10:46.293,192
5,2641.0,2022-08-05 00:10:46.110,192
5,2640.0,2022-08-05 00:10:45.923,192
5,2639.0,2022-08-05 00:10:45.740,192
5,2638.0,2022-08-05 00:10:45.557,192
5,2637.0,2022-08-05 00:10:45.370,192
5,2636.0,2022-08-05 00:10:45.187,192
5,2635.0,2022-08-05 00:10:45.000,192
5,2634.0,2022-08-05 00:10:44.817,192
5,2633.0,2022-08-05 00:10:44.633,192
5,2632.0,2022-08-05 00:10:44.450,192
5,2631.0,2022-08-05 00:10:44.263,192
5,2630.0,2022-08-05 00:10:44.080,192
5,2629.0,2022-08-05 00:10:43.897,192
5,2628.0,2022-08-05 00:10:43.713,192
5,2627.0,2022-08-05 00:10:43.530,192
5,2626.0,2022-08-05 00:10:43.347,192
5,2625.0,2022-08-05 00:10:43.160,192
5,2624.0,2022-08-05 00:10:42.977,192
5,2623.0,2022-08-05 00:10:42.793,192
5,2622.0,2022-08-05 00:10:42.610,192
5,2621.0,2022-08-05 00:10:42.427,192
5,2620.0,2022-08-05 00:10:42.240,192
5,2619.0,2022-08-05 00:10:42.057,192
5,2618.0,2022-08-05 00:10:41.873,192
5,2617.0,2022-08-05 00:10:41.690,192
5,2616.0,2022-08-05 00:10:41.507,192
5,2615.0,2022-08-05 00:10:41.323,192
5,2614.0,2022-08-05 00:10:41.140,192
5,2613.0,2022-08-05 00:10:40.957,192
5,2612.0,2022-08-05 00:10:40.773,192
5,2611.0,2022-08-05 00:10:40.587,192
5,2610.0,2022-08-05 00:10:40.403,192
5,2609.0,2022-08-05 00:10:40.217,192
5,2608.0,2022-08-05 00:10:40.030,192
5,2607.0,2022-08-05 00:10:39.847,192
5,2606.0,2022-08-05 00:10:39.660,192
5,2605.0,2022-08-05 00:10:39.473,192
5,2604.0,2022-08-05 00:10:39.290,192
5,2603.0,2022-08-05 00:10:39.103,192
5,2602.0,2022-08-05 00:10:38.917,192
5,2601.0,2022-08-05 00:10:38.737,192
5,2600.0,2022-08-05 00:10:38.550,192
5,2599.0,2022-08-05 00:10:38.363,192
5,2598.0,2022-08-05 00:10:38.177,192
5,2597.0,2022-08-05 00:10:37.987,192
5,2596.0,2022-08-05 00:10:37.800,192
5,2595.0,2022-08-05 00:10:37.617,192
5,2594.0,2022-08-05 00:10:37.433,192
5,2593.0,2022-08-05 00:10:37.250,192
5,2592.0,2022-08-05 00:10:37.067,192
5,2591.0,2022-08-05 00:10:36.887,192
5,2590.0,2022-08-05 00:10:36.700,192
5,2589.0,2022-08-05 00:10:36.517,192
5,2588.0,2022-08-05 00:10:36.327,192
5,2587.0,2022-08-05 00:10:36.147,192
5,2586.0,2022-08-05 00:10:35.960,192
5,2585.0,2022-08-05 00:10:35.773,192
5,2584.0,2022-08-05 00:10:35.593,192
5,2583.0,2022-08-05 00:10:35.410,192
5,2582.0,2022-08-05 00:10:35.227,192
5,2581.0,2022-08-05 00:10:35.040,192
5,2580.0,2022-08-05 00:10:34.857,192
5,2579.0,2022-08-05 00:10:34.670,192
5,2578.0,2022-08-05 00:10:34.487,192
5,2577.0,2022-08-05 00:10:34.297,192
5,2576.0,2022-08-05 00:10:34.113,192
5,2575.0,2022-08-05 00:10:33.930,192
5,2574.0,2022-08-05 00:10:33.743,192
5,2573.0,2022-08-05 00:10:33.560,192
5,2572.0,2022-08-05 00:10:33.373,192
5,2571.0,2022-08-05 00:10:33.193,192
5,2570.0,2022-08-05 00:10:33.007,192
5,2569.0,2022-08-05 00:10:32.823,192
5,2568.0,2022-08-05 00:10:32.640,192
5,2567.0,2022-08-05 00:10:32.457,192
5,2566.0,2022-08-05 00:10:32.273,192
5,2565.0,2022-08-05 00:10:32.083,192
5,2564.0,2022-08-05 00:10:31.893,192
5,2563.0,2022-08-05 00:10:31.707,192
5,2562.0,2022-08-05 00:10:31.523,192
5,2561.0,2022-08-05 00:10:31.337,192
5,2560.0,2022-08-05 00:10:31.150,192
5,2559.0,2022-08-05 00:10:30.963,192
5,2558.0,2022-08-05 00:10:30.777,192
5,2557.0,2022-08-05 00:10:30.593,192
5,2556.0,2022-08-05 00:10:30.407,192
5,2555.0,2022-08-05 00:10:30.220,192
5,2554.0,2022-08-05 00:10:30.030,192
5,2553.0,2022-08-05 00:10:29.847,192
5,2552.0,2022-08-05 00:10:29.663,192
5,2551.0,2022-08-05 00:10:29.480,192
5,2550.0,2022-08-05 00:10:29.297,192
5,2549.0,2022-08-05 00:10:29.113,192
5,2548.0,2022-08-05 00:10:28.927,192
5,2547.0,2022-08-05 00:10:28.740,192
5,2546.0,2022-08-05 00:10:28.553,192
5,2545.0,2022-08-05 00:10:28.370,192
5,2544.0,2022-08-05 00:10:28.183,192
5,2543.0,2022-08-05 00:10:27.997,192
5,2542.0,2022-08-05 00:10:27.810,192
5,2541.0,2022-08-05 00:10:27.623,192
5,2540.0,2022-08-05 00:10:27.437,192
5,2539.0,2022-08-05 00:10:27.250,192
5,2538.0,2022-08-05 00:10:27.067,192
5,2537.0,2022-08-05 00:10:26.883,192
5,2536.0,2022-08-05 00:10:26.697,192
5,2535.0,2022-08-05 00:10:26.510,192
5,2534.0,2022-08-05 00:10:26.320,192
5,2533.0,2022-08-05 00:10:26.133,192
5,2532.0,2022-08-05 00:10:25.947,192
5,2531.0,2022-08-05 00:10:25.763,192
5,2530.0,2022-08-05 00:10:25.580,192
5,2529.0,2022-08-05 00:10:25.390,192
5,2528.0,2022-08-05 00:10:25.203,192
5,2527.0,2022-08-05 00:10:25.017,192
5,2526.0,2022-08-05 00:10:24.830,192
5,2525.0,2022-08-05 00:10:24.647,192
5,2524.0,2022-08-05 00:10:24.460,192
5,2523.0,2022-08-05 00:10:24.273,192
5,2522.0,2022-08-05 00:10:24.087,192
5,2521.0,2022-08-05 00:10:23.900,192
5,2520.0,2022-08-05 00:10:23.713,192
5,2519.0,2022-08-05 00:10:23.530,192
5,2518.0,2022-08-05 00:10:23.343,192
5,2517.0,2022-08-05 00:10:23.157,192
5,2516.0,2022-08-05 00:10:22.973,192
5,2515.0,2022-08-05 00:10:22.787,192
5,2514.0,2022-08-05 00:10:22.603,192
5,2513.0,2022-08-05 00:10:22.417,192
5,2512.0,2022-08-05 00:10:22.230,192
5,2511.0,2022-08-05 00:10:22.043,192
5,2510.0,2022-08-05 00:10:21.857,192
5,2509.0,2022-08-05 00:10:21.670,192
5,2508.0,2022-08-05 00:10:21.487,192
5,2507.0,2022-08-05 00:10:21.300,192
5,2506.0,2022-08-05 00:10:21.113,192
5,2505.0,2022-08-05 00:10:20.927,192
5,2504.0,2022-08-05 00:10:20.740,192
5,2503.0,2022-08-05 00:10:20.553,192
5,2502.0,2022-08-05 00:10:20.370,192
5,2501.0,2022-08-05 00:10:20.180,192
5,2500.0,2022-08-05 00:10:19.990,192
5,2499.0,2022-08-05 00:10:19.803,192
5,2498.0,2022-08-05 00:10:19.620,192
5,2497.0,2022-08-05 00:10:19.433,192
5,2496.0,2022-08-05 00:10:19.250,192
5,2495.0,2022-08-05 00:10:19.063,192
5,2494.0,2022-08-05 00:10:18.877,192
5,2493.0,2022-08-05 00:10:18.690,192
5,2492.0,2022-08-05 00:10:18.503,192
5,2491.0,2022-08-05 00:10:18.320,192
5,2490.0,2022-08-05 00:10:18.130,192
5,2489.0,2022-08-05 00:10:17.943,192
5,2488.0,2022-08-05 00:10:17.757,192
5,2487.0,2022-08-05 00:10:17.573,192
5,2486.0,2022-08-05 00:10:17.387,192
5,2485.0,2022-08-05 00:10:17.203,192
5,2484.0,2022-08-05 00:10:17.017,192
5,2483.0,2022-08-05 00:10:16.833,192
5,2482.0,2022-08-05 00:10:16.647,192
5,2481.0,2022-08-05 00:10:16.460,192
5,2480.0,2022-08-05 00:10:16.277,192
5,2479.0,2022-08-05 00:10:16.090,192
5,2478.0,2022-08-05 00:10:15.903,192
5,2477.0,2022-08-05 00:10:15.720,192
5,2476.0,2022-08-05 00:10:15.533,192
5,2475.0,2022-08-05 00:10:15.350,192
5,2474.0,2022-08-05 00:10:15.163,192
5,2473.0,2022-08-05 00:10:14.977,192
5,2472.0,2022-08-05 00:10:14.793,192
5,2471.0,2022-08-05 00:10:14.607,192
5,2470.0,2022-08-05 00:10:14.420,192
5,2469.0,2022-08-05 00:10:14.233,192
5,2468.0,2022-08-05 00:10:14.050,192
5,2467.0,2022-08-05 00:10:13.860,192
5,2466.0,2022-08-05 00:10:13.673,192
5,2465.0,2022-08-05 00:10:13.490,192
5,2464.0,2022-08-05 00:10:13.307,192
5,2463.0,2022-08-05 00:10:13.120,192
5,2462.0,2022-08-05 00:10:12.937,192
5,2461.0,2022-08-05 00:10:12.747,192
5,2460.0,2022-08-05 00:10:12.560,192
5,2459.0,2022-08-05 00:10:12.373,192
5,2458.0,2022-08-05 00:10:12.190,192
5,2457.0,2022-08-05 00:10:12.007,192
5,2456.0,2022-08-05 00:10:11.823,192
5,2455.0,2022-08-05 00:10:11.637,192
5,2454.0,2022-08-05 00:10:11.450,192
5,2453.0,2022-08-05 00:10:11.260,192
5,2452.0,2022-08-05 00:10:11.077,192
5,2451.0,2022-08-05 00:10:10.890,192
5,2450.0,2022-08-05 00:10:10.703,192
5,2449.0,2022-08-05 00:10:10.520,192
5,2448.0,2022-08-05 00:10:10.333,192
5,2447.0,2022-08-05 00:10:10.150,192
5,2446.0,2022-08-05 00:10:09.967,192
5,2445.0,2022-08-05 00:10:09.777,192
5,2444.0,2022-08-05 00:10:09.593,192
5,2443.0,2022-08-05 00:10:09.407,192
5,2442.0,2022-08-05 00:10:09.220,192
5,2441.0,2022-08-05 00:10:09.033,192
5,2440.0,2022-08-05 00:10:08.850,192
5,2439.0,2022-08-05 00:10:08.663,192
5,2438.0,2022-08-05 00:10:08.477,192
5,2437.0,2022-08-05 00:10:08.290,192
5,2436.0,2022-08-05 00:10:08.103,192
5,2435.0,2022-08-05 00:10:07.920,192
5,2434.0,2022-08-05 00:10:07.737,192
5,2433.0,2022-08-05 00:10:07.550,192
5,2432.0,2022-08-05 00:10:07.363,192
5,2431.0,2022-08-05 00:10:07.180,192
5,2430.0,2022-08-05 00:10:06.997,192
5,2429.0,2022-08-05 00:10:06.810,192
5,2428.0,2022-08-05 00:10:06.623,192
5,2427.0,2022-08-05 00:10:06.437,192
5,2426.0,2022-08-05 00:10:06.253,192
5,2425.0,2022-08-05 00:10:06.067,192
5,2424.0,2022-08-05 00:10:05.883,192
5,2423.0,2022-08-05 00:10:05.700,192
5,2422.0,2022-08-05 00:10:05.513,192
5,2421.0,2022-08-05 00:10:05.330,192
5,2420.0,2022-08-05 00:10:05.140,192
5,2419.0,2022-08-05 00:10:04.957,192
5,2418.0,2022-08-05 00:10:04.770,192
5,2417.0,2022-08-05 00:10:04.587,192
5,2416.0,2022-08-05 00:10:04.403,192
5,2415.0,2022-08-05 00:10:04.217,192
5,2414.0,2022-08-05 00:10:04.030,192
5,2413.0,2022-08-05 00:10:03.847,192
5,2412.0,2022-08-05 00:10:03.660,192
5,2411.0,2022-08-05 00:10:03.477,192
5,2410.0,2022-08-05 00:10:03.287,192
5,2409.0,2022-08-05 00:10:03.103,192
5,2408.0,2022-08-05 00:10:02.917,192
5,2407.0,2022-08-05 00:10:02.733,192
5,2406.0,2022-08-05 00:10:02.543,192
5,2405.0,2022-08-05 00:10:02.360,192
5,2404.0,2022-08-05 00:10:02.170,192
5,2403.0,2022-08-05 00:10:01.987,192
5,2402.0,2022-08-05 00:10:01.803,192
5,2401.0,2022-08-05 00:10:01.617,192
5,2400.0,2022-08-05 00:10:01.433,192
5,2399.0,2022-08-05 00:10:01.250,192
5,2398.0,2022-08-05 00:10:01.067,192
5,2397.0,2022-08-05 00:10:00.880,192
5,2396.0,2022-08-05 00:10:00.697,192
5,2395.0,2022-08-05 00:10:00.513,192
5,2394.0,2022-08-05 00:10:00.330,192
5,2393.0,2022-08-05 00:10:00.140,192
5,2392.0,2022-08-05 00:09:59.957,192
5,2391.0,2022-08-05 00:09:59.773,192
5,2390.0,2022-08-05 00:09:59.590,192
5,2389.0,2022-08-05 00:09:59.403,192
5,2388.0,2022-08-05 00:09:59.217,192
5,2387.0,2022-08-05 00:09:59.030,192
5,2386.0,2022-08-05 00:09:58.850,192
5,2385.0,2022-08-05 00:09:58.663,192
5,2384.0,2022-08-05 00:09:58.480,192
5,2383.0,2022-08-05 00:09:58.293,192
5,2382.0,2022-08-05 00:09:58.110,192
5,2381.0,2022-08-05 00:09:57.923,192
5,2380.0,2022-08-05 00:09:57.740,192
5,2379.0,2022-08-05 00:09:57.553,192
5,2378.0,2022-08-05 00:09:57.370,192
5,2377.0,2022-08-05 00:09:57.187,192
5,2376.0,2022-08-05 00:09:57.000,192
5,2375.0,2022-08-05 00:09:56.817,192
5,2374.0,2022-08-05 00:09:56.633,192
5,2373.0,2022-08-05 00:09:56.447,192
5,2372.0,2022-08-05 00:09:56.263,192
5,2371.0,2022-08-05 00:09:56.077,192
5,2370.0,2022-08-05 00:09:55.893,192
5,2369.0,2022-08-05 00:09:55.707,192
5,2368.0,2022-08-05 00:09:55.523,192
5,2367.0,2022-08-05 00:09:55.340,192
5,2366.0,2022-08-05 00:09:55.157,192
5,2365.0,2022-08-05 00:09:54.973,192
5,2364.0,2022-08-05 00:09:54.790,192
5,2363.0,2022-08-05 00:09:54.607,192
5,2362.0,2022-08-05 00:09:54.420,192
5,2361.0,2022-08-05 00:09:54.237,192
5,2360.0,2022-08-05 00:09:54.057,192
5,2359.0,2022-08-05 00:09:53.873,192
5,2358.0,2022-08-05 00:09:53.690,192
5,2357.0,2022-08-05 00:09:53.507,192
5,2356.0,2022-08-05 00:09:53.320,192
5,2355.0,2022-08-05 00:09:53.137,192
5,2354.0,2022-08-05 00:09:52.950,192
5,2353.0,2022-08-05 00:09:52.767,192
5,2352.0,2022-08-05 00:09:52.583,192
5,2351.0,2022-08-05 00:09:52.397,192
5,2350.0,2022-08-05 00:09:52.213,192
5,2349.0,2022-08-05 00:09:52.030,192
5,2348.0,2022-08-05 00:09:51.850,192
5,2347.0,2022-08-05 00:09:51.663,192
5,2346.0,2022-08-05 00:09:51.480,192
5,2345.0,2022-08-05 00:09:51.293,192
5,2344.0,2022-08-05 00:09:51.110,192
5,2343.0,2022-08-05 00:09:50.910,192
5,2342.0,2022-08-05 00:09:50.727,192
5,2341.0,2022-08-05 00:09:50.540,192
5,2340.0,2022-08-05 00:09:50.353,192
5,2339.0,2022-08-05 00:09:50.170,192
5,2338.0,2022-08-05 00:09:49.983,192
5,2337.0,2022-08-05 00:09:49.797,192
5,2336.0,2022-08-05 00:09:49.610,192
5,2335.0,2022-08-05 00:09:49.427,192
5,2334.0,2022-08-05 00:09:49.243,192
5,2333.0,2022-08-05 00:09:49.057,192
5,2332.0,2022-08-05 00:09:48.873,192
5,2331.0,2022-08-05 00:09:48.690,192
5,2330.0,2022-08-05 00:09:48.507,192
5,2329.0,2022-08-05 00:09:48.320,192
5,2328.0,2022-08-05 00:09:48.133,192
5,2327.0,2022-08-05 00:09:47.950,192
5,2326.0,2022-08-05 00:09:47.770,192
5,2325.0,2022-08-05 00:09:47.583,192
5,2324.0,2022-08-05 00:09:47.400,192
5,2323.0,2022-08-05 00:09:47.213,192
5,2322.0,2022-08-05 00:09:47.027,192
5,2321.0,2022-08-05 00:09:46.843,192
5,2320.0,2022-08-05 00:09:46.657,192
5,2319.0,2022-08-05 00:09:46.457,192
5,2318.0,2022-08-05 00:09:46.273,192
5,2317.0,2022-08-05 00:09:46.087,192
5,2316.0,2022-08-05 00:09:45.900,192
5,2315.0,2022-08-05 00:09:45.717,192
5,2314.0,2022-08-05 00:09:45.533,192
5,2313.0,2022-08-05 00:09:45.350,192
5,2312.0,2022-08-05 00:09:45.163,192
5,2311.0,2022-08-05 00:09:44.977,192
5,2310.0,2022-08-05 00:09:44.793,192
5,2309.0,2022-08-05 00:09:44.607,192
5,2308.0,2022-08-05 00:09:44.423,192
5,2307.0,2022-08-05 00:09:44.237,192
5,2306.0,2022-08-05 00:09:44.050,192
5,2305.0,2022-08-05 00:09:43.867,192
5,2304.0,2022-08-05 00:09:43.683,192
5,2303.0,2022-08-05 00:09:43.493,192
5,2302.0,2022-08-05 00:09:43.307,192
5,2301.0,2022-08-05 00:09:43.120,192
5,2300.0,2022-08-05 00:09:42.937,192
5,2299.0,2022-08-05 00:09:42.753,192
5,2298.0,2022-08-05 00:09:42.567,192
5,2297.0,2022-08-05 00:09:42.383,192
5,2296.0,2022-08-05 00:09:42.200,192
5,2295.0,2022-08-05 00:09:42.013,192
5,2294.0,2022-08-05 00:09:41.830,192
5,2293.0,2022-08-05 00:09:41.647,192
5,2292.0,2022-08-05 00:09:41.460,192
5,2291.0,2022-08-05 00:09:41.277,192
5,2290.0,2022-08-05 00:09:41.090,192
5,2289.0,2022-08-05 00:09:40.907,192
5,2288.0,2022-08-05 00:09:40.723,192
5,2287.0,2022-08-05 00:09:40.543,192
5,2286.0,2022-08-05 00:09:40.357,192
5,2285.0,2022-08-05 00:09:40.173,192
5,2284.0,2022-08-05 00:09:39.987,192
5,2283.0,2022-08-05 00:09:39.803,192
5,2282.0,2022-08-05 00:09:39.620,192
5,2281.0,2022-08-05 00:09:39.433,192
5,2280.0,2022-08-05 00:09:39.250,192
5,2279.0,2022-08-05 00:09:39.067,192
5,2278.0,2022-08-05 00:09:38.883,192
5,2277.0,2022-08-05 00:09:38.697,192
5,2276.0,2022-08-05 00:09:38.497,192
5,2275.0,2022-08-05 00:09:38.310,192
5,2274.0,2022-08-05 00:09:38.127,192
5,2273.0,2022-08-05 00:09:37.940,192
5,2272.0,2022-08-05 00:09:37.750,192
5,2271.0,2022-08-05 00:09:37.563,192
5,2270.0,2022-08-05 00:09:37.380,192
5,2269.0,2022-08-05 00:09:37.197,192
5,2268.0,2022-08-05 00:09:37.010,192
5,2267.0,2022-08-05 00:09:36.823,192
5,2266.0,2022-08-05 00:09:36.637,192
5,2265.0,2022-08-05 00:09:36.453,192
5,2264.0,2022-08-05 00:09:36.263,192
5,2263.0,2022-08-05 00:09:36.077,192
5,2262.0,2022-08-05 00:09:35.893,192
5,2261.0,2022-08-05 00:09:35.707,192
5,2260.0,2022-08-05 00:09:35.520,192
5,2259.0,2022-08-05 00:09:35.333,192
5,2258.0,2022-08-05 00:09:35.147,192
5,2257.0,2022-08-05 00:09:34.960,192
5,2256.0,2022-08-05 00:09:34.773,192
5,2255.0,2022-08-05 00:09:34.587,192
5,2254.0,2022-08-05 00:09:34.397,192
5,2253.0,2022-08-05 00:09:34.210,192
5,2252.0,2022-08-05 00:09:34.023,192
5,2251.0,2022-08-05 00:09:33.837,192
5,2250.0,2022-08-05 00:09:33.650,192
5,2249.0,2022-08-05 00:09:33.463,192
5,2248.0,2022-08-05 00:09:33.280,192
5,2247.0,2022-08-05 00:09:33.093,192
5,2246.0,2022-08-05 00:09:32.903,192
5,2245.0,2022-08-05 00:09:32.717,192
5,2244.0,2022-08-05 00:09:32.537,192
5,2243.0,2022-08-05 00:09:32.350,192
5,2242.0,2022-08-05 00:09:32.163,192
5,2241.0,2022-08-05 00:09:31.983,192
5,2240.0,2022-08-05 00:09:31.793,192
5,2239.0,2022-08-05 00:09:31.607,192
5,2238.0,2022-08-05 00:09:31.420,192
5,2237.0,2022-08-05 00:09:31.233,192
5,2236.0,2022-08-05 00:09:31.050,192
5,2235.0,2022-08-05 00:09:30.867,192
5,2234.0,2022-08-05 00:09:30.680,192
5,2233.0,2022-08-05 00:09:30.493,192
5,2232.0,2022-08-05 00:09:30.307,192
5,2231.0,2022-08-05 00:09:30.123,192
5,2230.0,2022-08-05 00:09:29.940,192
5,2229.0,2022-08-05 00:09:29.753,192
5,2228.0,2022-08-05 00:09:29.570,192
5,2227.0,2022-08-05 00:09:29.387,192
5,2226.0,2022-08-05 00:09:29.203,192
5,2225.0,2022-08-05 00:09:29.017,192
5,2224.0,2022-08-05 00:09:28.833,192
5,2223.0,2022-08-05 00:09:28.643,192
5,2222.0,2022-08-05 00:09:28.457,192
5,2221.0,2022-08-05 00:09:28.273,192
5,2220.0,2022-08-05 00:09:28.087,192
5,2219.0,2022-08-05 00:09:27.903,192
5,2218.0,2022-08-05 00:09:27.720,192
5,2217.0,2022-08-05 00:09:27.537,192
5,2216.0,2022-08-05 00:09:27.350,192
5,2215.0,2022-08-05 00:09:27.167,192
5,2214.0,2022-08-05 00:09:26.980,192
5,2213.0,2022-08-05 00:09:26.797,192
5,2212.0,2022-08-05 00:09:26.607,192
5,2211.0,2022-08-05 00:09:26.420,192
5,2210.0,2022-08-05 00:09:26.233,192
5,2209.0,2022-08-05 00:09:26.050,192
5,2208.0,2022-08-05 00:09:25.863,192
5,2207.0,2022-08-05 00:09:25.680,192
5,2206.0,2022-08-05 00:09:25.493,192
5,2205.0,2022-08-05 00:09:25.307,192
5,2204.0,2022-08-05 00:09:25.127,192
5,2203.0,2022-08-05 00:09:24.933,192
5,2202.0,2022-08-05 00:09:24.743,192
5,2201.0,2022-08-05 00:09:24.557,192
5,2200.0,2022-08-05 00:09:24.370,192
5,2199.0,2022-08-05 00:09:24.187,192
5,2198.0,2022-08-05 00:09:24.000,192
5,2197.0,2022-08-05 00:09:23.813,192
5,2196.0,2022-08-05 00:09:23.627,192
5,2195.0,2022-08-05 00:09:23.440,192
5,2194.0,2022-08-05 00:09:23.257,192
5,2193.0,2022-08-05 00:09:23.070,192
5,2192.0,2022-08-05 00:09:22.880,192
5,2191.0,2022-08-05 00:09:22.693,192
5,2190.0,2022-08-05 00:09:22.507,192
5,2189.0,2022-08-05 00:09:22.323,192
5,2188.0,2022-08-05 00:09:22.137,192
5,2187.0,2022-08-05 00:09:21.953,192
5,2186.0,2022-08-05 00:09:21.767,192
5,2185.0,2022-08-05 00:09:21.583,192
5,2184.0,2022-08-05 00:09:21.397,192
5,2183.0,2022-08-05 00:09:21.210,192
5,2182.0,2022-08-05 00:09:21.023,192
5,2181.0,2022-08-05 00:09:20.840,192
5,2180.0,2022-08-05 00:09:20.657,192
5,2179.0,2022-08-05 00:09:20.470,192
5,2178.0,2022-08-05 00:09:20.287,192
5,2177.0,2022-08-05 00:09:20.103,192
5,2176.0,2022-08-05 00:09:19.917,192
5,2175.0,2022-08-05 00:09:19.733,192
5,2174.0,2022-08-05 00:09:19.550,192
5,2173.0,2022-08-05 00:09:19.360,192
5,2172.0,2022-08-05 00:09:19.173,192
5,2171.0,2022-08-05 00:09:18.990,192
5,2170.0,2022-08-05 00:09:18.807,192
5,2169.0,2022-08-05 00:09:18.620,192
5,2168.0,2022-08-05 00:09:18.437,192
5,2167.0,2022-08-05 00:09:18.253,192
5,2166.0,2022-08-05 00:09:18.070,192
5,2165.0,2022-08-05 00:09:17.883,192
5,2164.0,2022-08-05 00:09:17.700,192
5,2163.0,2022-08-05 00:09:17.513,192
5,2162.0,2022-08-05 00:09:17.327,192
5,2161.0,2022-08-05 00:09:17.143,192
5,2160.0,2022-08-05 00:09:16.957,192
5,2159.0,2022-08-05 00:09:16.770,192
5,2158.0,2022-08-05 00:09:16.587,192
5,2157.0,2022-08-05 00:09:16.403,192
5,2156.0,2022-08-05 00:09:16.217,192
5,2155.0,2022-08-05 00:09:16.030,192
5,2154.0,2022-08-05 00:09:15.847,192
5,2153.0,2022-08-05 00:09:15.663,192
5,2152.0,2022-08-05 00:09:15.477,192
5,2151.0,2022-08-05 00:09:15.290,192
5,2150.0,2022-08-05 00:09:15.107,192
5,2149.0,2022-08-05 00:09:14.920,192
5,2148.0,2022-08-05 00:09:14.733,192
5,2147.0,2022-08-05 00:09:14.550,192
5,2146.0,2022-08-05 00:09:14.363,192
5,2145.0,2022-08-05 00:09:14.180,192
5,2144.0,2022-08-05 00:09:13.993,192
5,2143.0,2022-08-05 00:09:13.810,192
5,2142.0,2022-08-05 00:09:13.623,192
5,2141.0,2022-08-05 00:09:13.437,192
5,2140.0,2022-08-05 00:09:13.253,192
5,2139.0,2022-08-05 00:09:13.067,192
5,2138.0,2022-08-05 00:09:12.883,192
5,2137.0,2022-08-05 00:09:12.697,192
5,2136.0,2022-08-05 00:09:12.513,192
5,2135.0,2022-08-05 00:09:12.327,192
5,2134.0,2022-08-05 00:09:12.143,192
5,2133.0,2022-08-05 00:09:11.960,192
5,2132.0,2022-08-05 00:09:11.773,192
5,2131.0,2022-08-05 00:09:11.587,192
5,2130.0,2022-08-05 00:09:11.397,192
5,2129.0,2022-08-05 00:09:11.210,192
5,2128.0,2022-08-05 00:09:11.027,192
5,2127.0,2022-08-05 00:09:10.837,192
5,2126.0,2022-08-05 00:09:10.650,192
5,2125.0,2022-08-05 00:09:10.463,192
5,2124.0,2022-08-05 00:09:10.277,192
5,2123.0,2022-08-05 00:09:10.090,192
5,2122.0,2022-08-05 00:09:09.903,192
5,2121.0,2022-08-05 00:09:09.717,192
5,2120.0,2022-08-05 00:09:09.533,192
5,2119.0,2022-08-05 00:09:09.350,192
5,2118.0,2022-08-05 00:09:09.163,192
5,2117.0,2022-08-05 00:09:08.977,192
5,2116.0,2022-08-05 00:09:08.793,192
5,2115.0,2022-08-05 00:09:08.607,192
5,2114.0,2022-08-05 00:09:08.417,192
5,2113.0,2022-08-05 00:09:08.230,192
5,2112.0,2022-08-05 00:09:08.043,192
5,2111.0,2022-08-05 00:09:07.860,192
5,2110.0,2022-08-05 00:09:07.677,192
5,2109.0,2022-08-05 00:09:07.490,192
5,2108.0,2022-08-05 00:09:07.303,192
5,2107.0,2022-08-05 00:09:07.120,192
5,2106.0,2022-08-05 00:09:06.933,192
5,2105.0,2022-08-05 00:09:06.750,192
5,2104.0,2022-08-05 00:09:06.563,192
5,2103.0,2022-08-05 00:09:06.380,192
5,2102.0,2022-08-05 00:09:06.190,192
5,2101.0,2022-08-05 00:09:06.007,192
5,2100.0,2022-08-05 00:09:05.820,192
5,2099.0,2022-08-05 00:09:05.633,192
5,2098.0,2022-08-05 00:09:05.447,192
5,2097.0,2022-08-05 00:09:05.260,192
5,2096.0,2022-08-05 00:09:05.073,192
5,2095.0,2022-08-05 00:09:04.890,192
5,2094.0,2022-08-05 00:09:04.703,192
5,2093.0,2022-08-05 00:09:04.520,192
5,2092.0,2022-08-05 00:09:04.330,192
5,2091.0,2022-08-05 00:09:04.147,192
5,2090.0,2022-08-05 00:09:03.963,192
5,2089.0,2022-08-05 00:09:03.777,192
5,2088.0,2022-08-05 00:09:03.593,192
5,2087.0,2022-08-05 00:09:03.407,192
5,2086.0,2022-08-05 00:09:03.220,192
5,2085.0,2022-08-05 00:09:03.033,192
5,2084.0,2022-08-05 00:09:02.847,192
5,2083.0,2022-08-05 00:09:02.660,192
5,2082.0,2022-08-05 00:09:02.477,192
5,2081.0,2022-08-05 00:09:02.290,192
5,2080.0,2022-08-05 00:09:02.107,192
5,2079.0,2022-08-05 00:09:01.920,192
5,2078.0,2022-08-05 00:09:01.737,192
5,2077.0,2022-08-05 00:09:01.553,192
5,2076.0,2022-08-05 00:09:01.370,192
5,2075.0,2022-08-05 00:09:01.180,192
5,2074.0,2022-08-05 00:09:00.993,192
5,2073.0,2022-08-05 00:09:00.803,192
5,2072.0,2022-08-05 00:09:00.620,192
5,2071.0,2022-08-05 00:09:00.437,192
5,2070.0,2022-08-05 00:09:00.247,192
5,2069.0,2022-08-05 00:09:00.060,192
5,2068.0,2022-08-05 00:08:59.873,192
5,2067.0,2022-08-05 00:08:59.687,192
5,2066.0,2022-08-05 00:08:59.500,192
5,2065.0,2022-08-05 00:08:59.310,192
5,2064.0,2022-08-05 00:08:59.123,192
5,2063.0,2022-08-05 00:08:58.940,192
5,2062.0,2022-08-05 00:08:58.753,192
5,2061.0,2022-08-05 00:08:58.563,192
5,2060.0,2022-08-05 00:08:58.380,192
5,2059.0,2022-08-05 00:08:58.193,192
5,2058.0,2022-08-05 00:08:58.007,192
5,2057.0,2022-08-05 00:08:57.820,192
5,2056.0,2022-08-05 00:08:57.633,192
5,2055.0,2022-08-05 00:08:57.447,192
5,2054.0,2022-08-05 00:08:57.260,192
5,2053.0,2022-08-05 00:08:57.073,192
5,2052.0,2022-08-05 00:08:56.890,192
5,2051.0,2022-08-05 00:08:56.707,192
5,2050.0,2022-08-05 00:08:56.520,192
5,2049.0,2022-08-05 00:08:56.333,192
5,2048.0,2022-08-05 00:08:56.150,192
5,2047.0,2022-08-05 00:08:55.963,192
5,2046.0,2022-08-05 00:08:55.773,192
5,2045.0,2022-08-05 00:08:55.587,192
5,2044.0,2022-08-05 00:08:55.403,192
5,2043.0,2022-08-05 00:08:55.217,192
5,2042.0,2022-08-05 00:08:55.030,192
5,2041.0,2022-08-05 00:08:54.847,192
5,2040.0,2022-08-05 00:08:54.663,192
5,2039.0,2022-08-05 00:08:54.477,192
5,2038.0,2022-08-05 00:08:54.290,192
5,2037.0,2022-08-05 00:08:54.103,192
5,2036.0,2022-08-05 00:08:53.917,192
5,2035.0,2022-08-05 00:08:53.730,192
5,2034.0,2022-08-05 00:08:53.543,192
5,2033.0,2022-08-05 00:08:53.357,192
5,2032.0,2022-08-05 00:08:53.173,192
5,2031.0,2022-08-05 00:08:52.990,192
5,2030.0,2022-08-05 00:08:52.807,192
5,2029.0,2022-08-05 00:08:52.623,192
5,2028.0,2022-08-05 00:08:52.440,192
5,2027.0,2022-08-05 00:08:52.253,192
5,2026.0,2022-08-05 00:08:52.067,192
5,2025.0,2022-08-05 00:08:51.877,192
5,2024.0,2022-08-05 00:08:51.693,192
5,2023.0,2022-08-05 00:08:51.507,192
5,2022.0,2022-08-05 00:08:51.323,192
5,2021.0,2022-08-05 00:08:51.137,192
5,2020.0,2022-08-05 00:08:50.950,192
5,2019.0,2022-08-05 00:08:50.767,192
5,2018.0,2022-08-05 00:08:50.580,192
5,2017.0,2022-08-05 00:08:50.393,192
5,2016.0,2022-08-05 00:08:50.210,192
5,2015.0,2022-08-05 00:08:50.027,192
5,2014.0,2022-08-05 00:08:49.840,192
5,2013.0,2022-08-05 00:08:49.653,192
5,2012.0,2022-08-05 00:08:49.470,192
5,2011.0,2022-08-05 00:08:49.287,192
5,2010.0,2022-08-05 00:08:49.100,192
5,2009.0,2022-08-05 00:08:48.917,192
5,2008.0,2022-08-05 00:08:48.733,192
5,2007.0,2022-08-05 00:08:48.547,192
5,2006.0,2022-08-05 00:08:48.360,192
5,2005.0,2022-08-05 00:08:48.177,192
5,2004.0,2022-08-05 00:08:47.990,192
5,2003.0,2022-08-05 00:08:47.803,192
5,2002.0,2022-08-05 00:08:47.620,192
5,2001.0,2022-08-05 00:08:47.433,192
5,2000.0,2022-08-05 00:08:47.250,192
5,1999.0,2022-08-05 00:08:47.067,192
5,1998.0,2022-08-05 00:08:46.880,192
5,1997.0,2022-08-05 00:08:46.697,192
5,1996.0,2022-08-05 00:08:46.513,192
5,1995.0,2022-08-05 00:08:46.327,192
5,1994.0,2022-08-05 00:08:46.143,192
5,1993.0,2022-08-05 00:08:45.957,192
5,1992.0,2022-08-05 00:08:45.773,192
5,1991.0,2022-08-05 00:08:45.587,192
5,1990.0,2022-08-05 00:08:45.403,192
5,1989.0,2022-08-05 00:08:45.220,192
5,1988.0,2022-08-05 00:08:45.033,192
5,1987.0,2022-08-05 00:08:44.850,192
5,1986.0,2022-08-05 00:08:44.667,192
5,1985.0,2022-08-05 00:08:44.483,192
5,1984.0,2022-08-05 00:08:44.297,192
5,1983.0,2022-08-05 00:08:44.113,192
5,1982.0,2022-08-05 00:08:43.927,192
5,1981.0,2022-08-05 00:08:43.743,192
5,1980.0,2022-08-05 00:08:43.557,192
5,1979.0,2022-08-05 00:08:43.370,192
5,1978.0,2022-08-05 00:08:43.183,192
5,1977.0,2022-08-05 00:08:43.000,192
5,1976.0,2022-08-05 00:08:42.817,192
5,1975.0,2022-08-05 00:08:42.633,192
5,1974.0,2022-08-05 00:08:42.447,192
5,1973.0,2022-08-05 00:08:42.263,192
5,1972.0,2022-08-05 00:08:42.077,192
5,1971.0,2022-08-05 00:08:41.893,192
5,1970.0,2022-08-05 00:08:41.710,192
5,1969.0,2022-08-05 00:08:41.523,192
5,1968.0,2022-08-05 00:08:41.337,192
5,1967.0,2022-08-05 00:08:41.153,192
5,1966.0,2022-08-05 00:08:40.970,192
5,1965.0,2022-08-05 00:08:40.783,192
5,1964.0,2022-08-05 00:08:40.600,192
5,1963.0,2022-08-05 00:08:40.417,192
5,1962.0,2022-08-05 00:08:40.233,192
5,1961.0,2022-08-05 00:08:40.047,192
5,1960.0,2022-08-05 00:08:39.860,192
5,1959.0,2022-08-05 00:08:39.673,192
5,1958.0,2022-08-05 00:08:39.483,192
5,1957.0,2022-08-05 00:08:39.300,192
5,1956.0,2022-08-05 00:08:39.117,192
5,1955.0,2022-08-05 00:08:38.930,192
5,1954.0,2022-08-05 00:08:38.743,192
5,1953.0,2022-08-05 00:08:38.563,192
5,1952.0,2022-08-05 00:08:38.377,192
5,1951.0,2022-08-05 00:08:38.193,192
5,1950.0,2022-08-05 00:08:38.003,192
5,1949.0,2022-08-05 00:08:37.820,192
5,1948.0,2022-08-05 00:08:37.637,192
5,1947.0,2022-08-05 00:08:37.447,192
5,1946.0,2022-08-05 00:08:37.260,192
5,1945.0,2022-08-05 00:08:37.073,192
5,1944.0,2022-08-05 00:08:36.887,192
5,1943.0,2022-08-05 00:08:36.703,192
5,1942.0,2022-08-05 00:08:36.513,192
5,1941.0,2022-08-05 00:08:36.313,192
5,1940.0,2022-08-05 00:08:36.130,192
5,1939.0,2022-08-05 00:08:35.943,192
5,1938.0,2022-08-05 00:08:35.757,192
5,1937.0,2022-08-05 00:08:35.570,192
5,1936.0,2022-08-05 00:08:35.387,192
5,1935.0,2022-08-05 00:08:35.200,192
5,1934.0,2022-08-05 00:08:35.013,192
5,1933.0,2022-08-05 00:08:34.827,192
5,1932.0,2022-08-05 00:08:34.643,192
5,1931.0,2022-08-05 00:08:34.460,192
5,1930.0,2022-08-05 00:08:34.277,192
5,1929.0,2022-08-05 00:08:34.090,192
5,1928.0,2022-08-05 00:08:33.907,192
5,1927.0,2022-08-05 00:08:33.723,192
5,1926.0,2022-08-05 00:08:33.537,192
5,1925.0,2022-08-05 00:08:33.353,192
5,1924.0,2022-08-05 00:08:33.170,192
5,1923.0,2022-08-05 00:08:32.983,192
5,1922.0,2022-08-05 00:08:32.797,192
5,1921.0,2022-08-05 00:08:32.613,192
5,1920.0,2022-08-05 00:08:32.430,192
5,1919.0,2022-08-05 00:08:32.243,192
5,1918.0,2022-08-05 00:08:32.057,192
5,1917.0,2022-08-05 00:08:31.870,192
5,1916.0,2022-08-05 00:08:31.687,192
5,1915.0,2022-08-05 00:08:31.500,192
5,1914.0,2022-08-05 00:08:31.317,192
5,1913.0,2022-08-05 00:08:31.133,192
5,1912.0,2022-08-05 00:08:30.947,192
5,1911.0,2022-08-05 00:08:30.763,192
5,1910.0,2022-08-05 00:08:30.573,192
5,1909.0,2022-08-05 00:08:30.390,192
5,1908.0,2022-08-05 00:08:30.203,192
5,1907.0,2022-08-05 00:08:30.017,192
5,1906.0,2022-08-05 00:08:29.830,192
5,1905.0,2022-08-05 00:08:29.647,192
5,1904.0,2022-08-05 00:08:29.460,192
5,1903.0,2022-08-05 00:08:29.277,192
5,1902.0,2022-08-05 00:08:29.090,192
5,1901.0,2022-08-05 00:08:28.907,192
5,1900.0,2022-08-05 00:08:28.720,192
5,1899.0,2022-08-05 00:08:28.537,192
5,1898.0,2022-08-05 00:08:28.353,192
5,1897.0,2022-08-05 00:08:28.167,192
5,1896.0,2022-08-05 00:08:27.983,192
5,1895.0,2022-08-05 00:08:27.797,192
5,1894.0,2022-08-05 00:08:27.610,192
5,1893.0,2022-08-05 00:08:27.423,192
5,1892.0,2022-08-05 00:08:27.240,192
5,1891.0,2022-08-05 00:08:27.053,192
5,1890.0,2022-08-05 00:08:26.870,192
5,1889.0,2022-08-05 00:08:26.687,192
5,1888.0,2022-08-05 00:08:26.500,192
5,1887.0,2022-08-05 00:08:26.317,192
5,1886.0,2022-08-05 00:08:26.130,192
5,1885.0,2022-08-05 00:08:25.943,192
5,1884.0,2022-08-05 00:08:25.757,192
5,1883.0,2022-08-05 00:08:25.573,192
5,1882.0,2022-08-05 00:08:25.387,192
5,1881.0,2022-08-05 00:08:25.200,192
5,1880.0,2022-08-05 00:08:25.013,192
5,1879.0,2022-08-05 00:08:24.830,192
5,1878.0,2022-08-05 00:08:24.643,192
5,1877.0,2022-08-05 00:08:24.460,192
5,1876.0,2022-08-05 00:08:24.277,192
5,1875.0,2022-08-05 00:08:24.090,192
5,1874.0,2022-08-05 00:08:23.907,192
5,1873.0,2022-08-05 00:08:23.720,192
5,1872.0,2022-08-05 00:08:23.537,192
5,1871.0,2022-08-05 00:08:23.353,192
5,1870.0,2022-08-05 00:08:23.170,192
5,1869.0,2022-08-05 00:08:22.987,192
5,1868.0,2022-08-05 00:08:22.800,192
5,1867.0,2022-08-05 00:08:22.617,192
5,1866.0,2022-08-05 00:08:22.430,192
5,1865.0,2022-08-05 00:08:22.247,192
5,1864.0,2022-08-05 00:08:22.063,192
5,1863.0,2022-08-05 00:08:21.880,192
5,1862.0,2022-08-05 00:08:21.693,192
5,1861.0,2022-08-05 00:08:21.510,192
5,1860.0,2022-08-05 00:08:21.327,192
5,1859.0,2022-08-05 00:08:21.140,192
5,1858.0,2022-08-05 00:08:20.957,192
5,1857.0,2022-08-05 00:08:20.770,192
5,1856.0,2022-08-05 00:08:20.583,192
5,1855.0,2022-08-05 00:08:20.397,192
5,1854.0,2022-08-05 00:08:20.213,192
5,1853.0,2022-08-05 00:08:20.027,192
5,1852.0,2022-08-05 00:08:19.840,192
5,1851.0,2022-08-05 00:08:19.653,192
5,1850.0,2022-08-05 00:08:19.470,192
5,1849.0,2022-08-05 00:08:19.283,192
5,1848.0,2022-08-05 00:08:19.097,192
5,1847.0,2022-08-05 00:08:18.910,192
5,1846.0,2022-08-05 00:08:18.723,192
5,1845.0,2022-08-05 00:08:18.540,192
5,1844.0,2022-08-05 00:08:18.357,192
5,1843.0,2022-08-05 00:08:18.170,192
5,1842.0,2022-08-05 00:08:17.987,192
5,1841.0,2022-08-05 00:08:17.800,192
5,1840.0,2022-08-05 00:08:17.617,192
5,1839.0,2022-08-05 00:08:17.430,192
5,1838.0,2022-08-05 00:08:17.243,192
5,1837.0,2022-08-05 00:08:17.060,192
5,1836.0,2022-08-05 00:08:16.873,192
5,1835.0,2022-08-05 00:08:16.683,192
5,1834.0,2022-08-05 00:08:16.503,192
5,1833.0,2022-08-05 00:08:16.313,192
5,1832.0,2022-08-05 00:08:16.127,192
5,1831.0,2022-08-05 00:08:15.943,192
5,1830.0,2022-08-05 00:08:15.753,192
5,1829.0,2022-08-05 00:08:15.570,192
5,1828.0,2022-08-05 00:08:15.383,192
5,1827.0,2022-08-05 00:08:15.193,192
5,1826.0,2022-08-05 00:08:15.007,192
5,1825.0,2022-08-05 00:08:14.820,192
5,1824.0,2022-08-05 00:08:14.637,192
5,1823.0,2022-08-05 00:08:14.447,192
5,1822.0,2022-08-05 00:08:14.263,192
5,1821.0,2022-08-05 00:08:14.077,192
5,1820.0,2022-08-05 00:08:13.893,192
5,1819.0,2022-08-05 00:08:13.710,192
5,1818.0,2022-08-05 00:08:13.527,192
5,1817.0,2022-08-05 00:08:13.340,192
5,1816.0,2022-08-05 00:08:13.157,192
5,1815.0,2022-08-05 00:08:12.973,192
5,1814.0,2022-08-05 00:08:12.790,192
5,1813.0,2022-08-05 00:08:12.603,192
5,1812.0,2022-08-05 00:08:12.417,192
5,1811.0,2022-08-05 00:08:12.233,192
5,1810.0,2022-08-05 00:08:12.047,192
5,1809.0,2022-08-05 00:08:11.863,192
5,1808.0,2022-08-05 00:08:11.680,192
5,1807.0,2022-08-05 00:08:11.493,192
5,1806.0,2022-08-05 00:08:11.303,192
5,1805.0,2022-08-05 00:08:11.120,192
5,1804.0,2022-08-05 00:08:10.937,192
5,1803.0,2022-08-05 00:08:10.750,192
5,1802.0,2022-08-05 00:08:10.563,192
5,1801.0,2022-08-05 00:08:10.380,192
5,1800.0,2022-08-05 00:08:10.193,192
5,1799.0,2022-08-05 00:08:10.007,192
5,1798.0,2022-08-05 00:08:09.820,192
5,1797.0,2022-08-05 00:08:09.637,192
5,1796.0,2022-08-05 00:08:09.453,192
5,1795.0,2022-08-05 00:08:09.263,192
5,1794.0,2022-08-05 00:08:09.080,192
5,1793.0,2022-08-05 00:08:08.897,192
5,1792.0,2022-08-05 00:08:08.710,192
5,1791.0,2022-08-05 00:08:08.527,192
5,1790.0,2022-08-05 00:08:08.343,192
5,1789.0,2022-08-05 00:08:08.157,192
5,1788.0,2022-08-05 00:08:07.970,192
5,1787.0,2022-08-05 00:08:07.787,192
5,1786.0,2022-08-05 00:08:07.600,192
5,1785.0,2022-08-05 00:08:07.417,192
5,1784.0,2022-08-05 00:08:07.230,192
5,1783.0,2022-08-05 00:08:07.043,192
5,1782.0,2022-08-05 00:08:06.860,192
5,1781.0,2022-08-05 00:08:06.673,192
5,1780.0,2022-08-05 00:08:06.487,192
5,1779.0,2022-08-05 00:08:06.300,192
5,1778.0,2022-08-05 00:08:06.117,192
5,1777.0,2022-08-05 00:08:05.930,192
5,1776.0,2022-08-05 00:08:05.743,192
5,1775.0,2022-08-05 00:08:05.557,192
5,1774.0,2022-08-05 00:08:05.370,192
5,1773.0,2022-08-05 00:08:05.183,192
5,1772.0,2022-08-05 00:08:04.997,192
5,1771.0,2022-08-05 00:08:04.813,192
5,1770.0,2022-08-05 00:08:04.627,192
5,1769.0,2022-08-05 00:08:04.443,192
5,1768.0,2022-08-05 00:08:04.260,192
5,1767.0,2022-08-05 00:08:04.073,192
5,1766.0,2022-08-05 00:08:03.890,192
5,1765.0,2022-08-05 00:08:03.707,192
5,1764.0,2022-08-05 00:08:03.520,192
5,1763.0,2022-08-05 00:08:03.333,192
5,1762.0,2022-08-05 00:08:03.150,192
5,1761.0,2022-08-05 00:08:02.967,192
5,1760.0,2022-08-05 00:08:02.783,192
5,1759.0,2022-08-05 00:08:02.597,192
5,1758.0,2022-08-05 00:08:02.410,192
5,1757.0,2022-08-05 00:08:02.227,192
5,1756.0,2022-08-05 00:08:02.040,192
5,1755.0,2022-08-05 00:08:01.853,192
5,1754.0,2022-08-05 00:08:01.667,192
5,1753.0,2022-08-05 00:08:01.480,192
5,1752.0,2022-08-05 00:08:01.297,192
5,1751.0,2022-08-05 00:08:01.110,192
5,1750.0,2022-08-05 00:08:00.927,192
5,1749.0,2022-08-05 00:08:00.740,192
5,1748.0,2022-08-05 00:08:00.557,192
5,1747.0,2022-08-05 00:08:00.370,192
5,1746.0,2022-08-05 00:08:00.183,192
5,1745.0,2022-08-05 00:08:00.000,192
5,1744.0,2022-08-05 00:07:59.813,192
5,1743.0,2022-08-05 00:07:59.630,192
5,1742.0,2022-08-05 00:07:59.443,192
5,1741.0,2022-08-05 00:07:59.260,192
5,1740.0,2022-08-05 00:07:59.077,192
5,1739.0,2022-08-05 00:07:58.890,192
5,1738.0,2022-08-05 00:07:58.707,192
5,1737.0,2022-08-05 00:07:58.520,192
5,1736.0,2022-08-05 00:07:58.337,192
5,1735.0,2022-08-05 00:07:58.150,192
5,1734.0,2022-08-05 00:07:57.967,192
5,1733.0,2022-08-05 00:07:57.783,192
5,1732.0,2022-08-05 00:07:57.600,192
5,1731.0,2022-08-05 00:07:57.413,192
5,1730.0,2022-08-05 00:07:57.230,192
5,1729.0,2022-08-05 00:07:57.043,192
5,1728.0,2022-08-05 00:07:56.860,192
5,1727.0,2022-08-05 00:07:56.673,192
5,1726.0,2022-08-05 00:07:56.490,192
5,1725.0,2022-08-05 00:07:56.300,192
5,1724.0,2022-08-05 00:07:56.117,192
5,1723.0,2022-08-05 00:07:55.930,192
5,1722.0,2022-08-05 00:07:55.747,192
5,1721.0,2022-08-05 00:07:55.563,192
5,1720.0,2022-08-05 00:07:55.377,192
5,1719.0,2022-08-05 00:07:55.190,192
5,1718.0,2022-08-05 00:07:55.000,192
5,1717.0,2022-08-05 00:07:54.817,192
5,1716.0,2022-08-05 00:07:54.630,192
5,1715.0,2022-08-05 00:07:54.443,192
5,1714.0,2022-08-05 00:07:54.260,192
5,1713.0,2022-08-05 00:07:54.073,192
5,1712.0,2022-08-05 00:07:53.887,192
5,1711.0,2022-08-05 00:07:53.703,192
5,1710.0,2022-08-05 00:07:53.517,192
5,1709.0,2022-08-05 00:07:53.337,192
5,1708.0,2022-08-05 00:07:53.150,192
5,1707.0,2022-08-05 00:07:52.963,192
5,1706.0,2022-08-05 00:07:52.780,192
5,1705.0,2022-08-05 00:07:52.593,192
5,1704.0,2022-08-05 00:07:52.410,192
5,1703.0,2022-08-05 00:07:52.223,192
5,1702.0,2022-08-05 00:07:52.037,192
5,1701.0,2022-08-05 00:07:51.850,192
5,1700.0,2022-08-05 00:07:51.667,192
5,1699.0,2022-08-05 00:07:51.480,192
5,1698.0,2022-08-05 00:07:51.297,192
5,1697.0,2022-08-05 00:07:51.110,192
5,1696.0,2022-08-05 00:07:50.923,192
5,1695.0,2022-08-05 00:07:50.740,192
5,1694.0,2022-08-05 00:07:50.547,192
5,1693.0,2022-08-05 00:07:50.353,192
5,1692.0,2022-08-05 00:07:50.167,192
5,1691.0,2022-08-05 00:07:49.987,192
5,1690.0,2022-08-05 00:07:49.800,192
5,1689.0,2022-08-05 00:07:49.617,192
5,1688.0,2022-08-05 00:07:49.430,192
5,1687.0,2022-08-05 00:07:49.250,192
5,1686.0,2022-08-05 00:07:49.067,192
5,1685.0,2022-08-05 00:07:48.880,192
5,1684.0,2022-08-05 00:07:48.693,192
5,1683.0,2022-08-05 00:07:48.513,192
5,1682.0,2022-08-05 00:07:48.330,192
5,1681.0,2022-08-05 00:07:48.143,192
5,1680.0,2022-08-05 00:07:47.957,192
5,1679.0,2022-08-05 00:07:47.773,192
5,1678.0,2022-08-05 00:07:47.590,192
5,1677.0,2022-08-05 00:07:47.407,192
5,1676.0,2022-08-05 00:07:47.223,192
5,1675.0,2022-08-05 00:07:47.033,192
5,1674.0,2022-08-05 00:07:46.850,192
5,1673.0,2022-08-05 00:07:46.667,192
5,1672.0,2022-08-05 00:07:46.483,192
5,1671.0,2022-08-05 00:07:46.297,192
5,1670.0,2022-08-05 00:07:46.110,192
5,1669.0,2022-08-05 00:07:45.927,192
5,1668.0,2022-08-05 00:07:45.743,192
5,1667.0,2022-08-05 00:07:45.560,192
5,1666.0,2022-08-05 00:07:45.373,192
5,1665.0,2022-08-05 00:07:45.190,192
5,1664.0,2022-08-05 00:07:45.003,192
5,1663.0,2022-08-05 00:07:44.820,192
5,1662.0,2022-08-05 00:07:44.633,192
5,1661.0,2022-08-05 00:07:44.450,192
5,1660.0,2022-08-05 00:07:44.267,192
5,1659.0,2022-08-05 00:07:44.083,192
5,1658.0,2022-08-05 00:07:43.897,192
5,1657.0,2022-08-05 00:07:43.713,192
5,1656.0,2022-08-05 00:07:43.527,192
5,1655.0,2022-08-05 00:07:43.343,192
5,1654.0,2022-08-05 00:07:43.160,192
5,1653.0,2022-08-05 00:07:42.973,192
5,1652.0,2022-08-05 00:07:42.787,192
5,1651.0,2022-08-05 00:07:42.600,192
5,1650.0,2022-08-05 00:07:42.417,192
5,1649.0,2022-08-05 00:07:42.230,192
5,1648.0,2022-08-05 00:07:42.043,192
5,1647.0,2022-08-05 00:07:41.857,192
5,1646.0,2022-08-05 00:07:41.677,192
5,1645.0,2022-08-05 00:07:41.490,192
5,1644.0,2022-08-05 00:07:41.307,192
5,1643.0,2022-08-05 00:07:41.120,192
5,1642.0,2022-08-05 00:07:40.933,192
5,1641.0,2022-08-05 00:07:40.750,192
5,1640.0,2022-08-05 00:07:40.567,192
5,1639.0,2022-08-05 00:07:40.380,192
5,1638.0,2022-08-05 00:07:40.197,192
5,1637.0,2022-08-05 00:07:40.013,192
5,1636.0,2022-08-05 00:07:39.827,192
5,1635.0,2022-08-05 00:07:39.643,192
5,1634.0,2022-08-05 00:07:39.460,192
5,1633.0,2022-08-05 00:07:39.273,192
5,1632.0,2022-08-05 00:07:39.087,192
5,1631.0,2022-08-05 00:07:38.903,192
5,1630.0,2022-08-05 00:07:38.717,192
5,1629.0,2022-08-05 00:07:38.533,192
5,1628.0,2022-08-05 00:07:38.350,192
5,1627.0,2022-08-05 00:07:38.167,192
5,1626.0,2022-08-05 00:07:37.983,192
5,1625.0,2022-08-05 00:07:37.797,192
5,1624.0,2022-08-05 00:07:37.613,192
5,1623.0,2022-08-05 00:07:37.430,192
5,1622.0,2022-08-05 00:07:37.243,192
5,1621.0,2022-08-05 00:07:37.060,192
5,1620.0,2022-08-05 00:07:36.873,192
5,1619.0,2022-08-05 00:07:36.690,192
5,1618.0,2022-08-05 00:07:36.507,192
5,1617.0,2022-08-05 00:07:36.320,192
5,1616.0,2022-08-05 00:07:36.137,192
5,1615.0,2022-08-05 00:07:35.953,192
5,1614.0,2022-08-05 00:07:35.767,192
5,1613.0,2022-08-05 00:07:35.583,192
5,1612.0,2022-08-05 00:07:35.397,192
5,1611.0,2022-08-05 00:07:35.213,192
5,1610.0,2022-08-05 00:07:35.027,192
5,1609.0,2022-08-05 00:07:34.840,192
5,1608.0,2022-08-05 00:07:34.657,192
5,1607.0,2022-08-05 00:07:34.473,192
5,1606.0,2022-08-05 00:07:34.290,192
5,1605.0,2022-08-05 00:07:34.107,192
5,1604.0,2022-08-05 00:07:33.920,192
5,1603.0,2022-08-05 00:07:33.737,192
5,1602.0,2022-08-05 00:07:33.553,192
5,1601.0,2022-08-05 00:07:33.367,192
5,1600.0,2022-08-05 00:07:33.180,192
5,1599.0,2022-08-05 00:07:32.997,192
5,1598.0,2022-08-05 00:07:32.813,192
5,1597.0,2022-08-05 00:07:32.630,192
5,1596.0,2022-08-05 00:07:32.447,192
5,1595.0,2022-08-05 00:07:32.260,192
5,1594.0,2022-08-05 00:07:32.077,192
5,1593.0,2022-08-05 00:07:31.893,192
5,1592.0,2022-08-05 00:07:31.707,192
5,1591.0,2022-08-05 00:07:31.523,192
5,1590.0,2022-08-05 00:07:31.340,192
5,1589.0,2022-08-05 00:07:31.157,192
5,1588.0,2022-08-05 00:07:30.973,192
5,1587.0,2022-08-05 00:07:30.787,192
5,1586.0,2022-08-05 00:07:30.600,192
5,1585.0,2022-08-05 00:07:30.417,192
5,1584.0,2022-08-05 00:07:30.230,192
5,1583.0,2022-08-05 00:07:30.047,192
5,1582.0,2022-08-05 00:07:29.863,192
5,1581.0,2022-08-05 00:07:29.677,192
5,1580.0,2022-08-05 00:07:29.493,192
5,1579.0,2022-08-05 00:07:29.307,192
5,1578.0,2022-08-05 00:07:29.127,192
5,1577.0,2022-08-05 00:07:28.940,192
5,1576.0,2022-08-05 00:07:28.760,192
5,1575.0,2022-08-05 00:07:28.573,192
5,1574.0,2022-08-05 00:07:28.390,192
5,1573.0,2022-08-05 00:07:28.203,192
5,1572.0,2022-08-05 00:07:28.020,192
5,1571.0,2022-08-05 00:07:27.837,192
5,1570.0,2022-08-05 00:07:27.650,192
5,1569.0,2022-08-05 00:07:27.467,192
5,1568.0,2022-08-05 00:07:27.280,192
5,1567.0,2022-08-05 00:07:27.097,192
5,1566.0,2022-08-05 00:07:26.910,192
5,1565.0,2022-08-05 00:07:26.727,192
5,1564.0,2022-08-05 00:07:26.543,192
5,1563.0,2022-08-05 00:07:26.360,192
5,1562.0,2022-08-05 00:07:26.177,192
5,1561.0,2022-08-05 00:07:25.993,192
5,1560.0,2022-08-05 00:07:25.810,192
5,1559.0,2022-08-05 00:07:25.627,192
5,1558.0,2022-08-05 00:07:25.440,192
5,1557.0,2022-08-05 00:07:25.257,192
5,1556.0,2022-08-05 00:07:25.070,192
5,1555.0,2022-08-05 00:07:24.883,192
5,1554.0,2022-08-05 00:07:24.700,192
5,1553.0,2022-08-05 00:07:24.517,192
5,1552.0,2022-08-05 00:07:24.333,192
5,1551.0,2022-08-05 00:07:24.147,192
5,1550.0,2022-08-05 00:07:23.960,192
5,1549.0,2022-08-05 00:07:23.777,192
5,1548.0,2022-08-05 00:07:23.593,192
5,1547.0,2022-08-05 00:07:23.410,192
5,1546.0,2022-08-05 00:07:23.223,192
5,1545.0,2022-08-05 00:07:23.040,192
5,1544.0,2022-08-05 00:07:22.857,192
5,1543.0,2022-08-05 00:07:22.670,192
5,1542.0,2022-08-05 00:07:22.487,192
5,1541.0,2022-08-05 00:07:22.300,192
5,1540.0,2022-08-05 00:07:22.117,192
5,1539.0,2022-08-05 00:07:21.930,192
5,1538.0,2022-08-05 00:07:21.747,192
5,1537.0,2022-08-05 00:07:21.560,192
5,1536.0,2022-08-05 00:07:21.377,192
5,1535.0,2022-08-05 00:07:21.190,192
5,1534.0,2022-08-05 00:07:21.007,192
5,1533.0,2022-08-05 00:07:20.823,192
5,1532.0,2022-08-05 00:07:20.643,192
5,1531.0,2022-08-05 00:07:20.440,192
5,1530.0,2022-08-05 00:07:20.253,192
5,1529.0,2022-08-05 00:07:20.067,192
5,1528.0,2022-08-05 00:07:19.883,192
5,1527.0,2022-08-05 00:07:19.700,192
5,1526.0,2022-08-05 00:07:19.513,192
5,1525.0,2022-08-05 00:07:19.330,192
5,1524.0,2022-08-05 00:07:19.147,192
5,1523.0,2022-08-05 00:07:18.963,192
5,1522.0,2022-08-05 00:07:18.777,192
5,1521.0,2022-08-05 00:07:18.597,192
5,1520.0,2022-08-05 00:07:18.410,192
5,1519.0,2022-08-05 00:07:18.227,192
5,1518.0,2022-08-05 00:07:18.043,192
5,1517.0,2022-08-05 00:07:17.857,192
5,1516.0,2022-08-05 00:07:17.673,192
5,1515.0,2022-08-05 00:07:17.490,192
5,1514.0,2022-08-05 00:07:17.307,192
5,1513.0,2022-08-05 00:07:17.123,192
5,1512.0,2022-08-05 00:07:16.937,192
5,1511.0,2022-08-05 00:07:16.753,192
5,1510.0,2022-08-05 00:07:16.570,192
5,1509.0,2022-08-05 00:07:16.383,192
5,1508.0,2022-08-05 00:07:16.197,192
5,1507.0,2022-08-05 00:07:16.010,192
5,1506.0,2022-08-05 00:07:15.827,192
5,1505.0,2022-08-05 00:07:15.640,192
5,1504.0,2022-08-05 00:07:15.453,192
5,1503.0,2022-08-05 00:07:15.270,192
5,1502.0,2022-08-05 00:07:15.087,192
5,1501.0,2022-08-05 00:07:14.900,192
5,1500.0,2022-08-05 00:07:14.717,192
5,1499.0,2022-08-05 00:07:14.533,192
5,1498.0,2022-08-05 00:07:14.347,192
5,1497.0,2022-08-05 00:07:14.160,192
5,1496.0,2022-08-05 00:07:13.977,192
5,1495.0,2022-08-05 00:07:13.790,192
5,1494.0,2022-08-05 00:07:13.607,192
5,1493.0,2022-08-05 00:07:13.420,192
5,1492.0,2022-08-05 00:07:13.233,192
5,1491.0,2022-08-05 00:07:13.050,192
5,1490.0,2022-08-05 00:07:12.867,192
5,1489.0,2022-08-05 00:07:12.680,192
5,1488.0,2022-08-05 00:07:12.493,192
5,1487.0,2022-08-05 00:07:12.307,192
5,1486.0,2022-08-05 00:07:12.123,192
5,1485.0,2022-08-05 00:07:11.937,192
5,1484.0,2022-08-05 00:07:11.753,192
5,1483.0,2022-08-05 00:07:11.567,192
5,1482.0,2022-08-05 00:07:11.380,192
5,1481.0,2022-08-05 00:07:11.197,192
5,1480.0,2022-08-05 00:07:11.010,192
5,1479.0,2022-08-05 00:07:10.823,192
5,1478.0,2022-08-05 00:07:10.637,192
5,1477.0,2022-08-05 00:07:10.450,192
5,1476.0,2022-08-05 00:07:10.267,192
5,1475.0,2022-08-05 00:07:10.077,192
5,1474.0,2022-08-05 00:07:09.890,192
5,1473.0,2022-08-05 00:07:09.703,192
5,1472.0,2022-08-05 00:07:09.517,192
5,1471.0,2022-08-05 00:07:09.333,192
5,1470.0,2022-08-05 00:07:09.147,192
5,1469.0,2022-08-05 00:07:08.960,192
5,1468.0,2022-08-05 00:07:08.777,192
5,1467.0,2022-08-05 00:07:08.593,192
5,1466.0,2022-08-05 00:07:08.410,192
5,1465.0,2022-08-05 00:07:08.223,192
5,1464.0,2022-08-05 00:07:08.040,192
5,1463.0,2022-08-05 00:07:07.853,192
5,1462.0,2022-08-05 00:07:07.670,192
5,1461.0,2022-08-05 00:07:07.487,192
5,1460.0,2022-08-05 00:07:07.307,192
5,1459.0,2022-08-05 00:07:07.120,192
5,1458.0,2022-08-05 00:07:06.927,192
5,1457.0,2022-08-05 00:07:06.737,192
5,1456.0,2022-08-05 00:07:06.553,192
5,1455.0,2022-08-05 00:07:06.367,192
5,1454.0,2022-08-05 00:07:06.183,192
5,1453.0,2022-08-05 00:07:05.980,192
5,1452.0,2022-08-05 00:07:05.797,192
5,1451.0,2022-08-05 00:07:05.613,192
5,1450.0,2022-08-05 00:07:05.427,192
5,1449.0,2022-08-05 00:07:05.240,192
5,1448.0,2022-08-05 00:07:05.053,192
5,1447.0,2022-08-05 00:07:04.867,192
5,1446.0,2022-08-05 00:07:04.687,192
5,1445.0,2022-08-05 00:07:04.500,192
5,1444.0,2022-08-05 00:07:04.317,192
5,1443.0,2022-08-05 00:07:04.130,192
5,1442.0,2022-08-05 00:07:03.947,192
5,1441.0,2022-08-05 00:07:03.760,192
5,1440.0,2022-08-05 00:07:03.577,192
5,1439.0,2022-08-05 00:07:03.393,192
5,1438.0,2022-08-05 00:07:03.203,192
5,1437.0,2022-08-05 00:07:03.020,192
5,1436.0,2022-08-05 00:07:02.833,192
5,1435.0,2022-08-05 00:07:02.637,192
5,1434.0,2022-08-05 00:07:02.453,192
5,1433.0,2022-08-05 00:07:02.270,192
5,1432.0,2022-08-05 00:07:02.087,192
5,1431.0,2022-08-05 00:07:01.903,192
5,1430.0,2022-08-05 00:07:01.720,192
5,1429.0,2022-08-05 00:07:01.533,192
5,1428.0,2022-08-05 00:07:01.347,192
5,1427.0,2022-08-05 00:07:01.163,192
5,1426.0,2022-08-05 00:07:00.980,192
5,1425.0,2022-08-05 00:07:00.793,192
5,1424.0,2022-08-05 00:07:00.607,192
5,1423.0,2022-08-05 00:07:00.423,192
5,1422.0,2022-08-05 00:07:00.237,192
5,1421.0,2022-08-05 00:07:00.053,192
5,1420.0,2022-08-05 00:06:59.870,192
5,1419.0,2022-08-05 00:06:59.683,192
5,1418.0,2022-08-05 00:06:59.497,192
5,1417.0,2022-08-05 00:06:59.310,192
5,1416.0,2022-08-05 00:06:59.123,192
5,1415.0,2022-08-05 00:06:58.943,192
5,1414.0,2022-08-05 00:06:58.753,192
5,1413.0,2022-08-05 00:06:58.567,192
5,1412.0,2022-08-05 00:06:58.380,192
5,1411.0,2022-08-05 00:06:58.197,192
5,1410.0,2022-08-05 00:06:58.007,192
5,1409.0,2022-08-05 00:06:57.820,192
5,1408.0,2022-08-05 00:06:57.637,192
5,1407.0,2022-08-05 00:06:57.450,192
5,1406.0,2022-08-05 00:06:57.263,192
5,1405.0,2022-08-05 00:06:57.077,192
5,1404.0,2022-08-05 00:06:56.890,192
5,1403.0,2022-08-05 00:06:56.707,192
5,1402.0,2022-08-05 00:06:56.523,192
5,1401.0,2022-08-05 00:06:56.337,192
5,1400.0,2022-08-05 00:06:56.153,192
5,1399.0,2022-08-05 00:06:55.970,192
5,1398.0,2022-08-05 00:06:55.783,192
5,1397.0,2022-08-05 00:06:55.600,192
5,1396.0,2022-08-05 00:06:55.413,192
5,1395.0,2022-08-05 00:06:55.230,192
5,1394.0,2022-08-05 00:06:55.040,192
5,1393.0,2022-08-05 00:06:54.857,192
5,1392.0,2022-08-05 00:06:54.670,192
5,1391.0,2022-08-05 00:06:54.483,192
5,1390.0,2022-08-05 00:06:54.300,192
5,1389.0,2022-08-05 00:06:54.113,192
5,1388.0,2022-08-05 00:06:53.930,192
5,1387.0,2022-08-05 00:06:53.747,192
5,1386.0,2022-08-05 00:06:53.560,192
5,1385.0,2022-08-05 00:06:53.377,192
5,1384.0,2022-08-05 00:06:53.190,192
5,1383.0,2022-08-05 00:06:53.010,192
5,1382.0,2022-08-05 00:06:52.827,192
5,1381.0,2022-08-05 00:06:52.643,192
5,1380.0,2022-08-05 00:06:52.457,192
5,1379.0,2022-08-05 00:06:52.270,192
5,1378.0,2022-08-05 00:06:52.087,192
5,1377.0,2022-08-05 00:06:51.903,192
5,1376.0,2022-08-05 00:06:51.720,192
5,1375.0,2022-08-05 00:06:51.533,192
5,1374.0,2022-08-05 00:06:51.343,192
5,1373.0,2022-08-05 00:06:51.160,192
5,1372.0,2022-08-05 00:06:50.977,192
5,1371.0,2022-08-05 00:06:50.790,192
5,1370.0,2022-08-05 00:06:50.600,192
5,1369.0,2022-08-05 00:06:50.413,192
5,1368.0,2022-08-05 00:06:50.227,192
5,1367.0,2022-08-05 00:06:50.043,192
5,1366.0,2022-08-05 00:06:49.860,192
5,1365.0,2022-08-05 00:06:49.673,192
5,1364.0,2022-08-05 00:06:49.487,192
5,1363.0,2022-08-05 00:06:49.300,192
5,1362.0,2022-08-05 00:06:49.113,192
5,1361.0,2022-08-05 00:06:48.930,192
5,1360.0,2022-08-05 00:06:48.747,192
5,1359.0,2022-08-05 00:06:48.560,192
5,1358.0,2022-08-05 00:06:48.377,192
5,1357.0,2022-08-05 00:06:48.190,192
5,1356.0,2022-08-05 00:06:48.007,192
5,1355.0,2022-08-05 00:06:47.823,192
5,1354.0,2022-08-05 00:06:47.637,192
5,1353.0,2022-08-05 00:06:47.457,192
5,1352.0,2022-08-05 00:06:47.270,192
5,1351.0,2022-08-05 00:06:47.087,192
5,1350.0,2022-08-05 00:06:46.903,192
5,1349.0,2022-08-05 00:06:46.720,192
5,1348.0,2022-08-05 00:06:46.537,192
5,1347.0,2022-08-05 00:06:46.350,192
5,1346.0,2022-08-05 00:06:46.163,192
5,1345.0,2022-08-05 00:06:45.980,192
5,1344.0,2022-08-05 00:06:45.797,192
5,1343.0,2022-08-05 00:06:45.610,192
5,1342.0,2022-08-05 00:06:45.427,192
5,1341.0,2022-08-05 00:06:45.243,192
5,1340.0,2022-08-05 00:06:45.060,192
5,1339.0,2022-08-05 00:06:44.873,192
5,1338.0,2022-08-05 00:06:44.687,192
5,1337.0,2022-08-05 00:06:44.500,192
5,1336.0,2022-08-05 00:06:44.313,192
5,1335.0,2022-08-05 00:06:44.130,192
5,1334.0,2022-08-05 00:06:43.943,192
5,1333.0,2022-08-05 00:06:43.757,192
5,1332.0,2022-08-05 00:06:43.573,192
5,1331.0,2022-08-05 00:06:43.387,192
5,1330.0,2022-08-05 00:06:43.200,192
5,1329.0,2022-08-05 00:06:43.013,192
5,1328.0,2022-08-05 00:06:42.827,192
5,1327.0,2022-08-05 00:06:42.643,192
5,1326.0,2022-08-05 00:06:42.460,192
5,1325.0,2022-08-05 00:06:42.273,192
5,1324.0,2022-08-05 00:06:42.090,192
5,1323.0,2022-08-05 00:06:41.903,192
5,1322.0,2022-08-05 00:06:41.720,192
5,1321.0,2022-08-05 00:06:41.537,192
5,1320.0,2022-08-05 00:06:41.350,192
5,1319.0,2022-08-05 00:06:41.163,192
5,1318.0,2022-08-05 00:06:40.980,192
5,1317.0,2022-08-05 00:06:40.790,192
5,1316.0,2022-08-05 00:06:40.603,192
5,1315.0,2022-08-05 00:06:40.417,192
5,1314.0,2022-08-05 00:06:40.233,192
5,1313.0,2022-08-05 00:06:40.050,192
5,1312.0,2022-08-05 00:06:39.867,192
5,1311.0,2022-08-05 00:06:39.680,192
5,1310.0,2022-08-05 00:06:39.497,192
5,1309.0,2022-08-05 00:06:39.310,192
5,1308.0,2022-08-05 00:06:39.123,192
5,1307.0,2022-08-05 00:06:38.940,192
5,1306.0,2022-08-05 00:06:38.757,192
5,1305.0,2022-08-05 00:06:38.570,192
5,1304.0,2022-08-05 00:06:38.387,192
5,1303.0,2022-08-05 00:06:38.200,192
5,1302.0,2022-08-05 00:06:38.013,192
5,1301.0,2022-08-05 00:06:37.830,192
5,1300.0,2022-08-05 00:06:37.643,192
5,1299.0,2022-08-05 00:06:37.457,192
5,1298.0,2022-08-05 00:06:37.270,192
5,1297.0,2022-08-05 00:06:37.083,192
5,1296.0,2022-08-05 00:06:36.900,192
5,1295.0,2022-08-05 00:06:36.710,192
5,1294.0,2022-08-05 00:06:36.527,192
5,1293.0,2022-08-05 00:06:36.340,192
5,1292.0,2022-08-05 00:06:36.157,192
5,1291.0,2022-08-05 00:06:35.970,192
5,1290.0,2022-08-05 00:06:35.787,192
5,1289.0,2022-08-05 00:06:35.603,192
5,1288.0,2022-08-05 00:06:35.417,192
5,1287.0,2022-08-05 00:06:35.233,192
5,1286.0,2022-08-05 00:06:35.050,192
5,1285.0,2022-08-05 00:06:34.867,192
5,1284.0,2022-08-05 00:06:34.683,192
5,1283.0,2022-08-05 00:06:34.497,192
5,1282.0,2022-08-05 00:06:34.313,192
5,1281.0,2022-08-05 00:06:34.127,192
5,1280.0,2022-08-05 00:06:33.940,192
5,1279.0,2022-08-05 00:06:33.740,192
5,1278.0,2022-08-05 00:06:33.553,192
5,1277.0,2022-08-05 00:06:33.367,192
5,1276.0,2022-08-05 00:06:33.180,192
5,1275.0,2022-08-05 00:06:32.993,192
5,1274.0,2022-08-05 00:06:32.810,192
5,1273.0,2022-08-05 00:06:32.623,192
5,1272.0,2022-08-05 00:06:32.440,192
5,1271.0,2022-08-05 00:06:32.257,192
5,1270.0,2022-08-05 00:06:32.073,192
5,1269.0,2022-08-05 00:06:31.887,192
5,1268.0,2022-08-05 00:06:31.703,192
5,1267.0,2022-08-05 00:06:31.517,192
5,1266.0,2022-08-05 00:06:31.333,192
5,1265.0,2022-08-05 00:06:31.147,192
5,1264.0,2022-08-05 00:06:30.963,192
5,1263.0,2022-08-05 00:06:30.777,192
5,1262.0,2022-08-05 00:06:30.590,192
5,1261.0,2022-08-05 00:06:30.400,192
5,1260.0,2022-08-05 00:06:30.213,192
5,1259.0,2022-08-05 00:06:30.030,192
5,1258.0,2022-08-05 00:06:29.843,192
5,1257.0,2022-08-05 00:06:29.657,192
5,1256.0,2022-08-05 00:06:29.470,192
5,1255.0,2022-08-05 00:06:29.287,192
5,1254.0,2022-08-05 00:06:29.100,192
5,1253.0,2022-08-05 00:06:28.917,192
5,1252.0,2022-08-05 00:06:28.730,192
5,1251.0,2022-08-05 00:06:28.540,192
5,1250.0,2022-08-05 00:06:28.357,192
5,1249.0,2022-08-05 00:06:28.167,192
5,1248.0,2022-08-05 00:06:27.983,192
5,1247.0,2022-08-05 00:06:27.800,192
5,1246.0,2022-08-05 00:06:27.617,192
5,1245.0,2022-08-05 00:06:27.430,192
5,1244.0,2022-08-05 00:06:27.243,192
5,1243.0,2022-08-05 00:06:27.053,192
5,1242.0,2022-08-05 00:06:26.870,192
5,1241.0,2022-08-05 00:06:26.687,192
5,1240.0,2022-08-05 00:06:26.497,192
5,1239.0,2022-08-05 00:06:26.313,192
5,1238.0,2022-08-05 00:06:26.127,192
5,1237.0,2022-08-05 00:06:25.937,192
5,1236.0,2022-08-05 00:06:25.753,192
5,1235.0,2022-08-05 00:06:25.570,192
5,1234.0,2022-08-05 00:06:25.383,192
5,1233.0,2022-08-05 00:06:25.200,192
5,1232.0,2022-08-05 00:06:25.013,192
5,1231.0,2022-08-05 00:06:24.830,192
5,1230.0,2022-08-05 00:06:24.643,192
5,1229.0,2022-08-05 00:06:24.457,192
5,1228.0,2022-08-05 00:06:24.273,192
5,1227.0,2022-08-05 00:06:24.087,192
5,1226.0,2022-08-05 00:06:23.900,192
5,1225.0,2022-08-05 00:06:23.717,192
5,1224.0,2022-08-05 00:06:23.527,192
5,1223.0,2022-08-05 00:06:23.343,192
5,1222.0,2022-08-05 00:06:23.160,192
5,1221.0,2022-08-05 00:06:22.973,192
5,1220.0,2022-08-05 00:06:22.787,192
5,1219.0,2022-08-05 00:06:22.603,192
5,1218.0,2022-08-05 00:06:22.417,192
5,1217.0,2022-08-05 00:06:22.233,192
5,1216.0,2022-08-05 00:06:22.047,192
5,1215.0,2022-08-05 00:06:21.867,192
5,1214.0,2022-08-05 00:06:21.683,192
5,1213.0,2022-08-05 00:06:21.497,192
5,1212.0,2022-08-05 00:06:21.310,192
5,1211.0,2022-08-05 00:06:21.127,192
5,1210.0,2022-08-05 00:06:20.943,192
5,1209.0,2022-08-05 00:06:20.757,192
5,1208.0,2022-08-05 00:06:20.573,192
5,1207.0,2022-08-05 00:06:20.390,192
5,1206.0,2022-08-05 00:06:20.203,192
5,1205.0,2022-08-05 00:06:20.017,192
5,1204.0,2022-08-05 00:06:19.833,192
5,1203.0,2022-08-05 00:06:19.650,192
5,1202.0,2022-08-05 00:06:19.463,192
5,1201.0,2022-08-05 00:06:19.280,192
5,1200.0,2022-08-05 00:06:19.097,192
5,1199.0,2022-08-05 00:06:18.897,192
5,1198.0,2022-08-05 00:06:18.710,192
5,1197.0,2022-08-05 00:06:18.523,192
5,1196.0,2022-08-05 00:06:18.333,192
5,1195.0,2022-08-05 00:06:18.147,192
5,1194.0,2022-08-05 00:06:17.960,192
5,1193.0,2022-08-05 00:06:17.777,192
5,1192.0,2022-08-05 00:06:17.593,192
5,1191.0,2022-08-05 00:06:17.407,192
5,1190.0,2022-08-05 00:06:17.223,192
5,1189.0,2022-08-05 00:06:17.037,192
5,1188.0,2022-08-05 00:06:16.853,192
5,1187.0,2022-08-05 00:06:16.670,192
5,1186.0,2022-08-05 00:06:16.480,192
5,1185.0,2022-08-05 00:06:16.297,192
5,1184.0,2022-08-05 00:06:16.113,192
5,1183.0,2022-08-05 00:06:15.927,192
5,1182.0,2022-08-05 00:06:15.740,192
5,1181.0,2022-08-05 00:06:15.557,192
5,1180.0,2022-08-05 00:06:15.373,192
5,1179.0,2022-08-05 00:06:15.187,192
5,1178.0,2022-08-05 00:06:15.003,192
5,1177.0,2022-08-05 00:06:14.817,192
5,1176.0,2022-08-05 00:06:14.630,192
5,1175.0,2022-08-05 00:06:14.447,192
5,1174.0,2022-08-05 00:06:14.260,192
5,1173.0,2022-08-05 00:06:14.077,192
5,1172.0,2022-08-05 00:06:13.890,192
5,1171.0,2022-08-05 00:06:13.707,192
5,1170.0,2022-08-05 00:06:13.523,192
5,1169.0,2022-08-05 00:06:13.337,192
5,1168.0,2022-08-05 00:06:13.150,192
5,1167.0,2022-08-05 00:06:12.963,192
5,1166.0,2022-08-05 00:06:12.780,192
5,1165.0,2022-08-05 00:06:12.597,192
5,1164.0,2022-08-05 00:06:12.410,192
5,1163.0,2022-08-05 00:06:12.227,192
5,1162.0,2022-08-05 00:06:12.043,192
5,1161.0,2022-08-05 00:06:11.860,192
5,1160.0,2022-08-05 00:06:11.673,192
5,1159.0,2022-08-05 00:06:11.490,192
5,1158.0,2022-08-05 00:06:11.303,192
5,1157.0,2022-08-05 00:06:11.120,192
5,1156.0,2022-08-05 00:06:10.933,192
5,1155.0,2022-08-05 00:06:10.750,192
5,1154.0,2022-08-05 00:06:10.563,192
5,1153.0,2022-08-05 00:06:10.380,192
5,1152.0,2022-08-05 00:06:10.197,192
5,1151.0,2022-08-05 00:06:10.010,192
5,1150.0,2022-08-05 00:06:09.827,192
5,1149.0,2022-08-05 00:06:09.643,192
5,1148.0,2022-08-05 00:06:09.457,192
5,1147.0,2022-08-05 00:06:09.270,192
5,1146.0,2022-08-05 00:06:09.087,192
5,1145.0,2022-08-05 00:06:08.903,192
5,1144.0,2022-08-05 00:06:08.720,192
5,1143.0,2022-08-05 00:06:08.533,192
5,1142.0,2022-08-05 00:06:08.353,192
5,1141.0,2022-08-05 00:06:08.167,192
5,1140.0,2022-08-05 00:06:07.980,192
5,1139.0,2022-08-05 00:06:07.797,192
5,1138.0,2022-08-05 00:06:07.607,192
5,1137.0,2022-08-05 00:06:07.423,192
5,1136.0,2022-08-05 00:06:07.233,192
5,1135.0,2022-08-05 00:06:07.047,192
5,1134.0,2022-08-05 00:06:06.863,192
5,1133.0,2022-08-05 00:06:06.680,192
5,1132.0,2022-08-05 00:06:06.493,192
5,1131.0,2022-08-05 00:06:06.307,192
5,1130.0,2022-08-05 00:06:06.123,192
5,1129.0,2022-08-05 00:06:05.937,192
5,1128.0,2022-08-05 00:06:05.753,192
5,1127.0,2022-08-05 00:06:05.570,192
5,1126.0,2022-08-05 00:06:05.383,192
5,1125.0,2022-08-05 00:06:05.197,192
5,1124.0,2022-08-05 00:06:05.010,192
5,1123.0,2022-08-05 00:06:04.827,192
5,1122.0,2022-08-05 00:06:04.640,192
5,1121.0,2022-08-05 00:06:04.453,192
5,1120.0,2022-08-05 00:06:04.270,192
5,1119.0,2022-08-05 00:06:04.087,192
5,1118.0,2022-08-05 00:06:03.903,192
5,1117.0,2022-08-05 00:06:03.717,192
5,1116.0,2022-08-05 00:06:03.530,192
5,1115.0,2022-08-05 00:06:03.347,192
5,1114.0,2022-08-05 00:06:03.163,192
5,1113.0,2022-08-05 00:06:02.977,192
5,1112.0,2022-08-05 00:06:02.787,192
5,1111.0,2022-08-05 00:06:02.603,192
5,1110.0,2022-08-05 00:06:02.420,192
5,1109.0,2022-08-05 00:06:02.233,192
5,1108.0,2022-08-05 00:06:02.047,192
5,1107.0,2022-08-05 00:06:01.860,192
5,1106.0,2022-08-05 00:06:01.673,192
5,1105.0,2022-08-05 00:06:01.487,192
5,1104.0,2022-08-05 00:06:01.303,192
5,1103.0,2022-08-05 00:06:01.117,192
5,1102.0,2022-08-05 00:06:00.930,192
5,1101.0,2022-08-05 00:06:00.743,192
5,1100.0,2022-08-05 00:06:00.560,192
5,1099.0,2022-08-05 00:06:00.373,192
5,1098.0,2022-08-05 00:06:00.187,192
5,1097.0,2022-08-05 00:06:00.003,192
5,1096.0,2022-08-05 00:05:59.820,192
5,1095.0,2022-08-05 00:05:59.633,192
5,1094.0,2022-08-05 00:05:59.450,192
5,1093.0,2022-08-05 00:05:59.263,192
5,1092.0,2022-08-05 00:05:59.077,192
5,1091.0,2022-08-05 00:05:58.893,192
5,1090.0,2022-08-05 00:05:58.707,192
5,1089.0,2022-08-05 00:05:58.520,192
5,1088.0,2022-08-05 00:05:58.333,192
5,1087.0,2022-08-05 00:05:58.150,192
5,1086.0,2022-08-05 00:05:57.967,192
5,1085.0,2022-08-05 00:05:57.780,192
5,1084.0,2022-08-05 00:05:57.593,192
5,1083.0,2022-08-05 00:05:57.407,192
5,1082.0,2022-08-05 00:05:57.223,192
5,1081.0,2022-08-05 00:05:57.037,192
5,1080.0,2022-08-05 00:05:56.850,192
5,1079.0,2022-08-05 00:05:56.667,192
5,1078.0,2022-08-05 00:05:56.480,192
5,1077.0,2022-08-05 00:05:56.297,192
5,1076.0,2022-08-05 00:05:56.110,192
5,1075.0,2022-08-05 00:05:55.927,192
5,1074.0,2022-08-05 00:05:55.743,192
5,1073.0,2022-08-05 00:05:55.560,192
5,1072.0,2022-08-05 00:05:55.373,192
5,1071.0,2022-08-05 00:05:55.190,192
5,1070.0,2022-08-05 00:05:55.003,192
5,1069.0,2022-08-05 00:05:54.820,192
5,1068.0,2022-08-05 00:05:54.633,192
5,1067.0,2022-08-05 00:05:54.450,192
5,1066.0,2022-08-05 00:05:54.263,192
5,1065.0,2022-08-05 00:05:54.077,192
5,1064.0,2022-08-05 00:05:53.887,192
5,1063.0,2022-08-05 00:05:53.703,192
5,1062.0,2022-08-05 00:05:53.517,192
5,1061.0,2022-08-05 00:05:53.330,192
5,1060.0,2022-08-05 00:05:53.143,192
5,1059.0,2022-08-05 00:05:52.960,192
5,1058.0,2022-08-05 00:05:52.777,192
5,1057.0,2022-08-05 00:05:52.593,192
5,1056.0,2022-08-05 00:05:52.407,192
5,1055.0,2022-08-05 00:05:52.220,192
5,1054.0,2022-08-05 00:05:52.033,192
5,1053.0,2022-08-05 00:05:51.847,192
5,1052.0,2022-08-05 00:05:51.660,192
5,1051.0,2022-08-05 00:05:51.477,192
5,1050.0,2022-08-05 00:05:51.287,192
5,1049.0,2022-08-05 00:05:51.103,192
5,1048.0,2022-08-05 00:05:50.917,192
5,1047.0,2022-08-05 00:05:50.730,192
5,1046.0,2022-08-05 00:05:50.547,192
5,1045.0,2022-08-05 00:05:50.363,192
5,1044.0,2022-08-05 00:05:50.177,192
5,1043.0,2022-08-05 00:05:49.990,192
5,1042.0,2022-08-05 00:05:49.807,192
5,1041.0,2022-08-05 00:05:49.623,192
5,1040.0,2022-08-05 00:05:49.440,192
5,1039.0,2022-08-05 00:05:49.257,192
5,1038.0,2022-08-05 00:05:49.070,192
5,1037.0,2022-08-05 00:05:48.887,192
5,1036.0,2022-08-05 00:05:48.700,192
5,1035.0,2022-08-05 00:05:48.517,192
5,1034.0,2022-08-05 00:05:48.327,192
5,1033.0,2022-08-05 00:05:48.140,192
5,1032.0,2022-08-05 00:05:47.957,192
5,1031.0,2022-08-05 00:05:47.770,192
5,1030.0,2022-08-05 00:05:47.583,192
5,1029.0,2022-08-05 00:05:47.400,192
5,1028.0,2022-08-05 00:05:47.217,192
5,1027.0,2022-08-05 00:05:47.030,192
5,1026.0,2022-08-05 00:05:46.847,192
5,1025.0,2022-08-05 00:05:46.663,192
5,1024.0,2022-08-05 00:05:46.477,192
5,1023.0,2022-08-05 00:05:46.290,192
5,1022.0,2022-08-05 00:05:46.103,192
5,1021.0,2022-08-05 00:05:45.917,192
5,1020.0,2022-08-05 00:05:45.730,192
5,1019.0,2022-08-05 00:05:45.547,192
5,1018.0,2022-08-05 00:05:45.363,192
5,1017.0,2022-08-05 00:05:45.177,192
5,1016.0,2022-08-05 00:05:44.990,192
5,1015.0,2022-08-05 00:05:44.807,192
5,1014.0,2022-08-05 00:05:44.620,192
5,1013.0,2022-08-05 00:05:44.437,192
5,1012.0,2022-08-05 00:05:44.253,192
5,1011.0,2022-08-05 00:05:44.067,192
5,1010.0,2022-08-05 00:05:43.880,192
5,1009.0,2022-08-05 00:05:43.697,192
5,1008.0,2022-08-05 00:05:43.510,192
5,1007.0,2022-08-05 00:05:43.323,192
5,1006.0,2022-08-05 00:05:43.140,192
5,1005.0,2022-08-05 00:05:42.953,192
5,1004.0,2022-08-05 00:05:42.767,192
5,1003.0,2022-08-05 00:05:42.580,192
5,1002.0,2022-08-05 00:05:42.393,192
5,1001.0,2022-08-05 00:05:42.207,192
5,1000.0,2022-08-05 00:05:42.020,192
5,999.0,2022-08-05 00:05:41.833,192
5,998.0,2022-08-05 00:05:41.650,192
5,997.0,2022-08-05 00:05:41.463,192
5,996.0,2022-08-05 00:05:41.277,192
5,995.0,2022-08-05 00:05:41.093,192
5,994.0,2022-08-05 00:05:40.903,192
5,993.0,2022-08-05 00:05:40.720,192
5,992.0,2022-08-05 00:05:40.533,192
5,991.0,2022-08-05 00:05:40.350,192
5,990.0,2022-08-05 00:05:40.163,192
5,989.0,2022-08-05 00:05:39.980,192
5,988.0,2022-08-05 00:05:39.797,192
5,987.0,2022-08-05 00:05:39.610,192
5,986.0,2022-08-05 00:05:39.427,192
5,985.0,2022-08-05 00:05:39.240,192
5,984.0,2022-08-05 00:05:39.053,192
5,983.0,2022-08-05 00:05:38.867,192
5,982.0,2022-08-05 00:05:38.683,192
5,981.0,2022-08-05 00:05:38.497,192
5,980.0,2022-08-05 00:05:38.313,192
5,979.0,2022-08-05 00:05:38.127,192
5,978.0,2022-08-05 00:05:37.940,192
5,977.0,2022-08-05 00:05:37.757,192
5,976.0,2022-08-05 00:05:37.573,192
5,975.0,2022-08-05 00:05:37.390,192
5,974.0,2022-08-05 00:05:37.203,192
5,973.0,2022-08-05 00:05:37.020,192
5,972.0,2022-08-05 00:05:36.837,192
5,971.0,2022-08-05 00:05:36.653,192
5,970.0,2022-08-05 00:05:36.467,192
5,969.0,2022-08-05 00:05:36.280,192
5,968.0,2022-08-05 00:05:36.093,192
5,967.0,2022-08-05 00:05:35.910,192
5,966.0,2022-08-05 00:05:35.723,192
5,965.0,2022-08-05 00:05:35.537,192
5,964.0,2022-08-05 00:05:35.353,192
5,963.0,2022-08-05 00:05:35.167,192
5,962.0,2022-08-05 00:05:34.980,192
5,961.0,2022-08-05 00:05:34.793,192
5,960.0,2022-08-05 00:05:34.610,192
5,959.0,2022-08-05 00:05:34.427,192
5,958.0,2022-08-05 00:05:34.240,192
5,957.0,2022-08-05 00:05:34.057,192
5,956.0,2022-08-05 00:05:33.870,192
5,955.0,2022-08-05 00:05:33.687,192
5,954.0,2022-08-05 00:05:33.503,192
5,953.0,2022-08-05 00:05:33.320,192
5,952.0,2022-08-05 00:05:33.137,192
5,951.0,2022-08-05 00:05:32.953,192
5,950.0,2022-08-05 00:05:32.770,192
5,949.0,2022-08-05 00:05:32.587,192
5,948.0,2022-08-05 00:05:32.400,192
5,947.0,2022-08-05 00:05:32.213,192
5,946.0,2022-08-05 00:05:32.030,192
5,945.0,2022-08-05 00:05:31.847,192
5,944.0,2022-08-05 00:05:31.660,192
5,943.0,2022-08-05 00:05:31.477,192
5,942.0,2022-08-05 00:05:31.290,192
5,941.0,2022-08-05 00:05:31.107,192
5,940.0,2022-08-05 00:05:30.923,192
5,939.0,2022-08-05 00:05:30.740,192
5,938.0,2022-08-05 00:05:30.557,192
5,937.0,2022-08-05 00:05:30.367,192
5,936.0,2022-08-05 00:05:30.180,192
5,935.0,2022-08-05 00:05:29.997,192
5,934.0,2022-08-05 00:05:29.810,192
5,933.0,2022-08-05 00:05:29.627,192
5,932.0,2022-08-05 00:05:29.440,192
5,931.0,2022-08-05 00:05:29.257,192
5,930.0,2022-08-05 00:05:29.070,192
5,929.0,2022-08-05 00:05:28.887,192
5,928.0,2022-08-05 00:05:28.703,192
5,927.0,2022-08-05 00:05:28.520,192
5,926.0,2022-08-05 00:05:28.337,192
5,925.0,2022-08-05 00:05:28.150,192
5,924.0,2022-08-05 00:05:27.967,192
5,923.0,2022-08-05 00:05:27.780,192
5,922.0,2022-08-05 00:05:27.593,192
5,921.0,2022-08-05 00:05:27.410,192
5,920.0,2022-08-05 00:05:27.223,192
5,919.0,2022-08-05 00:05:27.037,192
5,918.0,2022-08-05 00:05:26.853,192
5,917.0,2022-08-05 00:05:26.667,192
5,916.0,2022-08-05 00:05:26.483,192
5,915.0,2022-08-05 00:05:26.297,192
5,914.0,2022-08-05 00:05:26.110,192
5,913.0,2022-08-05 00:05:25.927,192
5,912.0,2022-08-05 00:05:25.740,192
5,911.0,2022-08-05 00:05:25.557,192
5,910.0,2022-08-05 00:05:25.370,192
5,909.0,2022-08-05 00:05:25.187,192
5,908.0,2022-08-05 00:05:25.003,192
5,907.0,2022-08-05 00:05:24.820,192
5,906.0,2022-08-05 00:05:24.633,192
5,905.0,2022-08-05 00:05:24.447,192
5,904.0,2022-08-05 00:05:24.263,192
5,903.0,2022-08-05 00:05:24.077,192
5,902.0,2022-08-05 00:05:23.893,192
5,901.0,2022-08-05 00:05:23.707,192
5,900.0,2022-08-05 00:05:23.520,192
5,899.0,2022-08-05 00:05:23.333,192
5,898.0,2022-08-05 00:05:23.150,192
5,897.0,2022-08-05 00:05:22.963,192
5,896.0,2022-08-05 00:05:22.777,192
5,895.0,2022-08-05 00:05:22.590,192
5,894.0,2022-08-05 00:05:22.403,192
5,893.0,2022-08-05 00:05:22.220,192
5,892.0,2022-08-05 00:05:22.033,192
5,891.0,2022-08-05 00:05:21.850,192
5,890.0,2022-08-05 00:05:21.663,192
5,889.0,2022-08-05 00:05:21.480,192
5,888.0,2022-08-05 00:05:21.297,192
5,887.0,2022-08-05 00:05:21.113,192
5,886.0,2022-08-05 00:05:20.927,192
5,885.0,2022-08-05 00:05:20.740,192
5,884.0,2022-08-05 00:05:20.557,192
5,883.0,2022-08-05 00:05:20.373,192
5,882.0,2022-08-05 00:05:20.187,192
5,881.0,2022-08-05 00:05:20.003,192
5,880.0,2022-08-05 00:05:19.817,192
5,879.0,2022-08-05 00:05:19.633,192
5,878.0,2022-08-05 00:05:19.447,192
5,877.0,2022-08-05 00:05:19.260,192
5,876.0,2022-08-05 00:05:19.077,192
5,875.0,2022-08-05 00:05:18.893,192
5,874.0,2022-08-05 00:05:18.707,192
5,873.0,2022-08-05 00:05:18.523,192
5,872.0,2022-08-05 00:05:18.337,192
5,871.0,2022-08-05 00:05:18.153,192
5,870.0,2022-08-05 00:05:17.967,192
5,869.0,2022-08-05 00:05:17.787,192
5,868.0,2022-08-05 00:05:17.600,192
5,867.0,2022-08-05 00:05:17.417,192
5,866.0,2022-08-05 00:05:17.230,192
5,865.0,2022-08-05 00:05:17.047,192
5,864.0,2022-08-05 00:05:16.860,192
5,863.0,2022-08-05 00:05:16.677,192
5,862.0,2022-08-05 00:05:16.493,192
5,861.0,2022-08-05 00:05:16.307,192
5,860.0,2022-08-05 00:05:16.123,192
5,859.0,2022-08-05 00:05:15.937,192
5,858.0,2022-08-05 00:05:15.753,192
5,857.0,2022-08-05 00:05:15.570,192
5,856.0,2022-08-05 00:05:15.383,192
5,855.0,2022-08-05 00:05:15.200,192
5,854.0,2022-08-05 00:05:15.013,192
5,853.0,2022-08-05 00:05:14.830,192
5,852.0,2022-08-05 00:05:14.643,192
5,851.0,2022-08-05 00:05:14.460,192
5,850.0,2022-08-05 00:05:14.277,192
5,849.0,2022-08-05 00:05:14.090,192
5,848.0,2022-08-05 00:05:13.903,192
5,847.0,2022-08-05 00:05:13.720,192
5,846.0,2022-08-05 00:05:13.533,192
5,845.0,2022-08-05 00:05:13.347,192
5,844.0,2022-08-05 00:05:13.163,192
5,843.0,2022-08-05 00:05:12.980,192
5,842.0,2022-08-05 00:05:12.793,192
5,841.0,2022-08-05 00:05:12.610,192
5,840.0,2022-08-05 00:05:12.423,192
5,839.0,2022-08-05 00:05:12.240,192
5,838.0,2022-08-05 00:05:12.057,192
5,837.0,2022-08-05 00:05:11.870,192
5,836.0,2022-08-05 00:05:11.683,192
5,835.0,2022-08-05 00:05:11.500,192
5,834.0,2022-08-05 00:05:11.317,192
5,833.0,2022-08-05 00:05:11.133,192
5,832.0,2022-08-05 00:05:10.943,192
5,831.0,2022-08-05 00:05:10.760,192
5,830.0,2022-08-05 00:05:10.570,192
5,829.0,2022-08-05 00:05:10.387,192
5,828.0,2022-08-05 00:05:10.200,192
5,827.0,2022-08-05 00:05:10.013,192
5,826.0,2022-08-05 00:05:09.830,192
5,825.0,2022-08-05 00:05:09.643,192
5,824.0,2022-08-05 00:05:09.457,192
5,823.0,2022-08-05 00:05:09.273,192
5,822.0,2022-08-05 00:05:09.087,192
5,821.0,2022-08-05 00:05:08.903,192
5,820.0,2022-08-05 00:05:08.717,192
5,819.0,2022-08-05 00:05:08.530,192
5,818.0,2022-08-05 00:05:08.343,192
5,817.0,2022-08-05 00:05:08.157,192
5,816.0,2022-08-05 00:05:07.970,192
5,815.0,2022-08-05 00:05:07.787,192
5,814.0,2022-08-05 00:05:07.600,192
5,813.0,2022-08-05 00:05:07.417,192
5,812.0,2022-08-05 00:05:07.227,192
5,811.0,2022-08-05 00:05:07.040,192
5,810.0,2022-08-05 00:05:06.857,192
5,809.0,2022-08-05 00:05:06.670,192
5,808.0,2022-08-05 00:05:06.487,192
5,807.0,2022-08-05 00:05:06.300,192
5,806.0,2022-08-05 00:05:06.113,192
5,805.0,2022-08-05 00:05:05.930,192
5,804.0,2022-08-05 00:05:05.747,192
5,803.0,2022-08-05 00:05:05.563,192
5,802.0,2022-08-05 00:05:05.377,192
5,801.0,2022-08-05 00:05:05.190,192
5,800.0,2022-08-05 00:05:05.003,192
5,799.0,2022-08-05 00:05:04.820,192
5,798.0,2022-08-05 00:05:04.630,192
5,797.0,2022-08-05 00:05:04.443,192
5,796.0,2022-08-05 00:05:04.260,192
5,795.0,2022-08-05 00:05:04.073,192
5,794.0,2022-08-05 00:05:03.890,192
5,793.0,2022-08-05 00:05:03.703,192
5,792.0,2022-08-05 00:05:03.520,192
5,791.0,2022-08-05 00:05:03.330,192
5,790.0,2022-08-05 00:05:03.143,192
5,789.0,2022-08-05 00:05:02.957,192
5,788.0,2022-08-05 00:05:02.773,192
5,787.0,2022-08-05 00:05:02.587,192
5,786.0,2022-08-05 00:05:02.400,192
5,785.0,2022-08-05 00:05:02.217,192
5,784.0,2022-08-05 00:05:02.030,192
5,783.0,2022-08-05 00:05:01.843,192
5,782.0,2022-08-05 00:05:01.660,192
5,781.0,2022-08-05 00:05:01.473,192
5,780.0,2022-08-05 00:05:01.290,192
5,779.0,2022-08-05 00:05:01.103,192
5,778.0,2022-08-05 00:05:00.917,192
5,777.0,2022-08-05 00:05:00.730,192
5,776.0,2022-08-05 00:05:00.543,192
5,775.0,2022-08-05 00:05:00.360,192
5,774.0,2022-08-05 00:05:00.170,192
5,773.0,2022-08-05 00:04:59.987,192
5,772.0,2022-08-05 00:04:59.803,192
5,771.0,2022-08-05 00:04:59.617,192
5,770.0,2022-08-05 00:04:59.430,192
5,769.0,2022-08-05 00:04:59.243,192
5,768.0,2022-08-05 00:04:59.060,192
5,767.0,2022-08-05 00:04:58.873,192
5,766.0,2022-08-05 00:04:58.687,192
5,765.0,2022-08-05 00:04:58.503,192
5,764.0,2022-08-05 00:04:58.317,192
5,763.0,2022-08-05 00:04:58.130,192
5,762.0,2022-08-05 00:04:57.943,192
5,761.0,2022-08-05 00:04:57.757,192
5,760.0,2022-08-05 00:04:57.573,192
5,759.0,2022-08-05 00:04:57.390,192
5,758.0,2022-08-05 00:04:57.207,192
5,757.0,2022-08-05 00:04:57.027,192
5,756.0,2022-08-05 00:04:56.843,192
5,755.0,2022-08-05 00:04:56.657,192
5,754.0,2022-08-05 00:04:56.473,192
5,753.0,2022-08-05 00:04:56.290,192
5,752.0,2022-08-05 00:04:56.103,192
5,751.0,2022-08-05 00:04:55.917,192
5,750.0,2022-08-05 00:04:55.733,192
5,749.0,2022-08-05 00:04:55.547,192
5,748.0,2022-08-05 00:04:55.360,192
5,747.0,2022-08-05 00:04:55.177,192
5,746.0,2022-08-05 00:04:54.990,192
5,745.0,2022-08-05 00:04:54.803,192
5,744.0,2022-08-05 00:04:54.617,192
5,743.0,2022-08-05 00:04:54.430,192
5,742.0,2022-08-05 00:04:54.243,192
5,741.0,2022-08-05 00:04:54.060,192
5,740.0,2022-08-05 00:04:53.873,192
5,739.0,2022-08-05 00:04:53.687,192
5,738.0,2022-08-05 00:04:53.503,192
5,737.0,2022-08-05 00:04:53.317,192
5,736.0,2022-08-05 00:04:53.133,192
5,735.0,2022-08-05 00:04:52.947,192
5,734.0,2022-08-05 00:04:52.763,192
5,733.0,2022-08-05 00:04:52.577,192
5,732.0,2022-08-05 00:04:52.390,192
5,731.0,2022-08-05 00:04:52.203,192
5,730.0,2022-08-05 00:04:52.020,192
5,729.0,2022-08-05 00:04:51.837,192
5,728.0,2022-08-05 00:04:51.650,192
5,727.0,2022-08-05 00:04:51.467,192
5,726.0,2022-08-05 00:04:51.283,192
5,725.0,2022-08-05 00:04:51.097,192
5,724.0,2022-08-05 00:04:50.913,192
5,723.0,2022-08-05 00:04:50.727,192
5,722.0,2022-08-05 00:04:50.543,192
5,721.0,2022-08-05 00:04:50.357,192
5,720.0,2022-08-05 00:04:50.173,192
5,719.0,2022-08-05 00:04:49.973,192
5,718.0,2022-08-05 00:04:49.787,192
5,717.0,2022-08-05 00:04:49.603,192
5,716.0,2022-08-05 00:04:49.417,192
5,715.0,2022-08-05 00:04:49.230,192
5,714.0,2022-08-05 00:04:49.047,192
5,713.0,2022-08-05 00:04:48.863,192
5,712.0,2022-08-05 00:04:48.680,192
5,711.0,2022-08-05 00:04:48.493,192
5,710.0,2022-08-05 00:04:48.307,192
5,709.0,2022-08-05 00:04:48.123,192
5,708.0,2022-08-05 00:04:47.940,192
5,707.0,2022-08-05 00:04:47.753,192
5,706.0,2022-08-05 00:04:47.567,192
5,705.0,2022-08-05 00:04:47.383,192
5,704.0,2022-08-05 00:04:47.197,192
5,703.0,2022-08-05 00:04:47.013,192
5,702.0,2022-08-05 00:04:46.830,192
5,701.0,2022-08-05 00:04:46.643,192
5,700.0,2022-08-05 00:04:46.457,192
5,699.0,2022-08-05 00:04:46.267,192
5,698.0,2022-08-05 00:04:46.083,192
5,697.0,2022-08-05 00:04:45.897,192
5,696.0,2022-08-05 00:04:45.710,192
5,695.0,2022-08-05 00:04:45.523,192
5,694.0,2022-08-05 00:04:45.337,192
5,693.0,2022-08-05 00:04:45.153,192
5,692.0,2022-08-05 00:04:44.967,192
5,691.0,2022-08-05 00:04:44.780,192
5,690.0,2022-08-05 00:04:44.593,192
5,689.0,2022-08-05 00:04:44.407,192
5,688.0,2022-08-05 00:04:44.223,192
5,687.0,2022-08-05 00:04:44.037,192
5,686.0,2022-08-05 00:04:43.853,192
5,685.0,2022-08-05 00:04:43.670,192
5,684.0,2022-08-05 00:04:43.483,192
5,683.0,2022-08-05 00:04:43.300,192
5,682.0,2022-08-05 00:04:43.117,192
5,681.0,2022-08-05 00:04:42.930,192
5,680.0,2022-08-05 00:04:42.747,192
5,679.0,2022-08-05 00:04:42.560,192
5,678.0,2022-08-05 00:04:42.373,192
5,677.0,2022-08-05 00:04:42.187,192
5,676.0,2022-08-05 00:04:42.003,192
5,675.0,2022-08-05 00:04:41.817,192
5,674.0,2022-08-05 00:04:41.633,192
5,673.0,2022-08-05 00:04:41.447,192
5,672.0,2022-08-05 00:04:41.260,192
5,671.0,2022-08-05 00:04:41.077,192
5,670.0,2022-08-05 00:04:40.893,192
5,669.0,2022-08-05 00:04:40.707,192
5,668.0,2022-08-05 00:04:40.523,192
5,667.0,2022-08-05 00:04:40.340,192
5,666.0,2022-08-05 00:04:40.157,192
5,665.0,2022-08-05 00:04:39.970,192
5,664.0,2022-08-05 00:04:39.783,192
5,663.0,2022-08-05 00:04:39.597,192
5,662.0,2022-08-05 00:04:39.410,192
5,661.0,2022-08-05 00:04:39.227,192
5,660.0,2022-08-05 00:04:39.040,192
5,659.0,2022-08-05 00:04:38.857,192
5,658.0,2022-08-05 00:04:38.673,192
5,657.0,2022-08-05 00:04:38.490,192
5,656.0,2022-08-05 00:04:38.303,192
5,655.0,2022-08-05 00:04:38.120,192
5,654.0,2022-08-05 00:04:37.940,192
5,653.0,2022-08-05 00:04:37.757,192
5,652.0,2022-08-05 00:04:37.570,192
5,651.0,2022-08-05 00:04:37.387,192
5,650.0,2022-08-05 00:04:37.203,192
5,649.0,2022-08-05 00:04:37.020,192
5,648.0,2022-08-05 00:04:36.837,192
5,647.0,2022-08-05 00:04:36.650,192
5,646.0,2022-08-05 00:04:36.467,192
5,645.0,2022-08-05 00:04:36.280,192
5,644.0,2022-08-05 00:04:36.097,192
5,643.0,2022-08-05 00:04:35.910,192
5,642.0,2022-08-05 00:04:35.727,192
5,641.0,2022-08-05 00:04:35.540,192
5,640.0,2022-08-05 00:04:35.357,192
5,639.0,2022-08-05 00:04:35.170,192
5,638.0,2022-08-05 00:04:34.987,192
5,637.0,2022-08-05 00:04:34.803,192
5,636.0,2022-08-05 00:04:34.617,192
5,635.0,2022-08-05 00:04:34.433,192
5,634.0,2022-08-05 00:04:34.250,192
5,633.0,2022-08-05 00:04:34.063,192
5,632.0,2022-08-05 00:04:33.880,192
5,631.0,2022-08-05 00:04:33.697,192
5,630.0,2022-08-05 00:04:33.513,192
5,629.0,2022-08-05 00:04:33.330,192
5,628.0,2022-08-05 00:04:33.143,192
5,627.0,2022-08-05 00:04:32.960,192
5,626.0,2022-08-05 00:04:32.773,192
5,625.0,2022-08-05 00:04:32.590,192
5,624.0,2022-08-05 00:04:32.407,192
5,623.0,2022-08-05 00:04:32.220,192
5,622.0,2022-08-05 00:04:32.033,192
5,621.0,2022-08-05 00:04:31.847,192
5,620.0,2022-08-05 00:04:31.663,192
5,619.0,2022-08-05 00:04:31.473,192
5,618.0,2022-08-05 00:04:31.287,192
5,617.0,2022-08-05 00:04:31.103,192
5,616.0,2022-08-05 00:04:30.913,192
5,615.0,2022-08-05 00:04:30.730,192
5,614.0,2022-08-05 00:04:30.543,192
5,613.0,2022-08-05 00:04:30.360,192
5,612.0,2022-08-05 00:04:30.173,192
5,611.0,2022-08-05 00:04:29.987,192
5,610.0,2022-08-05 00:04:29.800,192
5,609.0,2022-08-05 00:04:29.617,192
5,608.0,2022-08-05 00:04:29.433,192
5,607.0,2022-08-05 00:04:29.250,192
5,606.0,2022-08-05 00:04:29.063,192
5,605.0,2022-08-05 00:04:28.877,192
5,604.0,2022-08-05 00:04:28.693,192
5,603.0,2022-08-05 00:04:28.507,192
5,602.0,2022-08-05 00:04:28.323,192
5,601.0,2022-08-05 00:04:28.137,192
5,600.0,2022-08-05 00:04:27.953,192
5,599.0,2022-08-05 00:04:27.767,192
5,598.0,2022-08-05 00:04:27.580,192
5,597.0,2022-08-05 00:04:27.397,192
5,596.0,2022-08-05 00:04:27.213,192
5,595.0,2022-08-05 00:04:27.027,192
5,594.0,2022-08-05 00:04:26.843,192
5,593.0,2022-08-05 00:04:26.653,192
5,592.0,2022-08-05 00:04:26.470,192
5,591.0,2022-08-05 00:04:26.283,192
5,590.0,2022-08-05 00:04:26.097,192
5,589.0,2022-08-05 00:04:25.913,192
5,588.0,2022-08-05 00:04:25.727,192
5,587.0,2022-08-05 00:04:25.543,192
5,586.0,2022-08-05 00:04:25.357,192
5,585.0,2022-08-05 00:04:25.170,192
5,584.0,2022-08-05 00:04:24.983,192
5,583.0,2022-08-05 00:04:24.800,192
5,582.0,2022-08-05 00:04:24.617,192
5,581.0,2022-08-05 00:04:24.430,192
5,580.0,2022-08-05 00:04:24.243,192
5,579.0,2022-08-05 00:04:24.057,192
5,578.0,2022-08-05 00:04:23.873,192
5,577.0,2022-08-05 00:04:23.687,192
5,576.0,2022-08-05 00:04:23.500,192
5,575.0,2022-08-05 00:04:23.317,192
5,574.0,2022-08-05 00:04:23.137,192
5,573.0,2022-08-05 00:04:22.950,192
5,572.0,2022-08-05 00:04:22.763,192
5,571.0,2022-08-05 00:04:22.580,192
5,570.0,2022-08-05 00:04:22.393,192
5,569.0,2022-08-05 00:04:22.207,192
5,568.0,2022-08-05 00:04:22.023,192
5,567.0,2022-08-05 00:04:21.837,192
5,566.0,2022-08-05 00:04:21.653,192
5,565.0,2022-08-05 00:04:21.470,192
5,564.0,2022-08-05 00:04:21.283,192
5,563.0,2022-08-05 00:04:21.097,192
5,562.0,2022-08-05 00:04:20.913,192
5,561.0,2022-08-05 00:04:20.730,192
5,560.0,2022-08-05 00:04:20.547,192
5,559.0,2022-08-05 00:04:20.363,192
5,558.0,2022-08-05 00:04:20.177,192
5,557.0,2022-08-05 00:04:19.993,192
5,556.0,2022-08-05 00:04:19.807,192
5,555.0,2022-08-05 00:04:19.620,192
5,554.0,2022-08-05 00:04:19.433,192
5,553.0,2022-08-05 00:04:19.250,192
5,552.0,2022-08-05 00:04:19.063,192
5,551.0,2022-08-05 00:04:18.880,192
5,550.0,2022-08-05 00:04:18.697,192
5,549.0,2022-08-05 00:04:18.513,192
5,548.0,2022-08-05 00:04:18.327,192
5,547.0,2022-08-05 00:04:18.140,192
5,546.0,2022-08-05 00:04:17.957,192
5,545.0,2022-08-05 00:04:17.773,192
5,544.0,2022-08-05 00:04:17.583,192
5,543.0,2022-08-05 00:04:17.397,192
5,542.0,2022-08-05 00:04:17.210,192
5,541.0,2022-08-05 00:04:17.023,192
5,540.0,2022-08-05 00:04:16.837,192
5,539.0,2022-08-05 00:04:16.653,192
5,538.0,2022-08-05 00:04:16.470,192
5,537.0,2022-08-05 00:04:16.283,192
5,536.0,2022-08-05 00:04:16.100,192
5,535.0,2022-08-05 00:04:15.913,192
5,534.0,2022-08-05 00:04:15.727,192
5,533.0,2022-08-05 00:04:15.540,192
5,532.0,2022-08-05 00:04:15.357,192
5,531.0,2022-08-05 00:04:15.170,192
5,530.0,2022-08-05 00:04:14.987,192
5,529.0,2022-08-05 00:04:14.800,192
5,528.0,2022-08-05 00:04:14.617,192
5,527.0,2022-08-05 00:04:14.430,192
5,526.0,2022-08-05 00:04:14.243,192
5,525.0,2022-08-05 00:04:14.060,192
5,524.0,2022-08-05 00:04:13.873,192
5,523.0,2022-08-05 00:04:13.690,192
5,522.0,2022-08-05 00:04:13.503,192
5,521.0,2022-08-05 00:04:13.317,192
5,520.0,2022-08-05 00:04:13.133,192
5,519.0,2022-08-05 00:04:12.950,192
5,518.0,2022-08-05 00:04:12.767,192
5,517.0,2022-08-05 00:04:12.580,192
5,516.0,2022-08-05 00:04:12.397,192
5,515.0,2022-08-05 00:04:12.213,192
5,514.0,2022-08-05 00:04:12.027,192
5,513.0,2022-08-05 00:04:11.840,192
5,512.0,2022-08-05 00:04:11.657,192
5,511.0,2022-08-05 00:04:11.470,192
5,510.0,2022-08-05 00:04:11.287,192
5,509.0,2022-08-05 00:04:11.100,192
5,508.0,2022-08-05 00:04:10.910,192
5,507.0,2022-08-05 00:04:10.727,192
5,506.0,2022-08-05 00:04:10.543,192
5,505.0,2022-08-05 00:04:10.353,192
5,504.0,2022-08-05 00:04:10.170,192
5,503.0,2022-08-05 00:04:09.983,192
5,502.0,2022-08-05 00:04:09.797,192
5,501.0,2022-08-05 00:04:09.610,192
5,500.0,2022-08-05 00:04:09.427,192
5,499.0,2022-08-05 00:04:09.243,192
5,498.0,2022-08-05 00:04:09.057,192
5,497.0,2022-08-05 00:04:08.873,192
5,496.0,2022-08-05 00:04:08.690,192
5,495.0,2022-08-05 00:04:08.507,192
5,494.0,2022-08-05 00:04:08.323,192
5,493.0,2022-08-05 00:04:08.137,192
5,492.0,2022-08-05 00:04:07.953,192
5,491.0,2022-08-05 00:04:07.770,192
5,490.0,2022-08-05 00:04:07.590,192
5,489.0,2022-08-05 00:04:07.403,192
5,488.0,2022-08-05 00:04:07.217,192
5,487.0,2022-08-05 00:04:07.033,192
5,486.0,2022-08-05 00:04:06.850,192
5,485.0,2022-08-05 00:04:06.663,192
5,484.0,2022-08-05 00:04:06.477,192
5,483.0,2022-08-05 00:04:06.290,192
5,482.0,2022-08-05 00:04:06.107,192
5,481.0,2022-08-05 00:04:05.920,192
5,480.0,2022-08-05 00:04:05.737,192
5,479.0,2022-08-05 00:04:05.550,192
5,478.0,2022-08-05 00:04:05.367,192
5,477.0,2022-08-05 00:04:05.183,192
5,476.0,2022-08-05 00:04:04.997,192
5,475.0,2022-08-05 00:04:04.810,192
5,474.0,2022-08-05 00:04:04.623,192
5,473.0,2022-08-05 00:04:04.437,192
5,472.0,2022-08-05 00:04:04.253,192
5,471.0,2022-08-05 00:04:04.067,192
5,470.0,2022-08-05 00:04:03.880,192
5,469.0,2022-08-05 00:04:03.697,192
5,468.0,2022-08-05 00:04:03.510,192
5,467.0,2022-08-05 00:04:03.323,192
5,466.0,2022-08-05 00:04:03.140,192
5,465.0,2022-08-05 00:04:02.953,192
5,464.0,2022-08-05 00:04:02.767,192
5,463.0,2022-08-05 00:04:02.583,192
5,462.0,2022-08-05 00:04:02.397,192
5,461.0,2022-08-05 00:04:02.213,192
5,460.0,2022-08-05 00:04:02.030,192
5,459.0,2022-08-05 00:04:01.847,192
5,458.0,2022-08-05 00:04:01.663,192
5,457.0,2022-08-05 00:04:01.480,192
5,456.0,2022-08-05 00:04:01.297,192
5,455.0,2022-08-05 00:04:01.110,192
5,454.0,2022-08-05 00:04:00.927,192
5,453.0,2022-08-05 00:04:00.743,192
5,452.0,2022-08-05 00:04:00.553,192
5,451.0,2022-08-05 00:04:00.370,192
5,450.0,2022-08-05 00:04:00.180,192
5,449.0,2022-08-05 00:03:59.997,192
5,448.0,2022-08-05 00:03:59.810,192
5,447.0,2022-08-05 00:03:59.623,192
5,446.0,2022-08-05 00:03:59.437,192
5,445.0,2022-08-05 00:03:59.253,192
5,444.0,2022-08-05 00:03:59.067,192
5,443.0,2022-08-05 00:03:58.883,192
5,442.0,2022-08-05 00:03:58.697,192
5,441.0,2022-08-05 00:03:58.513,192
5,440.0,2022-08-05 00:03:58.327,192
5,439.0,2022-08-05 00:03:58.140,192
5,438.0,2022-08-05 00:03:57.953,192
5,437.0,2022-08-05 00:03:57.767,192
5,436.0,2022-08-05 00:03:57.583,192
5,435.0,2022-08-05 00:03:57.400,192
5,434.0,2022-08-05 00:03:57.217,192
5,433.0,2022-08-05 00:03:57.030,192
5,432.0,2022-08-05 00:03:56.867,192
5,431.0,2022-08-05 00:03:56.740,192
5,430.0,2022-08-05 00:03:56.553,192
5,429.0,2022-08-05 00:03:56.370,192
5,428.0,2022-08-05 00:03:56.187,192
5,427.0,2022-08-05 00:03:56.003,192
5,426.0,2022-08-05 00:03:55.820,192
5,425.0,2022-08-05 00:03:55.633,192
5,424.0,2022-08-05 00:03:55.450,192
5,423.0,2022-08-05 00:03:55.260,192
5,422.0,2022-08-05 00:03:55.073,192
5,421.0,2022-08-05 00:03:54.887,192
5,420.0,2022-08-05 00:03:54.703,192
5,419.0,2022-08-05 00:03:54.500,192
5,418.0,2022-08-05 00:03:54.313,192
5,417.0,2022-08-05 00:03:54.130,192
5,416.0,2022-08-05 00:03:53.943,192
5,415.0,2022-08-05 00:03:53.757,192
5,414.0,2022-08-05 00:03:53.570,192
5,413.0,2022-08-05 00:03:53.383,192
5,412.0,2022-08-05 00:03:53.197,192
5,411.0,2022-08-05 00:03:53.010,192
5,410.0,2022-08-05 00:03:52.820,192
5,409.0,2022-08-05 00:03:52.633,192
5,408.0,2022-08-05 00:03:52.447,192
5,407.0,2022-08-05 00:03:52.260,192
5,406.0,2022-08-05 00:03:52.073,192
5,405.0,2022-08-05 00:03:51.887,192
5,404.0,2022-08-05 00:03:51.703,192
5,403.0,2022-08-05 00:03:51.517,192
5,402.0,2022-08-05 00:03:51.330,192
5,401.0,2022-08-05 00:03:51.143,192
5,400.0,2022-08-05 00:03:50.957,192
5,399.0,2022-08-05 00:03:50.773,192
5,398.0,2022-08-05 00:03:50.587,192
5,397.0,2022-08-05 00:03:50.403,192
5,396.0,2022-08-05 00:03:50.217,192
5,395.0,2022-08-05 00:03:50.030,192
5,394.0,2022-08-05 00:03:49.843,192
5,393.0,2022-08-05 00:03:49.657,192
5,392.0,2022-08-05 00:03:49.473,192
5,391.0,2022-08-05 00:03:49.283,192
5,390.0,2022-08-05 00:03:49.097,192
5,389.0,2022-08-05 00:03:48.910,192
5,388.0,2022-08-05 00:03:48.723,192
5,387.0,2022-08-05 00:03:48.540,192
5,386.0,2022-08-05 00:03:48.357,192
5,385.0,2022-08-05 00:03:48.170,192
5,384.0,2022-08-05 00:03:47.987,192
5,383.0,2022-08-05 00:03:47.803,192
5,382.0,2022-08-05 00:03:47.617,192
5,381.0,2022-08-05 00:03:47.433,192
5,380.0,2022-08-05 00:03:47.250,192
5,379.0,2022-08-05 00:03:47.063,192
5,378.0,2022-08-05 00:03:46.877,192
5,377.0,2022-08-05 00:03:46.693,192
5,376.0,2022-08-05 00:03:46.507,192
5,375.0,2022-08-05 00:03:46.320,192
5,374.0,2022-08-05 00:03:46.133,192
5,373.0,2022-08-05 00:03:45.947,192
5,372.0,2022-08-05 00:03:45.760,192
5,371.0,2022-08-05 00:03:45.577,192
5,370.0,2022-08-05 00:03:45.390,192
5,369.0,2022-08-05 00:03:45.203,192
5,368.0,2022-08-05 00:03:45.017,192
5,367.0,2022-08-05 00:03:44.830,192
5,366.0,2022-08-05 00:03:44.643,192
5,365.0,2022-08-05 00:03:44.457,192
5,364.0,2022-08-05 00:03:44.273,192
5,363.0,2022-08-05 00:03:44.087,192
5,362.0,2022-08-05 00:03:43.903,192
5,361.0,2022-08-05 00:03:43.717,192
5,360.0,2022-08-05 00:03:43.530,192
5,359.0,2022-08-05 00:03:43.347,192
5,358.0,2022-08-05 00:03:43.160,192
5,357.0,2022-08-05 00:03:42.973,192
5,356.0,2022-08-05 00:03:42.790,192
5,355.0,2022-08-05 00:03:42.603,192
5,354.0,2022-08-05 00:03:42.420,192
5,353.0,2022-08-05 00:03:42.237,192
5,352.0,2022-08-05 00:03:42.050,192
5,351.0,2022-08-05 00:03:41.863,192
5,350.0,2022-08-05 00:03:41.677,192
5,349.0,2022-08-05 00:03:41.493,192
5,348.0,2022-08-05 00:03:41.307,192
5,347.0,2022-08-05 00:03:41.120,192
5,346.0,2022-08-05 00:03:40.937,192
5,345.0,2022-08-05 00:03:40.750,192
5,344.0,2022-08-05 00:03:40.567,192
5,343.0,2022-08-05 00:03:40.380,192
5,342.0,2022-08-05 00:03:40.193,192
5,341.0,2022-08-05 00:03:40.007,192
5,340.0,2022-08-05 00:03:39.820,192
5,339.0,2022-08-05 00:03:39.633,192
5,338.0,2022-08-05 00:03:39.450,192
5,337.0,2022-08-05 00:03:39.267,192
5,336.0,2022-08-05 00:03:39.077,192
5,335.0,2022-08-05 00:03:38.890,192
5,334.0,2022-08-05 00:03:38.703,192
5,333.0,2022-08-05 00:03:38.517,192
5,332.0,2022-08-05 00:03:38.330,192
5,331.0,2022-08-05 00:03:38.147,192
5,330.0,2022-08-05 00:03:37.960,192
5,329.0,2022-08-05 00:03:37.777,192
5,328.0,2022-08-05 00:03:37.593,192
5,327.0,2022-08-05 00:03:37.407,192
5,326.0,2022-08-05 00:03:37.220,192
5,325.0,2022-08-05 00:03:37.033,192
5,324.0,2022-08-05 00:03:36.850,192
5,323.0,2022-08-05 00:03:36.663,192
5,322.0,2022-08-05 00:03:36.477,192
5,321.0,2022-08-05 00:03:36.293,192
5,320.0,2022-08-05 00:03:36.107,192
5,319.0,2022-08-05 00:03:35.923,192
5,318.0,2022-08-05 00:03:35.737,192
5,317.0,2022-08-05 00:03:35.553,192
5,316.0,2022-08-05 00:03:35.367,192
5,315.0,2022-08-05 00:03:35.183,192
5,314.0,2022-08-05 00:03:35.000,192
5,313.0,2022-08-05 00:03:34.813,192
5,312.0,2022-08-05 00:03:34.627,192
5,311.0,2022-08-05 00:03:34.443,192
5,310.0,2022-08-05 00:03:34.257,192
5,309.0,2022-08-05 00:03:34.070,192
5,308.0,2022-08-05 00:03:33.883,192
5,307.0,2022-08-05 00:03:33.697,192
5,306.0,2022-08-05 00:03:33.513,192
5,305.0,2022-08-05 00:03:33.327,192
5,304.0,2022-08-05 00:03:33.140,192
5,303.0,2022-08-05 00:03:32.957,192
5,302.0,2022-08-05 00:03:32.770,192
5,301.0,2022-08-05 00:03:32.587,192
5,300.0,2022-08-05 00:03:32.400,192
5,299.0,2022-08-05 00:03:32.213,192
5,298.0,2022-08-05 00:03:32.027,192
5,297.0,2022-08-05 00:03:31.847,192
5,296.0,2022-08-05 00:03:31.657,192
5,295.0,2022-08-05 00:03:31.473,192
5,294.0,2022-08-05 00:03:31.287,192
5,293.0,2022-08-05 00:03:31.100,192
5,292.0,2022-08-05 00:03:30.913,192
5,291.0,2022-08-05 00:03:30.727,192
5,290.0,2022-08-05 00:03:30.540,192
5,289.0,2022-08-05 00:03:30.357,192
5,288.0,2022-08-05 00:03:30.170,192
5,287.0,2022-08-05 00:03:29.987,192
5,286.0,2022-08-05 00:03:29.797,192
5,285.0,2022-08-05 00:03:29.610,192
5,284.0,2022-08-05 00:03:29.427,192
5,283.0,2022-08-05 00:03:29.243,192
5,282.0,2022-08-05 00:03:29.057,192
5,281.0,2022-08-05 00:03:28.870,192
5,280.0,2022-08-05 00:03:28.687,192
5,279.0,2022-08-05 00:03:28.503,192
5,278.0,2022-08-05 00:03:28.317,192
5,277.0,2022-08-05 00:03:28.133,192
5,276.0,2022-08-05 00:03:27.947,192
5,275.0,2022-08-05 00:03:27.757,192
5,274.0,2022-08-05 00:03:27.573,192
5,273.0,2022-08-05 00:03:27.387,192
5,272.0,2022-08-05 00:03:27.197,192
5,271.0,2022-08-05 00:03:27.013,192
5,270.0,2022-08-05 00:03:26.827,192
5,269.0,2022-08-05 00:03:26.643,192
5,268.0,2022-08-05 00:03:26.457,192
5,267.0,2022-08-05 00:03:26.270,192
5,266.0,2022-08-05 00:03:26.080,192
5,265.0,2022-08-05 00:03:25.897,192
5,264.0,2022-08-05 00:03:25.710,192
5,263.0,2022-08-05 00:03:25.527,192
5,262.0,2022-08-05 00:03:25.340,192
5,261.0,2022-08-05 00:03:25.153,192
5,260.0,2022-08-05 00:03:24.967,192
5,259.0,2022-08-05 00:03:24.783,192
5,258.0,2022-08-05 00:03:24.597,192
5,257.0,2022-08-05 00:03:24.413,192
5,256.0,2022-08-05 00:03:24.223,192
5,255.0,2022-08-05 00:03:24.040,192
5,254.0,2022-08-05 00:03:23.853,192
5,253.0,2022-08-05 00:03:23.670,192
5,252.0,2022-08-05 00:03:23.487,192
5,251.0,2022-08-05 00:03:23.300,192
5,250.0,2022-08-05 00:03:23.113,192
5,249.0,2022-08-05 00:03:22.930,192
5,248.0,2022-08-05 00:03:22.743,192
5,247.0,2022-08-05 00:03:22.560,192
5,246.0,2022-08-05 00:03:22.377,192
5,245.0,2022-08-05 00:03:22.193,192
5,244.0,2022-08-05 00:03:22.007,192
5,243.0,2022-08-05 00:03:21.823,192
5,242.0,2022-08-05 00:03:21.640,192
5,241.0,2022-08-05 00:03:21.453,192
5,240.0,2022-08-05 00:03:21.270,192
5,239.0,2022-08-05 00:03:21.087,192
5,238.0,2022-08-05 00:03:20.900,192
5,237.0,2022-08-05 00:03:20.713,192
5,236.0,2022-08-05 00:03:20.530,192
5,235.0,2022-08-05 00:03:20.340,192
5,234.0,2022-08-05 00:03:20.157,192
5,233.0,2022-08-05 00:03:19.973,192
5,232.0,2022-08-05 00:03:19.787,192
5,231.0,2022-08-05 00:03:19.603,192
5,230.0,2022-08-05 00:03:19.417,192
5,229.0,2022-08-05 00:03:19.230,192
5,228.0,2022-08-05 00:03:19.047,192
5,227.0,2022-08-05 00:03:18.860,192
5,226.0,2022-08-05 00:03:18.677,192
5,225.0,2022-08-05 00:03:18.493,192
5,224.0,2022-08-05 00:03:18.307,192
5,223.0,2022-08-05 00:03:18.123,192
5,222.0,2022-08-05 00:03:17.937,192
5,221.0,2022-08-05 00:03:17.753,192
5,220.0,2022-08-05 00:03:17.567,192
5,219.0,2022-08-05 00:03:17.380,192
5,218.0,2022-08-05 00:03:17.197,192
5,217.0,2022-08-05 00:03:17.013,192
5,216.0,2022-08-05 00:03:16.827,192
5,215.0,2022-08-05 00:03:16.643,192
5,214.0,2022-08-05 00:03:16.457,192
5,213.0,2022-08-05 00:03:16.273,192
5,212.0,2022-08-05 00:03:16.087,192
5,211.0,2022-08-05 00:03:15.897,192
5,210.0,2022-08-05 00:03:15.710,192
5,209.0,2022-08-05 00:03:15.527,192
5,208.0,2022-08-05 00:03:15.343,192
5,207.0,2022-08-05 00:03:15.157,192
5,206.0,2022-08-05 00:03:14.973,192
5,205.0,2022-08-05 00:03:14.787,192
5,204.0,2022-08-05 00:03:14.603,192
5,203.0,2022-08-05 00:03:14.420,192
5,202.0,2022-08-05 00:03:14.233,192
5,201.0,2022-08-05 00:03:14.047,192
5,200.0,2022-08-05 00:03:13.860,192
5,199.0,2022-08-05 00:03:13.673,192
5,198.0,2022-08-05 00:03:13.490,192
5,197.0,2022-08-05 00:03:13.303,192
5,196.0,2022-08-05 00:03:13.120,192
5,195.0,2022-08-05 00:03:12.933,192
5,194.0,2022-08-05 00:03:12.753,192
5,193.0,2022-08-05 00:03:12.567,192
5,192.0,2022-08-05 00:03:12.383,192
5,191.0,2022-08-05 00:03:12.197,192
5,190.0,2022-08-05 00:03:12.010,192
5,189.0,2022-08-05 00:03:11.827,192
5,188.0,2022-08-05 00:03:11.640,192
5,187.0,2022-08-05 00:03:11.457,192
5,186.0,2022-08-05 00:03:11.270,192
5,185.0,2022-08-05 00:03:11.087,192
5,184.0,2022-08-05 00:03:10.903,192
5,183.0,2022-08-05 00:03:10.717,192
5,182.0,2022-08-05 00:03:10.533,192
5,181.0,2022-08-05 00:03:10.347,192
5,180.0,2022-08-05 00:03:10.167,192
5,179.0,2022-08-05 00:03:09.980,192
5,178.0,2022-08-05 00:03:09.793,192
5,177.0,2022-08-05 00:03:09.607,192
5,176.0,2022-08-05 00:03:09.407,192
5,175.0,2022-08-05 00:03:09.220,192
5,174.0,2022-08-05 00:03:09.037,192
5,173.0,2022-08-05 00:03:08.847,192
5,172.0,2022-08-05 00:03:08.657,192
5,171.0,2022-08-05 00:03:08.460,192
5,170.0,2022-08-05 00:03:08.260,192
5,169.0,2022-08-05 00:03:08.060,192
5,168.0,2022-08-05 00:03:07.873,192
5,167.0,2022-08-05 00:03:07.690,192
5,166.0,2022-08-05 00:03:07.507,192
5,165.0,2022-08-05 00:03:07.320,192
5,164.0,2022-08-05 00:03:07.163,192
5,163.0,2022-08-05 00:03:07.027,192
5,162.0,2022-08-05 00:03:06.843,192
5,161.0,2022-08-05 00:03:06.657,192
5,160.0,2022-08-05 00:03:06.473,192
5,159.0,2022-08-05 00:03:06.290,192
5,158.0,2022-08-05 00:03:06.103,192
5,157.0,2022-08-05 00:03:05.917,192
5,156.0,2022-08-05 00:03:05.730,192
5,155.0,2022-08-05 00:03:05.547,192
5,154.0,2022-08-05 00:03:05.367,192
5,153.0,2022-08-05 00:03:05.240,192
5,152.0,2022-08-05 00:03:05.113,192
5,151.0,2022-08-05 00:03:04.947,192
5,150.0,2022-08-05 00:03:04.760,192
5,149.0,2022-08-05 00:03:04.577,192
5,148.0,2022-08-05 00:03:04.393,192
5,147.0,2022-08-05 00:03:04.207,192
5,146.0,2022-08-05 00:03:04.020,192
5,145.0,2022-08-05 00:03:03.833,192
5,144.0,2022-08-05 00:03:03.650,192
5,143.0,2022-08-05 00:03:03.463,192
5,142.0,2022-08-05 00:03:03.277,192
5,141.0,2022-08-05 00:03:03.093,192
5,140.0,2022-08-05 00:03:02.910,192
5,139.0,2022-08-05 00:03:02.723,192
5,138.0,2022-08-05 00:03:02.537,192
5,137.0,2022-08-05 00:03:02.350,192
5,136.0,2022-08-05 00:03:02.167,192
5,135.0,2022-08-05 00:03:01.980,192
5,134.0,2022-08-05 00:03:01.797,192
5,133.0,2022-08-05 00:03:01.610,192
5,132.0,2022-08-05 00:03:01.423,192
5,131.0,2022-08-05 00:03:01.240,192
5,130.0,2022-08-05 00:03:01.053,192
5,129.0,2022-08-05 00:03:00.870,192
5,128.0,2022-08-05 00:03:00.683,192
5,127.0,2022-08-05 00:03:00.497,192
5,126.0,2022-08-05 00:03:00.313,192
5,125.0,2022-08-05 00:03:00.127,192
5,124.0,2022-08-05 00:02:59.940,192
5,123.0,2022-08-05 00:02:59.757,192
5,122.0,2022-08-05 00:02:59.570,192
5,121.0,2022-08-05 00:02:59.380,192
5,120.0,2022-08-05 00:02:59.197,192
5,119.0,2022-08-05 00:02:59.010,192
5,118.0,2022-08-05 00:02:58.827,192
5,117.0,2022-08-05 00:02:58.640,192
5,116.0,2022-08-05 00:02:58.457,192
5,115.0,2022-08-05 00:02:58.273,192
5,114.0,2022-08-05 00:02:58.087,192
5,113.0,2022-08-05 00:02:57.897,192
5,112.0,2022-08-05 00:02:57.713,192
5,111.0,2022-08-05 00:02:57.530,192
5,110.0,2022-08-05 00:02:57.343,192
5,109.0,2022-08-05 00:02:57.157,192
5,108.0,2022-08-05 00:02:56.973,192
5,107.0,2022-08-05 00:02:56.790,192
5,106.0,2022-08-05 00:02:56.607,192
5,105.0,2022-08-05 00:02:56.420,192
5,104.0,2022-08-05 00:02:56.237,192
5,103.0,2022-08-05 00:02:56.050,192
5,102.0,2022-08-05 00:02:55.863,192
5,101.0,2022-08-05 00:02:55.680,192
5,100.0,2022-08-05 00:02:55.493,192
5,99.0,2022-08-05 00:02:55.310,192
5,98.0,2022-08-05 00:02:55.123,192
5,97.0,2022-08-05 00:02:54.937,192
5,96.0,2022-08-05 00:02:54.750,192
5,95.0,2022-08-05 00:02:54.567,192
5,94.0,2022-08-05 00:02:54.380,192
5,93.0,2022-08-05 00:02:54.193,192
5,92.0,2022-08-05 00:02:54.007,192
5,91.0,2022-08-05 00:02:53.820,192
5,90.0,2022-08-05 00:02:53.633,192
5,89.0,2022-08-05 00:02:53.447,192
5,88.0,2022-08-05 00:02:53.257,192
5,87.0,2022-08-05 00:02:53.073,192
5,86.0,2022-08-05 00:02:52.887,192
5,85.0,2022-08-05 00:02:52.703,192
5,84.0,2022-08-05 00:02:52.520,192
5,83.0,2022-08-05 00:02:52.337,192
5,82.0,2022-08-05 00:02:52.150,192
5,81.0,2022-08-05 00:02:51.967,192
5,80.0,2022-08-05 00:02:51.783,192
5,79.0,2022-08-05 00:02:51.597,192
5,78.0,2022-08-05 00:02:51.417,192
5,77.0,2022-08-05 00:02:51.230,192
5,76.0,2022-08-05 00:02:51.043,192
5,75.0,2022-08-05 00:02:50.857,192
5,74.0,2022-08-05 00:02:50.670,192
5,73.0,2022-08-05 00:02:50.487,192
5,72.0,2022-08-05 00:02:50.300,192
5,71.0,2022-08-05 00:02:50.117,192
5,70.0,2022-08-05 00:02:49.930,192
5,69.0,2022-08-05 00:02:49.740,192
5,68.0,2022-08-05 00:02:49.557,192
5,67.0,2022-08-05 00:02:49.370,192
5,66.0,2022-08-05 00:02:49.183,192
5,65.0,2022-08-05 00:02:48.997,192
5,64.0,2022-08-05 00:02:48.810,192
5,63.0,2022-08-05 00:02:48.623,192
5,62.0,2022-08-05 00:02:48.437,192
5,61.0,2022-08-05 00:02:48.250,192
5,60.0,2022-08-05 00:02:48.063,192
5,59.0,2022-08-05 00:02:47.877,192
5,58.0,2022-08-05 00:02:47.690,192
5,57.0,2022-08-05 00:02:47.503,192
5,56.0,2022-08-05 00:02:47.320,192
5,55.0,2022-08-05 00:02:47.130,192
5,54.0,2022-08-05 00:02:46.947,192
5,53.0,2022-08-05 00:02:46.763,192
5,52.0,2022-08-05 00:02:46.580,192
5,51.0,2022-08-05 00:02:46.393,192
5,50.0,2022-08-05 00:02:46.210,192
5,49.0,2022-08-05 00:02:46.027,192
5,48.0,2022-08-05 00:02:45.840,192
5,47.0,2022-08-05 00:02:45.653,192
5,46.0,2022-08-05 00:02:45.473,192
5,45.0,2022-08-05 00:02:45.287,192
5,44.0,2022-08-05 00:02:45.103,192
5,43.0,2022-08-05 00:02:44.917,192
5,42.0,2022-08-05 00:02:44.727,192
5,41.0,2022-08-05 00:02:44.543,192
5,40.0,2022-08-05 00:02:44.357,192
5,39.0,2022-08-05 00:02:44.173,192
5,38.0,2022-08-05 00:02:43.990,192
5,37.0,2022-08-05 00:02:43.803,192
5,36.0,2022-08-05 00:02:43.617,192
5,35.0,2022-08-05 00:02:43.473,192
5,34.0,2022-08-05 00:02:43.350,192
5,33.0,2022-08-05 00:02:43.223,192
5,32.0,2022-08-05 00:02:43.100,192
5,31.0,2022-08-05 00:02:42.980,192
5,30.0,2022-08-05 00:02:42.853,192
5,29.0,2022-08-05 00:02:42.727,192
5,28.0,2022-08-05 00:02:42.600,192
5,27.0,2022-08-05 00:02:42.477,192
5,26.0,2022-08-05 00:02:42.353,192
5,25.0,2022-08-05 00:02:42.227,192
5,24.0,2022-08-05 00:02:42.103,192
5,23.0,2022-08-05 00:02:41.973,192
5,22.0,2022-08-05 00:02:41.847,192
5,21.0,2022-08-05 00:02:41.670,192
5,20.0,2022-08-05 00:02:41.483,192
5,19.0,2022-08-05 00:02:41.340,192
5,18.0,2022-08-05 00:02:41.203,192
5,17.0,2022-08-05 00:02:41.020,192
5,16.0,2022-08-05 00:02:40.833,192
5,15.0,2022-08-05 00:02:40.650,192
5,14.0,2022-08-05 00:02:40.460,192
5,13.0,2022-08-05 00:02:40.327,192
5,12.0,2022-08-05 00:02:40.153,192
5,11.0,2022-08-05 00:02:39.967,192
5,10.0,2022-08-05 00:02:39.780,192
5,9.0,2022-08-05 00:02:39.597,192
5,8.0,2022-08-05 00:02:39.407,192
5,7.0,2022-08-05 00:02:39.223,192
5,6.0,2022-08-05 00:02:39.040,192
5,5.0,2022-08-05 00:02:38.857,192
5,4.0,2022-08-05 00:02:38.670,192
5,3.0,2022-08-05 00:02:38.487,192
5,2.0,2022-08-05 00:02:38.303,192
5,1.0,2022-08-05 00:02:38.120,192
5,0.0,2022-08-05 00:02:38.017,192
5,605.0,2022-08-05 00:02:37.933,192
5,604.0,2022-08-05 00:02:37.800,192
5,603.0,2022-08-05 00:02:37.673,192
5,602.0,2022-08-05 00:02:37.547,192
5,601.0,2022-08-05 00:02:37.423,192
5,600.0,2022-08-05 00:02:37.297,192
5,599.0,2022-08-05 00:02:37.173,192
5,598.0,2022-08-05 00:02:37.050,192
5,597.0,2022-08-05 00:02:36.923,192
5,596.0,2022-08-05 00:02:36.773,192
5,595.0,2022-08-05 00:02:36.620,192
5,594.0,2022-08-05 00:02:36.490,192
5,593.0,2022-08-05 00:02:36.340,192
5,592.0,2022-08-05 00:02:36.153,192
5,591.0,2022-08-05 00:02:35.970,192
5,590.0,2022-08-05 00:02:35.783,192
5,589.0,2022-08-05 00:02:35.617,192
5,588.0,2022-08-05 00:02:35.490,192
5,587.0,2022-08-05 00:02:35.363,192
5,586.0,2022-08-05 00:02:35.177,192
5,585.0,2022-08-05 00:02:34.993,192
5,584.0,2022-08-05 00:02:34.807,192
5,583.0,2022-08-05 00:02:34.633,192
5,582.0,2022-08-05 00:02:34.507,192
5,581.0,2022-08-05 00:02:34.383,192
5,580.0,2022-08-05 00:02:34.210,192
5,579.0,2022-08-05 00:02:34.083,192
5,578.0,2022-08-05 00:02:33.953,192
5,577.0,2022-08-05 00:02:33.767,192
5,576.0,2022-08-05 00:02:33.583,192
5,575.0,2022-08-05 00:02:33.397,192
5,574.0,2022-08-05 00:02:33.213,192
5,573.0,2022-08-05 00:02:33.030,192
5,572.0,2022-08-05 00:02:32.830,192
5,571.0,2022-08-05 00:02:32.643,192
5,570.0,2022-08-05 00:02:32.457,192
5,569.0,2022-08-05 00:02:32.273,192
5,568.0,2022-08-05 00:02:32.087,192
5,567.0,2022-08-05 00:02:31.907,192
5,566.0,2022-08-05 00:02:31.723,192
5,565.0,2022-08-05 00:02:31.540,192
5,564.0,2022-08-05 00:02:31.360,192
5,563.0,2022-08-05 00:02:31.170,192
5,562.0,2022-08-05 00:02:30.987,192
5,561.0,2022-08-05 00:02:30.803,192
5,560.0,2022-08-05 00:02:30.617,192
5,559.0,2022-08-05 00:02:30.430,192
5,558.0,2022-08-05 00:02:30.243,192
5,557.0,2022-08-05 00:02:30.057,192
5,556.0,2022-08-05 00:02:29.873,192
5,555.0,2022-08-05 00:02:29.690,192
5,554.0,2022-08-05 00:02:29.507,192
5,553.0,2022-08-05 00:02:29.320,192
5,552.0,2022-08-05 00:02:29.137,192
5,551.0,2022-08-05 00:02:28.950,192
5,550.0,2022-08-05 00:02:28.767,192
5,549.0,2022-08-05 00:02:28.583,192
5,548.0,2022-08-05 00:02:28.397,192
5,547.0,2022-08-05 00:02:28.213,192
5,546.0,2022-08-05 00:02:28.027,192
5,545.0,2022-08-05 00:02:27.843,192
5,544.0,2022-08-05 00:02:27.657,192
5,543.0,2022-08-05 00:02:27.467,192
5,542.0,2022-08-05 00:02:27.283,192
5,541.0,2022-08-05 00:02:27.097,192
5,540.0,2022-08-05 00:02:26.910,192
5,539.0,2022-08-05 00:02:26.723,192
5,538.0,2022-08-05 00:02:26.540,192
5,537.0,2022-08-05 00:02:26.353,192
5,536.0,2022-08-05 00:02:26.167,192
5,535.0,2022-08-05 00:02:25.983,192
5,534.0,2022-08-05 00:02:25.797,192
5,533.0,2022-08-05 00:02:25.613,192
5,532.0,2022-08-05 00:02:25.427,192
5,531.0,2022-08-05 00:02:25.243,192
5,530.0,2022-08-05 00:02:25.060,192
5,529.0,2022-08-05 00:02:24.877,192
5,528.0,2022-08-05 00:02:24.690,192
5,527.0,2022-08-05 00:02:24.503,192
5,526.0,2022-08-05 00:02:24.317,192
5,525.0,2022-08-05 00:02:24.130,192
5,524.0,2022-08-05 00:02:23.947,192
5,523.0,2022-08-05 00:02:23.760,192
5,522.0,2022-08-05 00:02:23.573,192
5,521.0,2022-08-05 00:02:23.387,192
5,520.0,2022-08-05 00:02:23.203,192
5,519.0,2022-08-05 00:02:23.017,192
5,518.0,2022-08-05 00:02:22.830,192
5,517.0,2022-08-05 00:02:22.643,192
5,516.0,2022-08-05 00:02:22.460,192
5,515.0,2022-08-05 00:02:22.273,192
5,514.0,2022-08-05 00:02:22.087,192
5,513.0,2022-08-05 00:02:21.903,192
5,512.0,2022-08-05 00:02:21.720,192
5,511.0,2022-08-05 00:02:21.537,192
5,510.0,2022-08-05 00:02:21.353,192
5,509.0,2022-08-05 00:02:21.167,192
5,508.0,2022-08-05 00:02:20.983,192
5,507.0,2022-08-05 00:02:20.800,192
5,506.0,2022-08-05 00:02:20.617,192
5,505.0,2022-08-05 00:02:20.430,192
5,504.0,2022-08-05 00:02:20.243,192
5,503.0,2022-08-05 00:02:20.057,192
5,502.0,2022-08-05 00:02:19.870,192
5,501.0,2022-08-05 00:02:19.687,192
5,500.0,2022-08-05 00:02:19.500,192
5,499.0,2022-08-05 00:02:19.313,192
5,498.0,2022-08-05 00:02:19.127,192
5,497.0,2022-08-05 00:02:18.943,192
5,496.0,2022-08-05 00:02:18.757,192
5,495.0,2022-08-05 00:02:18.570,192
5,494.0,2022-08-05 00:02:18.387,192
5,493.0,2022-08-05 00:02:18.203,192
5,492.0,2022-08-05 00:02:18.020,192
5,491.0,2022-08-05 00:02:17.837,192
5,490.0,2022-08-05 00:02:17.653,192
5,489.0,2022-08-05 00:02:17.467,192
5,488.0,2022-08-05 00:02:17.283,192
5,487.0,2022-08-05 00:02:17.097,192
5,486.0,2022-08-05 00:02:16.913,192
5,485.0,2022-08-05 00:02:16.730,192
5,484.0,2022-08-05 00:02:16.547,192
5,483.0,2022-08-05 00:02:16.363,192
5,482.0,2022-08-05 00:02:16.180,192
5,481.0,2022-08-05 00:02:15.990,192
5,480.0,2022-08-05 00:02:15.803,192
5,479.0,2022-08-05 00:02:15.620,192
5,478.0,2022-08-05 00:02:15.430,192
5,477.0,2022-08-05 00:02:15.243,192
5,476.0,2022-08-05 00:02:15.057,192
5,475.0,2022-08-05 00:02:14.873,192
5,474.0,2022-08-05 00:02:14.687,192
5,473.0,2022-08-05 00:02:14.500,192
5,472.0,2022-08-05 00:02:14.313,192
5,471.0,2022-08-05 00:02:14.123,192
5,470.0,2022-08-05 00:02:13.940,192
5,469.0,2022-08-05 00:02:13.753,192
5,468.0,2022-08-05 00:02:13.570,192
5,467.0,2022-08-05 00:02:13.387,192
5,466.0,2022-08-05 00:02:13.207,192
5,465.0,2022-08-05 00:02:13.077,192
5,464.0,2022-08-05 00:02:12.950,192
5,463.0,2022-08-05 00:02:12.793,192
5,462.0,2022-08-05 00:02:12.610,192
5,461.0,2022-08-05 00:02:12.423,192
5,460.0,2022-08-05 00:02:12.240,192
5,459.0,2022-08-05 00:02:12.053,192
5,458.0,2022-08-05 00:02:11.870,192
5,457.0,2022-08-05 00:02:11.683,192
5,456.0,2022-08-05 00:02:11.513,192
5,455.0,2022-08-05 00:02:11.370,192
5,454.0,2022-08-05 00:02:11.183,192
5,453.0,2022-08-05 00:02:11.000,192
5,452.0,2022-08-05 00:02:10.813,192
5,451.0,2022-08-05 00:02:10.627,192
5,450.0,2022-08-05 00:02:10.440,192
5,449.0,2022-08-05 00:02:10.253,192
5,448.0,2022-08-05 00:02:10.070,192
5,447.0,2022-08-05 00:02:09.883,192
5,446.0,2022-08-05 00:02:09.700,192
5,445.0,2022-08-05 00:02:09.517,192
5,444.0,2022-08-05 00:02:09.330,192
5,443.0,2022-08-05 00:02:09.143,192
5,442.0,2022-08-05 00:02:08.957,192
5,441.0,2022-08-05 00:02:08.770,192
5,440.0,2022-08-05 00:02:08.583,192
5,439.0,2022-08-05 00:02:08.413,192
5,438.0,2022-08-05 00:02:08.287,192
5,437.0,2022-08-05 00:02:08.160,192
5,436.0,2022-08-05 00:02:08.037,192
5,435.0,2022-08-05 00:02:07.910,192
5,434.0,2022-08-05 00:02:07.787,192
5,433.0,2022-08-05 00:02:07.660,192
5,432.0,2022-08-05 00:02:07.533,192
5,431.0,2022-08-05 00:02:07.403,192
5,430.0,2022-08-05 00:02:07.277,192
5,429.0,2022-08-05 00:02:07.150,192
5,428.0,2022-08-05 00:02:07.020,192
5,427.0,2022-08-05 00:02:06.890,192
5,426.0,2022-08-05 00:02:06.763,192
5,425.0,2022-08-05 00:02:06.640,192
5,424.0,2022-08-05 00:02:06.513,192
5,423.0,2022-08-05 00:02:06.370,192
5,422.0,2022-08-05 00:02:06.180,192
5,421.0,2022-08-05 00:02:05.997,192
5,420.0,2022-08-05 00:02:05.813,192
5,419.0,2022-08-05 00:02:05.627,192
5,418.0,2022-08-05 00:02:05.440,192
5,417.0,2022-08-05 00:02:05.253,192
5,416.0,2022-08-05 00:02:05.070,192
5,415.0,2022-08-05 00:02:04.887,192
5,414.0,2022-08-05 00:02:04.703,192
5,413.0,2022-08-05 00:02:04.517,192
5,412.0,2022-08-05 00:02:04.333,192
5,411.0,2022-08-05 00:02:04.147,192
5,410.0,2022-08-05 00:02:03.963,192
5,409.0,2022-08-05 00:02:03.777,192
5,408.0,2022-08-05 00:02:03.593,192
5,407.0,2022-08-05 00:02:03.407,192
5,406.0,2022-08-05 00:02:03.223,192
5,405.0,2022-08-05 00:02:03.040,192
5,404.0,2022-08-05 00:02:02.857,192
5,403.0,2022-08-05 00:02:02.670,192
5,402.0,2022-08-05 00:02:02.483,192
5,401.0,2022-08-05 00:02:02.300,192
5,400.0,2022-08-05 00:02:02.117,192
5,399.0,2022-08-05 00:02:01.933,192
5,398.0,2022-08-05 00:02:01.747,192
5,397.0,2022-08-05 00:02:01.563,192
5,396.0,2022-08-05 00:02:01.377,192
5,395.0,2022-08-05 00:02:01.193,192
5,394.0,2022-08-05 00:02:01.007,192
5,393.0,2022-08-05 00:02:00.820,192
5,392.0,2022-08-05 00:02:00.637,192
5,391.0,2022-08-05 00:02:00.453,192
5,390.0,2022-08-05 00:02:00.267,192
5,389.0,2022-08-05 00:02:00.080,192
5,388.0,2022-08-05 00:01:59.893,192
5,387.0,2022-08-05 00:01:59.707,192
5,386.0,2022-08-05 00:01:59.523,192
5,385.0,2022-08-05 00:01:59.340,192
5,384.0,2022-08-05 00:01:59.157,192
5,383.0,2022-08-05 00:01:58.970,192
5,382.0,2022-08-05 00:01:58.787,192
5,381.0,2022-08-05 00:01:58.600,192
5,380.0,2022-08-05 00:01:58.413,192
5,379.0,2022-08-05 00:01:58.227,192
5,378.0,2022-08-05 00:01:58.040,192
5,377.0,2022-08-05 00:01:57.857,192
5,376.0,2022-08-05 00:01:57.673,192
5,375.0,2022-08-05 00:01:57.487,192
5,374.0,2022-08-05 00:01:57.303,192
5,373.0,2022-08-05 00:01:57.117,192
5,372.0,2022-08-05 00:01:56.930,192
5,371.0,2022-08-05 00:01:56.743,192
5,370.0,2022-08-05 00:01:56.560,192
5,369.0,2022-08-05 00:01:56.373,192
5,368.0,2022-08-05 00:01:56.187,192
5,367.0,2022-08-05 00:01:56.000,192
5,366.0,2022-08-05 00:01:55.817,192
5,365.0,2022-08-05 00:01:55.630,192
5,364.0,2022-08-05 00:01:55.447,192
5,363.0,2022-08-05 00:01:55.263,192
5,362.0,2022-08-05 00:01:55.077,192
5,361.0,2022-08-05 00:01:54.890,192
5,360.0,2022-08-05 00:01:54.703,192
5,359.0,2022-08-05 00:01:54.517,192
5,358.0,2022-08-05 00:01:54.330,192
5,357.0,2022-08-05 00:01:54.143,192
5,356.0,2022-08-05 00:01:53.957,192
5,355.0,2022-08-05 00:01:53.770,192
5,354.0,2022-08-05 00:01:53.587,192
5,353.0,2022-08-05 00:01:53.400,192
5,352.0,2022-08-05 00:01:53.217,192
5,351.0,2022-08-05 00:01:53.030,192
5,350.0,2022-08-05 00:01:52.843,192
5,349.0,2022-08-05 00:01:52.657,192
5,348.0,2022-08-05 00:01:52.470,192
5,347.0,2022-08-05 00:01:52.287,192
5,346.0,2022-08-05 00:01:52.100,192
5,345.0,2022-08-05 00:01:51.913,192
5,344.0,2022-08-05 00:01:51.727,192
5,343.0,2022-08-05 00:01:51.543,192
5,342.0,2022-08-05 00:01:51.360,192
5,341.0,2022-08-05 00:01:51.173,192
5,340.0,2022-08-05 00:01:50.987,192
5,339.0,2022-08-05 00:01:50.803,192
5,338.0,2022-08-05 00:01:50.617,192
5,337.0,2022-08-05 00:01:50.430,192
5,336.0,2022-08-05 00:01:50.247,192
5,335.0,2022-08-05 00:01:50.060,192
5,334.0,2022-08-05 00:01:49.873,192
5,333.0,2022-08-05 00:01:49.690,192
5,332.0,2022-08-05 00:01:49.503,192
5,331.0,2022-08-05 00:01:49.320,192
5,330.0,2022-08-05 00:01:49.137,192
5,329.0,2022-08-05 00:01:48.950,192
5,328.0,2022-08-05 00:01:48.763,192
5,327.0,2022-08-05 00:01:48.577,192
5,326.0,2022-08-05 00:01:48.390,192
5,325.0,2022-08-05 00:01:48.203,192
5,324.0,2022-08-05 00:01:48.017,192
5,323.0,2022-08-05 00:01:47.833,192
5,322.0,2022-08-05 00:01:47.647,192
5,321.0,2022-08-05 00:01:47.463,192
5,320.0,2022-08-05 00:01:47.277,192
5,319.0,2022-08-05 00:01:47.093,192
5,318.0,2022-08-05 00:01:46.907,192
5,317.0,2022-08-05 00:01:46.720,192
5,316.0,2022-08-05 00:01:46.530,192
5,315.0,2022-08-05 00:01:46.343,192
5,314.0,2022-08-05 00:01:46.163,192
5,313.0,2022-08-05 00:01:45.977,192
5,312.0,2022-08-05 00:01:45.790,192
5,311.0,2022-08-05 00:01:45.603,192
5,310.0,2022-08-05 00:01:45.417,192
5,309.0,2022-08-05 00:01:45.233,192
5,308.0,2022-08-05 00:01:45.047,192
5,307.0,2022-08-05 00:01:44.863,192
5,306.0,2022-08-05 00:01:44.677,192
5,305.0,2022-08-05 00:01:44.493,192
5,304.0,2022-08-05 00:01:44.307,192
5,303.0,2022-08-05 00:01:44.123,192
5,302.0,2022-08-05 00:01:43.937,192
5,301.0,2022-08-05 00:01:43.753,192
5,300.0,2022-08-05 00:01:43.570,192
5,299.0,2022-08-05 00:01:43.387,192
5,298.0,2022-08-05 00:01:43.200,192
5,297.0,2022-08-05 00:01:43.013,192
5,296.0,2022-08-05 00:01:42.830,192
5,295.0,2022-08-05 00:01:42.643,192
5,294.0,2022-08-05 00:01:42.460,192
5,293.0,2022-08-05 00:01:42.273,192
5,292.0,2022-08-05 00:01:42.087,192
5,291.0,2022-08-05 00:01:41.903,192
5,290.0,2022-08-05 00:01:41.720,192
5,289.0,2022-08-05 00:01:41.533,192
5,288.0,2022-08-05 00:01:41.350,192
5,287.0,2022-08-05 00:01:41.163,192
5,286.0,2022-08-05 00:01:40.983,192
5,285.0,2022-08-05 00:01:40.800,192
5,284.0,2022-08-05 00:01:40.613,192
5,283.0,2022-08-05 00:01:40.427,192
5,282.0,2022-08-05 00:01:40.240,192
5,281.0,2022-08-05 00:01:40.057,192
5,280.0,2022-08-05 00:01:39.870,192
5,279.0,2022-08-05 00:01:39.687,192
5,278.0,2022-08-05 00:01:39.503,192
5,277.0,2022-08-05 00:01:39.317,192
5,276.0,2022-08-05 00:01:39.130,192
5,275.0,2022-08-05 00:01:38.943,192
5,274.0,2022-08-05 00:01:38.760,192
5,273.0,2022-08-05 00:01:38.573,192
5,272.0,2022-08-05 00:01:38.387,192
5,271.0,2022-08-05 00:01:38.200,192
5,270.0,2022-08-05 00:01:38.010,192
5,269.0,2022-08-05 00:01:37.827,192
5,268.0,2022-08-05 00:01:37.640,192
5,267.0,2022-08-05 00:01:37.453,192
5,266.0,2022-08-05 00:01:37.270,192
5,265.0,2022-08-05 00:01:37.083,192
5,264.0,2022-08-05 00:01:36.897,192
5,263.0,2022-08-05 00:01:36.707,192
5,262.0,2022-08-05 00:01:36.523,192
5,261.0,2022-08-05 00:01:36.340,192
5,260.0,2022-08-05 00:01:36.153,192
5,259.0,2022-08-05 00:01:35.967,192
5,258.0,2022-08-05 00:01:35.783,192
5,257.0,2022-08-05 00:01:35.597,192
5,256.0,2022-08-05 00:01:35.413,192
5,255.0,2022-08-05 00:01:35.253,192
5,254.0,2022-08-05 00:01:35.087,192
5,253.0,2022-08-05 00:01:34.950,192
5,252.0,2022-08-05 00:01:34.767,192
5,251.0,2022-08-05 00:01:34.577,192
5,250.0,2022-08-05 00:01:34.390,192
5,249.0,2022-08-05 00:01:34.203,192
5,248.0,2022-08-05 00:01:34.017,192
5,247.0,2022-08-05 00:01:33.830,192
5,246.0,2022-08-05 00:01:33.643,192
5,245.0,2022-08-05 00:01:33.480,192
5,244.0,2022-08-05 00:01:33.337,192
5,243.0,2022-08-05 00:01:33.153,192
5,242.0,2022-08-05 00:01:32.970,192
5,241.0,2022-08-05 00:01:32.783,192
5,240.0,2022-08-05 00:01:32.597,192
5,239.0,2022-08-05 00:01:32.413,192
5,238.0,2022-08-05 00:01:32.230,192
5,237.0,2022-08-05 00:01:32.090,192
5,236.0,2022-08-05 00:01:31.920,192
5,235.0,2022-08-05 00:01:31.737,192
5,234.0,2022-08-05 00:01:31.547,192
5,233.0,2022-08-05 00:01:31.360,192
5,232.0,2022-08-05 00:01:31.177,192
5,231.0,2022-08-05 00:01:30.990,192
5,230.0,2022-08-05 00:01:30.807,192
5,229.0,2022-08-05 00:01:30.620,192
5,228.0,2022-08-05 00:01:30.430,192
5,227.0,2022-08-05 00:01:30.247,192
5,226.0,2022-08-05 00:01:30.063,192
5,225.0,2022-08-05 00:01:29.880,192
5,224.0,2022-08-05 00:01:29.693,192
5,223.0,2022-08-05 00:01:29.510,192
5,222.0,2022-08-05 00:01:29.323,192
5,221.0,2022-08-05 00:01:29.140,192
5,220.0,2022-08-05 00:01:28.953,192
5,219.0,2022-08-05 00:01:28.767,192
5,218.0,2022-08-05 00:01:28.583,192
5,217.0,2022-08-05 00:01:28.397,192
5,216.0,2022-08-05 00:01:28.217,192
5,215.0,2022-08-05 00:01:28.093,192
5,214.0,2022-08-05 00:01:27.967,192
5,213.0,2022-08-05 00:01:27.843,192
5,212.0,2022-08-05 00:01:27.720,192
5,211.0,2022-08-05 00:01:27.593,192
5,210.0,2022-08-05 00:01:27.470,192
5,209.0,2022-08-05 00:01:27.343,192
5,208.0,2022-08-05 00:01:27.217,192
5,207.0,2022-08-05 00:01:27.087,192
5,206.0,2022-08-05 00:01:26.957,192
5,205.0,2022-08-05 00:01:26.777,192
5,204.0,2022-08-05 00:01:26.590,192
5,203.0,2022-08-05 00:01:26.407,192
5,202.0,2022-08-05 00:01:26.223,192
5,201.0,2022-08-05 00:01:26.040,192
5,200.0,2022-08-05 00:01:25.853,192
5,199.0,2022-08-05 00:01:25.667,192
5,198.0,2022-08-05 00:01:25.480,192
5,197.0,2022-08-05 00:01:25.293,192
5,196.0,2022-08-05 00:01:25.110,192
5,195.0,2022-08-05 00:01:24.927,192
5,194.0,2022-08-05 00:01:24.740,192
5,193.0,2022-08-05 00:01:24.553,192
5,192.0,2022-08-05 00:01:24.370,192
5,191.0,2022-08-05 00:01:24.187,192
5,190.0,2022-08-05 00:01:24.000,192
5,189.0,2022-08-05 00:01:23.817,192
5,188.0,2022-08-05 00:01:23.630,192
5,187.0,2022-08-05 00:01:23.447,192
5,186.0,2022-08-05 00:01:23.263,192
5,185.0,2022-08-05 00:01:23.077,192
5,184.0,2022-08-05 00:01:22.890,192
5,183.0,2022-08-05 00:01:22.703,192
5,182.0,2022-08-05 00:01:22.523,192
5,181.0,2022-08-05 00:01:22.340,192
5,180.0,2022-08-05 00:01:22.150,192
5,179.0,2022-08-05 00:01:21.967,192
5,178.0,2022-08-05 00:01:21.780,192
5,177.0,2022-08-05 00:01:21.593,192
5,176.0,2022-08-05 00:01:21.410,192
5,175.0,2022-08-05 00:01:21.223,192
5,174.0,2022-08-05 00:01:21.037,192
5,173.0,2022-08-05 00:01:20.853,192
5,172.0,2022-08-05 00:01:20.670,192
5,171.0,2022-08-05 00:01:20.483,192
5,170.0,2022-08-05 00:01:20.300,192
5,169.0,2022-08-05 00:01:20.113,192
5,168.0,2022-08-05 00:01:19.930,192
5,167.0,2022-08-05 00:01:19.770,192
5,166.0,2022-08-05 00:01:19.647,192
5,165.0,2022-08-05 00:01:19.510,192
5,164.0,2022-08-05 00:01:19.323,192
5,163.0,2022-08-05 00:01:19.140,192
5,162.0,2022-08-05 00:01:18.953,192
5,161.0,2022-08-05 00:01:18.767,192
5,160.0,2022-08-05 00:01:18.583,192
5,159.0,2022-08-05 00:01:18.397,192
5,158.0,2022-08-05 00:01:18.220,192
5,157.0,2022-08-05 00:01:18.073,192
5,156.0,2022-08-05 00:01:17.890,192
5,155.0,2022-08-05 00:01:17.707,192
5,154.0,2022-08-05 00:01:17.517,192
5,153.0,2022-08-05 00:01:17.330,192
5,152.0,2022-08-05 00:01:17.147,192
5,151.0,2022-08-05 00:01:16.960,192
5,150.0,2022-08-05 00:01:16.777,192
5,149.0,2022-08-05 00:01:16.593,192
5,148.0,2022-08-05 00:01:16.410,192
5,147.0,2022-08-05 00:01:16.227,192
5,146.0,2022-08-05 00:01:16.040,192
5,145.0,2022-08-05 00:01:15.853,192
5,144.0,2022-08-05 00:01:15.670,192
5,143.0,2022-08-05 00:01:15.483,192
5,142.0,2022-08-05 00:01:15.297,192
5,141.0,2022-08-05 00:01:15.110,192
5,140.0,2022-08-05 00:01:14.923,192
5,139.0,2022-08-05 00:01:14.737,192
5,138.0,2022-08-05 00:01:14.553,192
5,137.0,2022-08-05 00:01:14.367,192
5,136.0,2022-08-05 00:01:14.183,192
5,135.0,2022-08-05 00:01:14.060,192
5,134.0,2022-08-05 00:01:13.937,192
5,133.0,2022-08-05 00:01:13.807,192
5,132.0,2022-08-05 00:01:13.683,192
5,131.0,2022-08-05 00:01:13.557,192
5,130.0,2022-08-05 00:01:13.437,192
5,129.0,2022-08-05 00:01:13.310,192
5,128.0,2022-08-05 00:01:13.183,192
5,127.0,2022-08-05 00:01:13.060,192
5,126.0,2022-08-05 00:01:12.910,192
5,125.0,2022-08-05 00:01:12.727,192
5,124.0,2022-08-05 00:01:12.543,192
5,123.0,2022-08-05 00:01:12.360,192
5,122.0,2022-08-05 00:01:12.173,192
5,121.0,2022-08-05 00:01:11.990,192
5,120.0,2022-08-05 00:01:11.803,192
5,119.0,2022-08-05 00:01:11.617,192
5,118.0,2022-08-05 00:01:11.433,192
5,117.0,2022-08-05 00:01:11.303,192
5,116.0,2022-08-05 00:01:11.180,192
5,115.0,2022-08-05 00:01:11.053,192
5,114.0,2022-08-05 00:01:10.913,192
5,113.0,2022-08-05 00:01:10.727,192
5,112.0,2022-08-05 00:01:10.547,192
5,111.0,2022-08-05 00:01:10.423,192
5,110.0,2022-08-05 00:01:10.293,192
5,109.0,2022-08-05 00:01:10.163,192
5,108.0,2022-08-05 00:01:09.980,192
5,107.0,2022-08-05 00:01:09.793,192
5,106.0,2022-08-05 00:01:09.610,192
5,105.0,2022-08-05 00:01:09.423,192
5,104.0,2022-08-05 00:01:09.237,192
5,103.0,2022-08-05 00:01:09.053,192
5,102.0,2022-08-05 00:01:08.870,192
5,101.0,2022-08-05 00:01:08.697,192
5,100.0,2022-08-05 00:01:08.570,192
5,99.0,2022-08-05 00:01:08.447,192
5,98.0,2022-08-05 00:01:08.300,192
5,97.0,2022-08-05 00:01:08.113,192
5,96.0,2022-08-05 00:01:07.927,192
5,95.0,2022-08-05 00:01:07.723,192
5,94.0,2022-08-05 00:01:07.540,192
5,93.0,2022-08-05 00:01:07.350,192
5,92.0,2022-08-05 00:01:07.167,192
5,91.0,2022-08-05 00:01:06.997,192
5,90.0,2022-08-05 00:01:06.870,192
5,89.0,2022-08-05 00:01:06.743,192
5,88.0,2022-08-05 00:01:06.557,192
5,87.0,2022-08-05 00:01:06.370,192
5,86.0,2022-08-05 00:01:06.210,192
5,85.0,2022-08-05 00:01:06.073,192
5,84.0,2022-08-05 00:01:05.907,192
5,83.0,2022-08-05 00:01:05.780,192
5,82.0,2022-08-05 00:01:05.643,192
5,81.0,2022-08-05 00:01:05.460,192
5,80.0,2022-08-05 00:01:05.273,192
5,79.0,2022-08-05 00:01:05.087,192
5,78.0,2022-08-05 00:01:04.903,192
5,77.0,2022-08-05 00:01:04.720,192
5,76.0,2022-08-05 00:01:04.577,192
5,75.0,2022-08-05 00:01:04.450,192
5,74.0,2022-08-05 00:01:04.323,192
5,73.0,2022-08-05 00:01:04.200,192
5,72.0,2022-08-05 00:01:04.073,192
5,71.0,2022-08-05 00:01:03.927,192
5,70.0,2022-08-05 00:01:03.740,192
5,69.0,2022-08-05 00:01:03.550,192
5,68.0,2022-08-05 00:01:03.363,192
5,67.0,2022-08-05 00:01:03.177,192
5,66.0,2022-08-05 00:01:02.990,192
5,65.0,2022-08-05 00:01:02.803,192
5,64.0,2022-08-05 00:01:02.617,192
5,63.0,2022-08-05 00:01:02.430,192
5,62.0,2022-08-05 00:01:02.247,192
5,61.0,2022-08-05 00:01:02.060,192
5,60.0,2022-08-05 00:01:01.873,192
5,59.0,2022-08-05 00:01:01.690,192
5,58.0,2022-08-05 00:01:01.507,192
5,57.0,2022-08-05 00:01:01.320,192
5,56.0,2022-08-05 00:01:01.137,192
5,55.0,2022-08-05 00:01:00.953,192
5,54.0,2022-08-05 00:01:00.770,192
5,53.0,2022-08-05 00:01:00.583,192
5,52.0,2022-08-05 00:01:00.400,192
5,51.0,2022-08-05 00:01:00.213,192
5,50.0,2022-08-05 00:01:00.027,192
5,49.0,2022-08-05 00:00:59.843,192
5,48.0,2022-08-05 00:00:59.657,192
5,47.0,2022-08-05 00:00:59.470,192
5,46.0,2022-08-05 00:00:59.287,192
5,45.0,2022-08-05 00:00:59.097,192
5,44.0,2022-08-05 00:00:58.913,192
5,43.0,2022-08-05 00:00:58.730,192
5,42.0,2022-08-05 00:00:58.547,192
5,41.0,2022-08-05 00:00:58.360,192
5,40.0,2022-08-05 00:00:58.173,192
5,39.0,2022-08-05 00:00:57.987,192
5,38.0,2022-08-05 00:00:57.803,192
5,37.0,2022-08-05 00:00:57.620,192
5,36.0,2022-08-05 00:00:57.430,192
5,35.0,2022-08-05 00:00:57.247,192
5,34.0,2022-08-05 00:00:57.060,192
5,33.0,2022-08-05 00:00:56.873,192
5,32.0,2022-08-05 00:00:56.690,192
5,31.0,2022-08-05 00:00:56.503,192
5,30.0,2022-08-05 00:00:56.317,192
5,29.0,2022-08-05 00:00:56.130,192
5,28.0,2022-08-05 00:00:55.943,192
5,27.0,2022-08-05 00:00:55.757,192
5,26.0,2022-08-05 00:00:55.570,192
5,25.0,2022-08-05 00:00:55.383,192
5,24.0,2022-08-05 00:00:55.193,192
5,23.0,2022-08-05 00:00:55.007,192
5,22.0,2022-08-05 00:00:54.820,192
5,21.0,2022-08-05 00:00:54.630,192
5,20.0,2022-08-05 00:00:54.443,192
5,19.0,2022-08-05 00:00:54.260,192
5,18.0,2022-08-05 00:00:54.073,192
5,17.0,2022-08-05 00:00:53.883,192
5,16.0,2022-08-05 00:00:53.697,192
5,15.0,2022-08-05 00:00:53.510,192
5,14.0,2022-08-05 00:00:53.320,192
5,13.0,2022-08-05 00:00:53.133,192
5,12.0,2022-08-05 00:00:52.953,192
5,11.0,2022-08-05 00:00:52.767,192
5,10.0,2022-08-05 00:00:52.580,192
5,9.0,2022-08-05 00:00:52.393,192
5,8.0,2022-08-05 00:00:52.207,192
5,7.0,2022-08-05 00:00:52.023,192
5,6.0,2022-08-05 00:00:51.837,192
5,5.0,2022-08-05 00:00:51.653,192
5,4.0,2022-08-05 00:00:51.470,192
5,3.0,2022-08-05 00:00:51.287,192
5,2.0,2022-08-05 00:00:51.100,192
5,1.0,2022-08-05 00:00:50.903,192
5,1.0,2022-08-04 23:59:56.880,192
6,24.0,2022-08-05 00:16:11.797,192
6,23.0,2022-08-05 00:16:11.610,192
6,22.0,2022-08-05 00:16:11.423,192
6,21.0,2022-08-05 00:16:11.237,192
6,20.0,2022-08-05 00:16:11.050,192
6,19.0,2022-08-05 00:16:10.867,192
6,18.0,2022-08-05 00:16:10.680,192
6,17.0,2022-08-05 00:16:10.493,192
6,16.0,2022-08-05 00:16:10.303,192
6,15.0,2022-08-05 00:16:10.120,192
6,14.0,2022-08-05 00:16:09.937,192
6,13.0,2022-08-05 00:16:09.750,192
6,12.0,2022-08-05 00:16:09.563,192
6,11.0,2022-08-05 00:16:09.360,192
6,10.0,2022-08-05 00:16:09.170,192
6,9.0,2022-08-05 00:16:08.987,192
6,8.0,2022-08-05 00:16:08.800,192
6,7.0,2022-08-05 00:16:08.613,192
6,6.0,2022-08-05 00:16:08.427,192
6,5.0,2022-08-05 00:16:08.240,192
6,4.0,2022-08-05 00:16:08.057,192
6,3.0,2022-08-05 00:16:07.873,192
6,2.0,2022-08-05 00:16:07.687,192
6,1.0,2022-08-05 00:16:07.500,192
6,0.0,2022-08-05 00:16:07.467,192
6,4339.0,2022-08-05 00:16:07.313,192
6,4338.0,2022-08-05 00:16:07.123,192
6,4337.0,2022-08-05 00:16:06.937,192
6,4336.0,2022-08-05 00:16:06.750,192
6,4335.0,2022-08-05 00:16:06.567,192
6,4334.0,2022-08-05 00:16:06.380,192
6,4333.0,2022-08-05 00:16:06.193,192
6,4332.0,2022-08-05 00:16:06.010,192
6,4331.0,2022-08-05 00:16:05.823,192
6,4330.0,2022-08-05 00:16:05.637,192
6,4329.0,2022-08-05 00:16:05.450,192
6,4328.0,2022-08-05 00:16:05.263,192
6,4327.0,2022-08-05 00:16:05.077,192
6,4326.0,2022-08-05 00:16:04.890,192
6,4325.0,2022-08-05 00:16:04.700,192
6,4324.0,2022-08-05 00:16:04.513,192
6,4323.0,2022-08-05 00:16:04.327,192
6,4322.0,2022-08-05 00:16:04.143,192
6,4321.0,2022-08-05 00:16:03.960,192
6,4320.0,2022-08-05 00:16:03.773,192
6,4319.0,2022-08-05 00:16:03.590,192
6,4318.0,2022-08-05 00:16:03.403,192
6,4317.0,2022-08-05 00:16:03.220,192
6,4316.0,2022-08-05 00:16:03.030,192
6,4315.0,2022-08-05 00:16:02.843,192
6,4314.0,2022-08-05 00:16:02.653,192
6,4313.0,2022-08-05 00:16:02.470,192
6,4312.0,2022-08-05 00:16:02.287,192
6,4311.0,2022-08-05 00:16:02.103,192
6,4310.0,2022-08-05 00:16:01.917,192
6,4309.0,2022-08-05 00:16:01.727,192
6,4308.0,2022-08-05 00:16:01.543,192
6,4307.0,2022-08-05 00:16:01.360,192
6,4306.0,2022-08-05 00:16:01.173,192
6,4305.0,2022-08-05 00:16:00.987,192
6,4304.0,2022-08-05 00:16:00.820,192
6,4303.0,2022-08-05 00:16:00.673,192
6,4302.0,2022-08-05 00:16:00.487,192
6,4301.0,2022-08-05 00:16:00.300,192
6,4300.0,2022-08-05 00:16:00.113,192
6,4299.0,2022-08-05 00:15:59.923,192
6,4298.0,2022-08-05 00:15:59.737,192
6,4297.0,2022-08-05 00:15:59.553,192
6,4296.0,2022-08-05 00:15:59.367,192
6,4295.0,2022-08-05 00:15:59.177,192
6,4294.0,2022-08-05 00:15:58.983,192
6,4293.0,2022-08-05 00:15:58.850,192
6,4292.0,2022-08-05 00:15:58.667,192
6,4291.0,2022-08-05 00:15:58.477,192
6,4290.0,2022-08-05 00:15:58.290,192
6,4289.0,2022-08-05 00:15:58.103,192
6,4288.0,2022-08-05 00:15:57.923,192
6,4287.0,2022-08-05 00:15:57.763,192
6,4286.0,2022-08-05 00:15:57.580,192
6,4285.0,2022-08-05 00:15:57.393,192
6,4284.0,2022-08-05 00:15:57.207,192
6,4283.0,2022-08-05 00:15:57.020,192
6,4282.0,2022-08-05 00:15:56.833,192
6,4281.0,2022-08-05 00:15:56.647,192
6,4280.0,2022-08-05 00:15:56.460,192
6,4279.0,2022-08-05 00:15:56.273,192
6,4278.0,2022-08-05 00:15:56.087,192
6,4277.0,2022-08-05 00:15:55.900,192
6,4276.0,2022-08-05 00:15:55.713,192
6,4275.0,2022-08-05 00:15:55.527,192
6,4274.0,2022-08-05 00:15:55.340,192
6,4273.0,2022-08-05 00:15:55.153,192
6,4272.0,2022-08-05 00:15:54.970,192
6,4271.0,2022-08-05 00:15:54.780,192
6,4270.0,2022-08-05 00:15:54.597,192
6,4269.0,2022-08-05 00:15:54.410,192
6,4268.0,2022-08-05 00:15:54.223,192
6,4267.0,2022-08-05 00:15:54.040,192
6,4266.0,2022-08-05 00:15:53.853,192
6,4265.0,2022-08-05 00:15:53.670,192
6,4264.0,2022-08-05 00:15:53.540,192
6,4263.0,2022-08-05 00:15:53.393,192
6,4262.0,2022-08-05 00:15:53.203,192
6,4261.0,2022-08-05 00:15:53.017,192
6,4260.0,2022-08-05 00:15:52.830,192
6,4259.0,2022-08-05 00:15:52.643,192
6,4258.0,2022-08-05 00:15:52.457,192
6,4257.0,2022-08-05 00:15:52.270,192
6,4256.0,2022-08-05 00:15:52.080,192
6,4255.0,2022-08-05 00:15:51.893,192
6,4254.0,2022-08-05 00:15:51.707,192
6,4253.0,2022-08-05 00:15:51.520,192
6,4252.0,2022-08-05 00:15:51.337,192
6,4251.0,2022-08-05 00:15:51.150,192
6,4250.0,2022-08-05 00:15:50.947,192
6,4249.0,2022-08-05 00:15:50.760,192
6,4248.0,2022-08-05 00:15:50.570,192
6,4247.0,2022-08-05 00:15:50.383,192
6,4246.0,2022-08-05 00:15:50.197,192
6,4245.0,2022-08-05 00:15:50.007,192
6,4244.0,2022-08-05 00:15:49.823,192
6,4243.0,2022-08-05 00:15:49.637,192
6,4242.0,2022-08-05 00:15:49.447,192
6,4241.0,2022-08-05 00:15:49.263,192
6,4240.0,2022-08-05 00:15:49.077,192
6,4239.0,2022-08-05 00:15:48.890,192
6,4238.0,2022-08-05 00:15:48.700,192
6,4237.0,2022-08-05 00:15:48.513,192
6,4236.0,2022-08-05 00:15:48.327,192
6,4235.0,2022-08-05 00:15:48.140,192
6,4234.0,2022-08-05 00:15:47.957,192
6,4233.0,2022-08-05 00:15:47.770,192
6,4232.0,2022-08-05 00:15:47.583,192
6,4231.0,2022-08-05 00:15:47.397,192
6,4230.0,2022-08-05 00:15:47.213,192
6,4229.0,2022-08-05 00:15:47.027,192
6,4228.0,2022-08-05 00:15:46.840,192
6,4227.0,2022-08-05 00:15:46.657,192
6,4226.0,2022-08-05 00:15:46.470,192
6,4225.0,2022-08-05 00:15:46.287,192
6,4224.0,2022-08-05 00:15:46.103,192
6,4223.0,2022-08-05 00:15:45.917,192
6,4222.0,2022-08-05 00:15:45.733,192
6,4221.0,2022-08-05 00:15:45.550,192
6,4220.0,2022-08-05 00:15:45.367,192
6,4219.0,2022-08-05 00:15:45.183,192
6,4218.0,2022-08-05 00:15:44.997,192
6,4217.0,2022-08-05 00:15:44.813,192
6,4216.0,2022-08-05 00:15:44.627,192
6,4215.0,2022-08-05 00:15:44.443,192
6,4214.0,2022-08-05 00:15:44.260,192
6,4213.0,2022-08-05 00:15:44.073,192
6,4212.0,2022-08-05 00:15:43.890,192
6,4211.0,2022-08-05 00:15:43.707,192
6,4210.0,2022-08-05 00:15:43.520,192
6,4209.0,2022-08-05 00:15:43.337,192
6,4208.0,2022-08-05 00:15:43.150,192
6,4207.0,2022-08-05 00:15:42.963,192
6,4206.0,2022-08-05 00:15:42.777,192
6,4205.0,2022-08-05 00:15:42.580,192
6,4204.0,2022-08-05 00:15:42.393,192
6,4203.0,2022-08-05 00:15:42.207,192
6,4202.0,2022-08-05 00:15:42.023,192
6,4201.0,2022-08-05 00:15:41.837,192
6,4200.0,2022-08-05 00:15:41.653,192
6,4199.0,2022-08-05 00:15:41.467,192
6,4198.0,2022-08-05 00:15:41.283,192
6,4197.0,2022-08-05 00:15:41.097,192
6,4196.0,2022-08-05 00:15:40.910,192
6,4195.0,2022-08-05 00:15:40.727,192
6,4194.0,2022-08-05 00:15:40.540,192
6,4193.0,2022-08-05 00:15:40.353,192
6,4192.0,2022-08-05 00:15:40.170,192
6,4191.0,2022-08-05 00:15:39.987,192
6,4190.0,2022-08-05 00:15:39.800,192
6,4189.0,2022-08-05 00:15:39.613,192
6,4188.0,2022-08-05 00:15:39.430,192
6,4187.0,2022-08-05 00:15:39.247,192
6,4186.0,2022-08-05 00:15:39.063,192
6,4185.0,2022-08-05 00:15:38.877,192
6,4184.0,2022-08-05 00:15:38.693,192
6,4183.0,2022-08-05 00:15:38.507,192
6,4182.0,2022-08-05 00:15:38.323,192
6,4181.0,2022-08-05 00:15:38.137,192
6,4180.0,2022-08-05 00:15:37.953,192
6,4179.0,2022-08-05 00:15:37.767,192
6,4178.0,2022-08-05 00:15:37.587,192
6,4177.0,2022-08-05 00:15:37.400,192
6,4176.0,2022-08-05 00:15:37.217,192
6,4175.0,2022-08-05 00:15:37.033,192
6,4174.0,2022-08-05 00:15:36.847,192
6,4173.0,2022-08-05 00:15:36.660,192
6,4172.0,2022-08-05 00:15:36.477,192
6,4171.0,2022-08-05 00:15:36.293,192
6,4170.0,2022-08-05 00:15:36.107,192
6,4169.0,2022-08-05 00:15:35.920,192
6,4168.0,2022-08-05 00:15:35.733,192
6,4167.0,2022-08-05 00:15:35.547,192
6,4166.0,2022-08-05 00:15:35.363,192
6,4165.0,2022-08-05 00:15:35.177,192
6,4164.0,2022-08-05 00:15:34.993,192
6,4163.0,2022-08-05 00:15:34.807,192
6,4162.0,2022-08-05 00:15:34.623,192
6,4161.0,2022-08-05 00:15:34.437,192
6,4160.0,2022-08-05 00:15:34.253,192
6,4159.0,2022-08-05 00:15:34.070,192
6,4158.0,2022-08-05 00:15:33.887,192
6,4157.0,2022-08-05 00:15:33.700,192
6,4156.0,2022-08-05 00:15:33.517,192
6,4155.0,2022-08-05 00:15:33.333,192
6,4154.0,2022-08-05 00:15:33.147,192
6,4153.0,2022-08-05 00:15:32.963,192
6,4152.0,2022-08-05 00:15:32.777,192
6,4151.0,2022-08-05 00:15:32.593,192
6,4150.0,2022-08-05 00:15:32.407,192
6,4149.0,2022-08-05 00:15:32.223,192
6,4148.0,2022-08-05 00:15:32.037,192
6,4147.0,2022-08-05 00:15:31.853,192
6,4146.0,2022-08-05 00:15:31.670,192
6,4145.0,2022-08-05 00:15:31.487,192
6,4144.0,2022-08-05 00:15:31.300,192
6,4143.0,2022-08-05 00:15:31.113,192
6,4142.0,2022-08-05 00:15:30.927,192
6,4141.0,2022-08-05 00:15:30.743,192
6,4140.0,2022-08-05 00:15:30.560,192
6,4139.0,2022-08-05 00:15:30.373,192
6,4138.0,2022-08-05 00:15:30.187,192
6,4137.0,2022-08-05 00:15:30.000,192
6,4136.0,2022-08-05 00:15:29.813,192
6,4135.0,2022-08-05 00:15:29.630,192
6,4134.0,2022-08-05 00:15:29.443,192
6,4133.0,2022-08-05 00:15:29.260,192
6,4132.0,2022-08-05 00:15:29.073,192
6,4131.0,2022-08-05 00:15:28.887,192
6,4130.0,2022-08-05 00:15:28.700,192
6,4129.0,2022-08-05 00:15:28.517,192
6,4128.0,2022-08-05 00:15:28.330,192
6,4127.0,2022-08-05 00:15:28.147,192
6,4126.0,2022-08-05 00:15:27.960,192
6,4125.0,2022-08-05 00:15:27.777,192
6,4124.0,2022-08-05 00:15:27.590,192
6,4123.0,2022-08-05 00:15:27.403,192
6,4122.0,2022-08-05 00:15:27.217,192
6,4121.0,2022-08-05 00:15:27.033,192
6,4120.0,2022-08-05 00:15:26.850,192
6,4119.0,2022-08-05 00:15:26.667,192
6,4118.0,2022-08-05 00:15:26.480,192
6,4117.0,2022-08-05 00:15:26.297,192
6,4116.0,2022-08-05 00:15:26.110,192
6,4115.0,2022-08-05 00:15:25.930,192
6,4114.0,2022-08-05 00:15:25.743,192
6,4113.0,2022-08-05 00:15:25.557,192
6,4112.0,2022-08-05 00:15:25.373,192
6,4111.0,2022-08-05 00:15:25.187,192
6,4110.0,2022-08-05 00:15:25.003,192
6,4109.0,2022-08-05 00:15:24.820,192
6,4108.0,2022-08-05 00:15:24.633,192
6,4107.0,2022-08-05 00:15:24.447,192
6,4106.0,2022-08-05 00:15:24.260,192
6,4105.0,2022-08-05 00:15:24.077,192
6,4104.0,2022-08-05 00:15:23.890,192
6,4103.0,2022-08-05 00:15:23.707,192
6,4102.0,2022-08-05 00:15:23.520,192
6,4101.0,2022-08-05 00:15:23.337,192
6,4100.0,2022-08-05 00:15:23.150,192
6,4099.0,2022-08-05 00:15:22.963,192
6,4098.0,2022-08-05 00:15:22.777,192
6,4097.0,2022-08-05 00:15:22.593,192
6,4096.0,2022-08-05 00:15:22.410,192
6,4095.0,2022-08-05 00:15:22.227,192
6,4094.0,2022-08-05 00:15:22.040,192
6,4093.0,2022-08-05 00:15:21.853,192
6,4092.0,2022-08-05 00:15:21.667,192
6,4091.0,2022-08-05 00:15:21.483,192
6,4090.0,2022-08-05 00:15:21.297,192
6,4089.0,2022-08-05 00:15:21.110,192
6,4088.0,2022-08-05 00:15:20.927,192
6,4087.0,2022-08-05 00:15:20.740,192
6,4086.0,2022-08-05 00:15:20.553,192
6,4085.0,2022-08-05 00:15:20.370,192
6,4084.0,2022-08-05 00:15:20.183,192
6,4083.0,2022-08-05 00:15:20.000,192
6,4082.0,2022-08-05 00:15:19.813,192
6,4081.0,2022-08-05 00:15:19.630,192
6,4080.0,2022-08-05 00:15:19.443,192
6,4079.0,2022-08-05 00:15:19.260,192
6,4078.0,2022-08-05 00:15:19.073,192
6,4077.0,2022-08-05 00:15:18.887,192
6,4076.0,2022-08-05 00:15:18.700,192
6,4075.0,2022-08-05 00:15:18.517,192
6,4074.0,2022-08-05 00:15:18.333,192
6,4073.0,2022-08-05 00:15:18.150,192
6,4072.0,2022-08-05 00:15:17.963,192
6,4071.0,2022-08-05 00:15:17.780,192
6,4070.0,2022-08-05 00:15:17.593,192
6,4069.0,2022-08-05 00:15:17.410,192
6,4068.0,2022-08-05 00:15:17.227,192
6,4067.0,2022-08-05 00:15:17.040,192
6,4066.0,2022-08-05 00:15:16.857,192
6,4065.0,2022-08-05 00:15:16.670,192
6,4064.0,2022-08-05 00:15:16.487,192
6,4063.0,2022-08-05 00:15:16.303,192
6,4062.0,2022-08-05 00:15:16.120,192
6,4061.0,2022-08-05 00:15:15.937,192
6,4060.0,2022-08-05 00:15:15.750,192
6,4059.0,2022-08-05 00:15:15.563,192
6,4058.0,2022-08-05 00:15:15.377,192
6,4057.0,2022-08-05 00:15:15.193,192
6,4056.0,2022-08-05 00:15:15.007,192
6,4055.0,2022-08-05 00:15:14.823,192
6,4054.0,2022-08-05 00:15:14.637,192
6,4053.0,2022-08-05 00:15:14.453,192
6,4052.0,2022-08-05 00:15:14.270,192
6,4051.0,2022-08-05 00:15:14.083,192
6,4050.0,2022-08-05 00:15:13.900,192
6,4049.0,2022-08-05 00:15:13.713,192
6,4048.0,2022-08-05 00:15:13.530,192
6,4047.0,2022-08-05 00:15:13.343,192
6,4046.0,2022-08-05 00:15:13.157,192
6,4045.0,2022-08-05 00:15:12.973,192
6,4044.0,2022-08-05 00:15:12.787,192
6,4043.0,2022-08-05 00:15:12.600,192
6,4042.0,2022-08-05 00:15:12.417,192
6,4041.0,2022-08-05 00:15:12.233,192
6,4040.0,2022-08-05 00:15:12.047,192
6,4039.0,2022-08-05 00:15:11.863,192
6,4038.0,2022-08-05 00:15:11.677,192
6,4037.0,2022-08-05 00:15:11.493,192
6,4036.0,2022-08-05 00:15:11.310,192
6,4035.0,2022-08-05 00:15:11.123,192
6,4034.0,2022-08-05 00:15:10.940,192
6,4033.0,2022-08-05 00:15:10.757,192
6,4032.0,2022-08-05 00:15:10.570,192
6,4031.0,2022-08-05 00:15:10.387,192
6,4030.0,2022-08-05 00:15:10.200,192
6,4029.0,2022-08-05 00:15:10.017,192
6,4028.0,2022-08-05 00:15:09.830,192
6,4027.0,2022-08-05 00:15:09.643,192
6,4026.0,2022-08-05 00:15:09.460,192
6,4025.0,2022-08-05 00:15:09.273,192
6,4024.0,2022-08-05 00:15:09.087,192
6,4023.0,2022-08-05 00:15:08.903,192
6,4022.0,2022-08-05 00:15:08.717,192
6,4021.0,2022-08-05 00:15:08.533,192
6,4020.0,2022-08-05 00:15:08.347,192
6,4019.0,2022-08-05 00:15:08.160,192
6,4018.0,2022-08-05 00:15:07.977,192
6,4017.0,2022-08-05 00:15:07.790,192
6,4016.0,2022-08-05 00:15:07.603,192
6,4015.0,2022-08-05 00:15:07.420,192
6,4014.0,2022-08-05 00:15:07.233,192
6,4013.0,2022-08-05 00:15:07.050,192
6,4012.0,2022-08-05 00:15:06.867,192
6,4011.0,2022-08-05 00:15:06.680,192
6,4010.0,2022-08-05 00:15:06.497,192
6,4009.0,2022-08-05 00:15:06.310,192
6,4008.0,2022-08-05 00:15:06.127,192
6,4007.0,2022-08-05 00:15:05.943,192
6,4006.0,2022-08-05 00:15:05.757,192
6,4005.0,2022-08-05 00:15:05.570,192
6,4004.0,2022-08-05 00:15:05.387,192
6,4003.0,2022-08-05 00:15:05.203,192
6,4002.0,2022-08-05 00:15:05.017,192
6,4001.0,2022-08-05 00:15:04.833,192
6,4000.0,2022-08-05 00:15:04.647,192
6,3999.0,2022-08-05 00:15:04.467,192
6,3998.0,2022-08-05 00:15:04.280,192
6,3997.0,2022-08-05 00:15:04.097,192
6,3996.0,2022-08-05 00:15:03.913,192
6,3995.0,2022-08-05 00:15:03.727,192
6,3994.0,2022-08-05 00:15:03.547,192
6,3993.0,2022-08-05 00:15:03.360,192
6,3992.0,2022-08-05 00:15:03.173,192
6,3991.0,2022-08-05 00:15:02.990,192
6,3990.0,2022-08-05 00:15:02.803,192
6,3989.0,2022-08-05 00:15:02.620,192
6,3988.0,2022-08-05 00:15:02.433,192
6,3987.0,2022-08-05 00:15:02.247,192
6,3986.0,2022-08-05 00:15:02.063,192
6,3985.0,2022-08-05 00:15:01.880,192
6,3984.0,2022-08-05 00:15:01.697,192
6,3983.0,2022-08-05 00:15:01.510,192
6,3982.0,2022-08-05 00:15:01.327,192
6,3981.0,2022-08-05 00:15:01.140,192
6,3980.0,2022-08-05 00:15:00.957,192
6,3979.0,2022-08-05 00:15:00.770,192
6,3978.0,2022-08-05 00:15:00.587,192
6,3977.0,2022-08-05 00:15:00.400,192
6,3976.0,2022-08-05 00:15:00.213,192
6,3975.0,2022-08-05 00:15:00.030,192
6,3974.0,2022-08-05 00:14:59.843,192
6,3973.0,2022-08-05 00:14:59.657,192
6,3972.0,2022-08-05 00:14:59.473,192
6,3971.0,2022-08-05 00:14:59.290,192
6,3970.0,2022-08-05 00:14:59.103,192
6,3969.0,2022-08-05 00:14:58.920,192
6,3968.0,2022-08-05 00:14:58.733,192
6,3967.0,2022-08-05 00:14:58.550,192
6,3966.0,2022-08-05 00:14:58.363,192
6,3965.0,2022-08-05 00:14:58.177,192
6,3964.0,2022-08-05 00:14:57.990,192
6,3963.0,2022-08-05 00:14:57.807,192
6,3962.0,2022-08-05 00:14:57.623,192
6,3961.0,2022-08-05 00:14:57.437,192
6,3960.0,2022-08-05 00:14:57.253,192
6,3959.0,2022-08-05 00:14:57.067,192
6,3958.0,2022-08-05 00:14:56.883,192
6,3957.0,2022-08-05 00:14:56.700,192
6,3956.0,2022-08-05 00:14:56.513,192
6,3955.0,2022-08-05 00:14:56.330,192
6,3954.0,2022-08-05 00:14:56.147,192
6,3953.0,2022-08-05 00:14:55.960,192
6,3952.0,2022-08-05 00:14:55.777,192
6,3951.0,2022-08-05 00:14:55.590,192
6,3950.0,2022-08-05 00:14:55.407,192
6,3949.0,2022-08-05 00:14:55.223,192
6,3948.0,2022-08-05 00:14:55.040,192
6,3947.0,2022-08-05 00:14:54.853,192
6,3946.0,2022-08-05 00:14:54.670,192
6,3945.0,2022-08-05 00:14:54.487,192
6,3944.0,2022-08-05 00:14:54.300,192
6,3943.0,2022-08-05 00:14:54.113,192
6,3942.0,2022-08-05 00:14:53.927,192
6,3941.0,2022-08-05 00:14:53.743,192
6,3940.0,2022-08-05 00:14:53.557,192
6,3939.0,2022-08-05 00:14:53.373,192
6,3938.0,2022-08-05 00:14:53.190,192
6,3937.0,2022-08-05 00:14:53.003,192
6,3936.0,2022-08-05 00:14:52.820,192
6,3935.0,2022-08-05 00:14:52.633,192
6,3934.0,2022-08-05 00:14:52.450,192
6,3933.0,2022-08-05 00:14:52.260,192
6,3932.0,2022-08-05 00:14:52.073,192
6,3931.0,2022-08-05 00:14:51.887,192
6,3930.0,2022-08-05 00:14:51.703,192
6,3929.0,2022-08-05 00:14:51.517,192
6,3928.0,2022-08-05 00:14:51.330,192
6,3927.0,2022-08-05 00:14:51.143,192
6,3926.0,2022-08-05 00:14:50.960,192
6,3925.0,2022-08-05 00:14:50.777,192
6,3924.0,2022-08-05 00:14:50.587,192
6,3923.0,2022-08-05 00:14:50.403,192
6,3922.0,2022-08-05 00:14:50.213,192
6,3921.0,2022-08-05 00:14:50.027,192
6,3920.0,2022-08-05 00:14:49.840,192
6,3919.0,2022-08-05 00:14:49.657,192
6,3918.0,2022-08-05 00:14:49.473,192
6,3917.0,2022-08-05 00:14:49.287,192
6,3916.0,2022-08-05 00:14:49.100,192
6,3915.0,2022-08-05 00:14:48.913,192
6,3914.0,2022-08-05 00:14:48.730,192
6,3913.0,2022-08-05 00:14:48.547,192
6,3912.0,2022-08-05 00:14:48.363,192
6,3911.0,2022-08-05 00:14:48.177,192
6,3910.0,2022-08-05 00:14:47.993,192
6,3909.0,2022-08-05 00:14:47.807,192
6,3908.0,2022-08-05 00:14:47.623,192
6,3907.0,2022-08-05 00:14:47.437,192
6,3906.0,2022-08-05 00:14:47.250,192
6,3905.0,2022-08-05 00:14:47.063,192
6,3904.0,2022-08-05 00:14:46.880,192
6,3903.0,2022-08-05 00:14:46.693,192
6,3902.0,2022-08-05 00:14:46.510,192
6,3901.0,2022-08-05 00:14:46.327,192
6,3900.0,2022-08-05 00:14:46.143,192
6,3899.0,2022-08-05 00:14:45.960,192
6,3898.0,2022-08-05 00:14:45.773,192
6,3897.0,2022-08-05 00:14:45.583,192
6,3896.0,2022-08-05 00:14:45.400,192
6,3895.0,2022-08-05 00:14:45.217,192
6,3894.0,2022-08-05 00:14:45.030,192
6,3893.0,2022-08-05 00:14:44.843,192
6,3892.0,2022-08-05 00:14:44.660,192
6,3891.0,2022-08-05 00:14:44.477,192
6,3890.0,2022-08-05 00:14:44.290,192
6,3889.0,2022-08-05 00:14:44.107,192
6,3888.0,2022-08-05 00:14:43.920,192
6,3887.0,2022-08-05 00:14:43.733,192
6,3886.0,2022-08-05 00:14:43.550,192
6,3885.0,2022-08-05 00:14:43.363,192
6,3884.0,2022-08-05 00:14:43.180,192
6,3883.0,2022-08-05 00:14:42.993,192
6,3882.0,2022-08-05 00:14:42.810,192
6,3881.0,2022-08-05 00:14:42.623,192
6,3880.0,2022-08-05 00:14:42.437,192
6,3879.0,2022-08-05 00:14:42.257,192
6,3878.0,2022-08-05 00:14:42.067,192
6,3877.0,2022-08-05 00:14:41.880,192
6,3876.0,2022-08-05 00:14:41.697,192
6,3875.0,2022-08-05 00:14:41.513,192
6,3874.0,2022-08-05 00:14:41.330,192
6,3873.0,2022-08-05 00:14:41.143,192
6,3872.0,2022-08-05 00:14:40.960,192
6,3871.0,2022-08-05 00:14:40.773,192
6,3870.0,2022-08-05 00:14:40.590,192
6,3869.0,2022-08-05 00:14:40.407,192
6,3868.0,2022-08-05 00:14:40.220,192
6,3867.0,2022-08-05 00:14:40.037,192
6,3866.0,2022-08-05 00:14:39.850,192
6,3865.0,2022-08-05 00:14:39.667,192
6,3864.0,2022-08-05 00:14:39.483,192
6,3863.0,2022-08-05 00:14:39.297,192
6,3862.0,2022-08-05 00:14:39.117,192
6,3861.0,2022-08-05 00:14:38.930,192
6,3860.0,2022-08-05 00:14:38.747,192
6,3859.0,2022-08-05 00:14:38.563,192
6,3858.0,2022-08-05 00:14:38.377,192
6,3857.0,2022-08-05 00:14:38.193,192
6,3856.0,2022-08-05 00:14:38.003,192
6,3855.0,2022-08-05 00:14:37.820,192
6,3854.0,2022-08-05 00:14:37.637,192
6,3853.0,2022-08-05 00:14:37.453,192
6,3852.0,2022-08-05 00:14:37.267,192
6,3851.0,2022-08-05 00:14:37.083,192
6,3850.0,2022-08-05 00:14:36.900,192
6,3849.0,2022-08-05 00:14:36.710,192
6,3848.0,2022-08-05 00:14:36.527,192
6,3847.0,2022-08-05 00:14:36.343,192
6,3846.0,2022-08-05 00:14:36.157,192
6,3845.0,2022-08-05 00:14:35.973,192
6,3844.0,2022-08-05 00:14:35.787,192
6,3843.0,2022-08-05 00:14:35.603,192
6,3842.0,2022-08-05 00:14:35.420,192
6,3841.0,2022-08-05 00:14:35.233,192
6,3840.0,2022-08-05 00:14:35.050,192
6,3839.0,2022-08-05 00:14:34.867,192
6,3838.0,2022-08-05 00:14:34.680,192
6,3837.0,2022-08-05 00:14:34.493,192
6,3836.0,2022-08-05 00:14:34.310,192
6,3835.0,2022-08-05 00:14:34.127,192
6,3834.0,2022-08-05 00:14:33.940,192
6,3833.0,2022-08-05 00:14:33.757,192
6,3832.0,2022-08-05 00:14:33.573,192
6,3831.0,2022-08-05 00:14:33.387,192
6,3830.0,2022-08-05 00:14:33.203,192
6,3829.0,2022-08-05 00:14:33.020,192
6,3828.0,2022-08-05 00:14:32.833,192
6,3827.0,2022-08-05 00:14:32.650,192
6,3826.0,2022-08-05 00:14:32.463,192
6,3825.0,2022-08-05 00:14:32.280,192
6,3824.0,2022-08-05 00:14:32.093,192
6,3823.0,2022-08-05 00:14:31.907,192
6,3822.0,2022-08-05 00:14:31.720,192
6,3821.0,2022-08-05 00:14:31.537,192
6,3820.0,2022-08-05 00:14:31.350,192
6,3819.0,2022-08-05 00:14:31.163,192
6,3818.0,2022-08-05 00:14:30.980,192
6,3817.0,2022-08-05 00:14:30.793,192
6,3816.0,2022-08-05 00:14:30.610,192
6,3815.0,2022-08-05 00:14:30.423,192
6,3814.0,2022-08-05 00:14:30.237,192
6,3813.0,2022-08-05 00:14:30.050,192
6,3812.0,2022-08-05 00:14:29.867,192
6,3811.0,2022-08-05 00:14:29.683,192
6,3810.0,2022-08-05 00:14:29.497,192
6,3809.0,2022-08-05 00:14:29.313,192
6,3808.0,2022-08-05 00:14:29.127,192
6,3807.0,2022-08-05 00:14:28.943,192
6,3806.0,2022-08-05 00:14:28.757,192
6,3805.0,2022-08-05 00:14:28.573,192
6,3804.0,2022-08-05 00:14:28.387,192
6,3803.0,2022-08-05 00:14:28.203,192
6,3802.0,2022-08-05 00:14:28.017,192
6,3801.0,2022-08-05 00:14:27.833,192
6,3800.0,2022-08-05 00:14:27.647,192
6,3799.0,2022-08-05 00:14:27.463,192
6,3798.0,2022-08-05 00:14:27.280,192
6,3797.0,2022-08-05 00:14:27.097,192
6,3796.0,2022-08-05 00:14:26.910,192
6,3795.0,2022-08-05 00:14:26.723,192
6,3794.0,2022-08-05 00:14:26.540,192
6,3793.0,2022-08-05 00:14:26.353,192
6,3792.0,2022-08-05 00:14:26.170,192
6,3791.0,2022-08-05 00:14:25.987,192
6,3790.0,2022-08-05 00:14:25.800,192
6,3789.0,2022-08-05 00:14:25.613,192
6,3788.0,2022-08-05 00:14:25.430,192
6,3787.0,2022-08-05 00:14:25.243,192
6,3786.0,2022-08-05 00:14:25.057,192
6,3785.0,2022-08-05 00:14:24.870,192
6,3784.0,2022-08-05 00:14:24.683,192
6,3783.0,2022-08-05 00:14:24.500,192
6,3782.0,2022-08-05 00:14:24.313,192
6,3781.0,2022-08-05 00:14:24.130,192
6,3780.0,2022-08-05 00:14:23.947,192
6,3779.0,2022-08-05 00:14:23.757,192
6,3778.0,2022-08-05 00:14:23.573,192
6,3777.0,2022-08-05 00:14:23.387,192
6,3776.0,2022-08-05 00:14:23.203,192
6,3775.0,2022-08-05 00:14:23.020,192
6,3774.0,2022-08-05 00:14:22.837,192
6,3773.0,2022-08-05 00:14:22.650,192
6,3772.0,2022-08-05 00:14:22.467,192
6,3771.0,2022-08-05 00:14:22.283,192
6,3770.0,2022-08-05 00:14:22.097,192
6,3769.0,2022-08-05 00:14:21.913,192
6,3768.0,2022-08-05 00:14:21.727,192
6,3767.0,2022-08-05 00:14:21.543,192
6,3766.0,2022-08-05 00:14:21.357,192
6,3765.0,2022-08-05 00:14:21.173,192
6,3764.0,2022-08-05 00:14:20.987,192
6,3763.0,2022-08-05 00:14:20.803,192
6,3762.0,2022-08-05 00:14:20.617,192
6,3761.0,2022-08-05 00:14:20.433,192
6,3760.0,2022-08-05 00:14:20.250,192
6,3759.0,2022-08-05 00:14:20.063,192
6,3758.0,2022-08-05 00:14:19.877,192
6,3757.0,2022-08-05 00:14:19.693,192
6,3756.0,2022-08-05 00:14:19.507,192
6,3755.0,2022-08-05 00:14:19.320,192
6,3754.0,2022-08-05 00:14:19.137,192
6,3753.0,2022-08-05 00:14:18.950,192
6,3752.0,2022-08-05 00:14:18.763,192
6,3751.0,2022-08-05 00:14:18.580,192
6,3750.0,2022-08-05 00:14:18.393,192
6,3749.0,2022-08-05 00:14:18.207,192
6,3748.0,2022-08-05 00:14:18.020,192
6,3747.0,2022-08-05 00:14:17.837,192
6,3746.0,2022-08-05 00:14:17.653,192
6,3745.0,2022-08-05 00:14:17.467,192
6,3744.0,2022-08-05 00:14:17.283,192
6,3743.0,2022-08-05 00:14:17.097,192
6,3742.0,2022-08-05 00:14:16.913,192
6,3741.0,2022-08-05 00:14:16.730,192
6,3740.0,2022-08-05 00:14:16.543,192
6,3739.0,2022-08-05 00:14:16.357,192
6,3738.0,2022-08-05 00:14:16.173,192
6,3737.0,2022-08-05 00:14:15.987,192
6,3736.0,2022-08-05 00:14:15.803,192
6,3735.0,2022-08-05 00:14:15.617,192
6,3734.0,2022-08-05 00:14:15.433,192
6,3733.0,2022-08-05 00:14:15.250,192
6,3732.0,2022-08-05 00:14:15.060,192
6,3731.0,2022-08-05 00:14:14.877,192
6,3730.0,2022-08-05 00:14:14.690,192
6,3729.0,2022-08-05 00:14:14.507,192
6,3728.0,2022-08-05 00:14:14.320,192
6,3727.0,2022-08-05 00:14:14.137,192
6,3726.0,2022-08-05 00:14:13.950,192
6,3725.0,2022-08-05 00:14:13.763,192
6,3724.0,2022-08-05 00:14:13.577,192
6,3723.0,2022-08-05 00:14:13.393,192
6,3722.0,2022-08-05 00:14:13.210,192
6,3721.0,2022-08-05 00:14:13.023,192
6,3720.0,2022-08-05 00:14:12.840,192
6,3719.0,2022-08-05 00:14:12.657,192
6,3718.0,2022-08-05 00:14:12.470,192
6,3717.0,2022-08-05 00:14:12.287,192
6,3716.0,2022-08-05 00:14:12.103,192
6,3715.0,2022-08-05 00:14:11.920,192
6,3714.0,2022-08-05 00:14:11.733,192
6,3713.0,2022-08-05 00:14:11.550,192
6,3712.0,2022-08-05 00:14:11.363,192
6,3711.0,2022-08-05 00:14:11.180,192
6,3710.0,2022-08-05 00:14:10.993,192
6,3709.0,2022-08-05 00:14:10.810,192
6,3708.0,2022-08-05 00:14:10.627,192
6,3707.0,2022-08-05 00:14:10.440,192
6,3706.0,2022-08-05 00:14:10.257,192
6,3705.0,2022-08-05 00:14:10.073,192
6,3704.0,2022-08-05 00:14:09.887,192
6,3703.0,2022-08-05 00:14:09.703,192
6,3702.0,2022-08-05 00:14:09.520,192
6,3701.0,2022-08-05 00:14:09.337,192
6,3700.0,2022-08-05 00:14:09.150,192
6,3699.0,2022-08-05 00:14:08.963,192
6,3698.0,2022-08-05 00:14:08.780,192
6,3697.0,2022-08-05 00:14:08.597,192
6,3696.0,2022-08-05 00:14:08.410,192
6,3695.0,2022-08-05 00:14:08.227,192
6,3694.0,2022-08-05 00:14:08.040,192
6,3693.0,2022-08-05 00:14:07.853,192
6,3692.0,2022-08-05 00:14:07.670,192
6,3691.0,2022-08-05 00:14:07.483,192
6,3690.0,2022-08-05 00:14:07.300,192
6,3689.0,2022-08-05 00:14:07.113,192
6,3688.0,2022-08-05 00:14:06.927,192
6,3687.0,2022-08-05 00:14:06.740,192
6,3686.0,2022-08-05 00:14:06.557,192
6,3685.0,2022-08-05 00:14:06.370,192
6,3684.0,2022-08-05 00:14:06.187,192
6,3683.0,2022-08-05 00:14:05.997,192
6,3682.0,2022-08-05 00:14:05.810,192
6,3681.0,2022-08-05 00:14:05.627,192
6,3680.0,2022-08-05 00:14:05.440,192
6,3679.0,2022-08-05 00:14:05.257,192
6,3678.0,2022-08-05 00:14:05.070,192
6,3677.0,2022-08-05 00:14:04.883,192
6,3676.0,2022-08-05 00:14:04.700,192
6,3675.0,2022-08-05 00:14:04.517,192
6,3674.0,2022-08-05 00:14:04.330,192
6,3673.0,2022-08-05 00:14:04.143,192
6,3672.0,2022-08-05 00:14:03.960,192
6,3671.0,2022-08-05 00:14:03.773,192
6,3670.0,2022-08-05 00:14:03.587,192
6,3669.0,2022-08-05 00:14:03.403,192
6,3668.0,2022-08-05 00:14:03.220,192
6,3667.0,2022-08-05 00:14:03.033,192
6,3666.0,2022-08-05 00:14:02.850,192
6,3665.0,2022-08-05 00:14:02.667,192
6,3664.0,2022-08-05 00:14:02.483,192
6,3663.0,2022-08-05 00:14:02.297,192
6,3662.0,2022-08-05 00:14:02.113,192
6,3661.0,2022-08-05 00:14:01.927,192
6,3660.0,2022-08-05 00:14:01.743,192
6,3659.0,2022-08-05 00:14:01.557,192
6,3658.0,2022-08-05 00:14:01.373,192
6,3657.0,2022-08-05 00:14:01.190,192
6,3656.0,2022-08-05 00:14:01.003,192
6,3655.0,2022-08-05 00:14:00.813,192
6,3654.0,2022-08-05 00:14:00.627,192
6,3653.0,2022-08-05 00:14:00.443,192
6,3652.0,2022-08-05 00:14:00.257,192
6,3651.0,2022-08-05 00:14:00.073,192
6,3650.0,2022-08-05 00:13:59.890,192
6,3649.0,2022-08-05 00:13:59.703,192
6,3648.0,2022-08-05 00:13:59.517,192
6,3647.0,2022-08-05 00:13:59.330,192
6,3646.0,2022-08-05 00:13:59.143,192
6,3645.0,2022-08-05 00:13:58.957,192
6,3644.0,2022-08-05 00:13:58.770,192
6,3643.0,2022-08-05 00:13:58.583,192
6,3642.0,2022-08-05 00:13:58.397,192
6,3641.0,2022-08-05 00:13:58.210,192
6,3640.0,2022-08-05 00:13:58.027,192
6,3639.0,2022-08-05 00:13:57.843,192
6,3638.0,2022-08-05 00:13:57.653,192
6,3637.0,2022-08-05 00:13:57.467,192
6,3636.0,2022-08-05 00:13:57.280,192
6,3635.0,2022-08-05 00:13:57.097,192
6,3634.0,2022-08-05 00:13:56.910,192
6,3633.0,2022-08-05 00:13:56.723,192
6,3632.0,2022-08-05 00:13:56.540,192
6,3631.0,2022-08-05 00:13:56.353,192
6,3630.0,2022-08-05 00:13:56.167,192
6,3629.0,2022-08-05 00:13:55.980,192
6,3628.0,2022-08-05 00:13:55.793,192
6,3627.0,2022-08-05 00:13:55.610,192
6,3626.0,2022-08-05 00:13:55.423,192
6,3625.0,2022-08-05 00:13:55.233,192
6,3624.0,2022-08-05 00:13:55.050,192
6,3623.0,2022-08-05 00:13:54.863,192
6,3622.0,2022-08-05 00:13:54.677,192
6,3621.0,2022-08-05 00:13:54.490,192
6,3620.0,2022-08-05 00:13:54.303,192
6,3619.0,2022-08-05 00:13:54.117,192
6,3618.0,2022-08-05 00:13:53.933,192
6,3617.0,2022-08-05 00:13:53.743,192
6,3616.0,2022-08-05 00:13:53.563,192
6,3615.0,2022-08-05 00:13:53.377,192
6,3614.0,2022-08-05 00:13:53.193,192
6,3613.0,2022-08-05 00:13:53.007,192
6,3612.0,2022-08-05 00:13:52.820,192
6,3611.0,2022-08-05 00:13:52.633,192
6,3610.0,2022-08-05 00:13:52.447,192
6,3609.0,2022-08-05 00:13:52.260,192
6,3608.0,2022-08-05 00:13:52.077,192
6,3607.0,2022-08-05 00:13:51.893,192
6,3606.0,2022-08-05 00:13:51.707,192
6,3605.0,2022-08-05 00:13:51.523,192
6,3604.0,2022-08-05 00:13:51.340,192
6,3603.0,2022-08-05 00:13:51.150,192
6,3602.0,2022-08-05 00:13:50.967,192
6,3601.0,2022-08-05 00:13:50.780,192
6,3600.0,2022-08-05 00:13:50.593,192
6,3599.0,2022-08-05 00:13:50.407,192
6,3598.0,2022-08-05 00:13:50.223,192
6,3597.0,2022-08-05 00:13:50.040,192
6,3596.0,2022-08-05 00:13:49.853,192
6,3595.0,2022-08-05 00:13:49.667,192
6,3594.0,2022-08-05 00:13:49.480,192
6,3593.0,2022-08-05 00:13:49.300,192
6,3592.0,2022-08-05 00:13:49.113,192
6,3591.0,2022-08-05 00:13:48.927,192
6,3590.0,2022-08-05 00:13:48.740,192
6,3589.0,2022-08-05 00:13:48.553,192
6,3588.0,2022-08-05 00:13:48.370,192
6,3587.0,2022-08-05 00:13:48.183,192
6,3586.0,2022-08-05 00:13:48.000,192
6,3585.0,2022-08-05 00:13:47.813,192
6,3584.0,2022-08-05 00:13:47.623,192
6,3583.0,2022-08-05 00:13:47.437,192
6,3582.0,2022-08-05 00:13:47.253,192
6,3581.0,2022-08-05 00:13:47.067,192
6,3580.0,2022-08-05 00:13:46.880,192
6,3579.0,2022-08-05 00:13:46.693,192
6,3578.0,2022-08-05 00:13:46.507,192
6,3577.0,2022-08-05 00:13:46.320,192
6,3576.0,2022-08-05 00:13:46.133,192
6,3575.0,2022-08-05 00:13:45.947,192
6,3574.0,2022-08-05 00:13:45.763,192
6,3573.0,2022-08-05 00:13:45.577,192
6,3572.0,2022-08-05 00:13:45.390,192
6,3571.0,2022-08-05 00:13:45.203,192
6,3570.0,2022-08-05 00:13:45.017,192
6,3569.0,2022-08-05 00:13:44.830,192
6,3568.0,2022-08-05 00:13:44.647,192
6,3567.0,2022-08-05 00:13:44.463,192
6,3566.0,2022-08-05 00:13:44.273,192
6,3565.0,2022-08-05 00:13:44.090,192
6,3564.0,2022-08-05 00:13:43.907,192
6,3563.0,2022-08-05 00:13:43.720,192
6,3562.0,2022-08-05 00:13:43.533,192
6,3561.0,2022-08-05 00:13:43.350,192
6,3560.0,2022-08-05 00:13:43.163,192
6,3559.0,2022-08-05 00:13:42.980,192
6,3558.0,2022-08-05 00:13:42.793,192
6,3557.0,2022-08-05 00:13:42.613,192
6,3556.0,2022-08-05 00:13:42.427,192
6,3555.0,2022-08-05 00:13:42.240,192
6,3554.0,2022-08-05 00:13:42.057,192
6,3553.0,2022-08-05 00:13:41.873,192
6,3552.0,2022-08-05 00:13:41.687,192
6,3551.0,2022-08-05 00:13:41.500,192
6,3550.0,2022-08-05 00:13:41.313,192
6,3549.0,2022-08-05 00:13:41.127,192
6,3548.0,2022-08-05 00:13:40.940,192
6,3547.0,2022-08-05 00:13:40.757,192
6,3546.0,2022-08-05 00:13:40.570,192
6,3545.0,2022-08-05 00:13:40.383,192
6,3544.0,2022-08-05 00:13:40.197,192
6,3543.0,2022-08-05 00:13:40.010,192
6,3542.0,2022-08-05 00:13:39.827,192
6,3541.0,2022-08-05 00:13:39.640,192
6,3540.0,2022-08-05 00:13:39.453,192
6,3539.0,2022-08-05 00:13:39.270,192
6,3538.0,2022-08-05 00:13:39.083,192
6,3537.0,2022-08-05 00:13:38.897,192
6,3536.0,2022-08-05 00:13:38.710,192
6,3535.0,2022-08-05 00:13:38.527,192
6,3534.0,2022-08-05 00:13:38.343,192
6,3533.0,2022-08-05 00:13:38.157,192
6,3532.0,2022-08-05 00:13:37.973,192
6,3531.0,2022-08-05 00:13:37.787,192
6,3530.0,2022-08-05 00:13:37.600,192
6,3529.0,2022-08-05 00:13:37.413,192
6,3528.0,2022-08-05 00:13:37.230,192
6,3527.0,2022-08-05 00:13:37.043,192
6,3526.0,2022-08-05 00:13:36.860,192
6,3525.0,2022-08-05 00:13:36.677,192
6,3524.0,2022-08-05 00:13:36.487,192
6,3523.0,2022-08-05 00:13:36.300,192
6,3522.0,2022-08-05 00:13:36.113,192
6,3521.0,2022-08-05 00:13:35.930,192
6,3520.0,2022-08-05 00:13:35.743,192
6,3519.0,2022-08-05 00:13:35.553,192
6,3518.0,2022-08-05 00:13:35.367,192
6,3517.0,2022-08-05 00:13:35.180,192
6,3516.0,2022-08-05 00:13:34.997,192
6,3515.0,2022-08-05 00:13:34.810,192
6,3514.0,2022-08-05 00:13:34.627,192
6,3513.0,2022-08-05 00:13:34.440,192
6,3512.0,2022-08-05 00:13:34.253,192
6,3511.0,2022-08-05 00:13:34.063,192
6,3510.0,2022-08-05 00:13:33.880,192
6,3509.0,2022-08-05 00:13:33.690,192
6,3508.0,2022-08-05 00:13:33.507,192
6,3507.0,2022-08-05 00:13:33.323,192
6,3506.0,2022-08-05 00:13:33.137,192
6,3505.0,2022-08-05 00:13:32.950,192
6,3504.0,2022-08-05 00:13:32.763,192
6,3503.0,2022-08-05 00:13:32.580,192
6,3502.0,2022-08-05 00:13:32.397,192
6,3501.0,2022-08-05 00:13:32.213,192
6,3500.0,2022-08-05 00:13:32.027,192
6,3499.0,2022-08-05 00:13:31.840,192
6,3498.0,2022-08-05 00:13:31.653,192
6,3497.0,2022-08-05 00:13:31.470,192
6,3496.0,2022-08-05 00:13:31.287,192
6,3495.0,2022-08-05 00:13:31.100,192
6,3494.0,2022-08-05 00:13:30.910,192
6,3493.0,2022-08-05 00:13:30.727,192
6,3492.0,2022-08-05 00:13:30.540,192
6,3491.0,2022-08-05 00:13:30.353,192
6,3490.0,2022-08-05 00:13:30.167,192
6,3489.0,2022-08-05 00:13:29.980,192
6,3488.0,2022-08-05 00:13:29.793,192
6,3487.0,2022-08-05 00:13:29.607,192
6,3486.0,2022-08-05 00:13:29.420,192
6,3485.0,2022-08-05 00:13:29.237,192
6,3484.0,2022-08-05 00:13:29.050,192
6,3483.0,2022-08-05 00:13:28.863,192
6,3482.0,2022-08-05 00:13:28.680,192
6,3481.0,2022-08-05 00:13:28.497,192
6,3480.0,2022-08-05 00:13:28.310,192
6,3479.0,2022-08-05 00:13:28.127,192
6,3478.0,2022-08-05 00:13:27.940,192
6,3477.0,2022-08-05 00:13:27.757,192
6,3476.0,2022-08-05 00:13:27.570,192
6,3475.0,2022-08-05 00:13:27.383,192
6,3474.0,2022-08-05 00:13:27.197,192
6,3473.0,2022-08-05 00:13:27.010,192
6,3472.0,2022-08-05 00:13:26.823,192
6,3471.0,2022-08-05 00:13:26.633,192
6,3470.0,2022-08-05 00:13:26.450,192
6,3469.0,2022-08-05 00:13:26.263,192
6,3468.0,2022-08-05 00:13:26.077,192
6,3467.0,2022-08-05 00:13:25.893,192
6,3466.0,2022-08-05 00:13:25.707,192
6,3465.0,2022-08-05 00:13:25.517,192
6,3464.0,2022-08-05 00:13:25.330,192
6,3463.0,2022-08-05 00:13:25.147,192
6,3462.0,2022-08-05 00:13:24.963,192
6,3461.0,2022-08-05 00:13:24.773,192
6,3460.0,2022-08-05 00:13:24.587,192
6,3459.0,2022-08-05 00:13:24.400,192
6,3458.0,2022-08-05 00:13:24.217,192
6,3457.0,2022-08-05 00:13:24.033,192
6,3456.0,2022-08-05 00:13:23.847,192
6,3455.0,2022-08-05 00:13:23.663,192
6,3454.0,2022-08-05 00:13:23.473,192
6,3453.0,2022-08-05 00:13:23.290,192
6,3452.0,2022-08-05 00:13:23.103,192
6,3451.0,2022-08-05 00:13:22.920,192
6,3450.0,2022-08-05 00:13:22.733,192
6,3449.0,2022-08-05 00:13:22.547,192
6,3448.0,2022-08-05 00:13:22.363,192
6,3447.0,2022-08-05 00:13:22.180,192
6,3446.0,2022-08-05 00:13:21.997,192
6,3445.0,2022-08-05 00:13:21.813,192
6,3444.0,2022-08-05 00:13:21.623,192
6,3443.0,2022-08-05 00:13:21.437,192
6,3442.0,2022-08-05 00:13:21.253,192
6,3441.0,2022-08-05 00:13:21.070,192
6,3440.0,2022-08-05 00:13:20.883,192
6,3439.0,2022-08-05 00:13:20.697,192
6,3438.0,2022-08-05 00:13:20.510,192
6,3437.0,2022-08-05 00:13:20.323,192
6,3436.0,2022-08-05 00:13:20.140,192
6,3435.0,2022-08-05 00:13:19.953,192
6,3434.0,2022-08-05 00:13:19.767,192
6,3433.0,2022-08-05 00:13:19.583,192
6,3432.0,2022-08-05 00:13:19.400,192
6,3431.0,2022-08-05 00:13:19.213,192
6,3430.0,2022-08-05 00:13:19.030,192
6,3429.0,2022-08-05 00:13:18.843,192
6,3428.0,2022-08-05 00:13:18.657,192
6,3427.0,2022-08-05 00:13:18.470,192
6,3426.0,2022-08-05 00:13:18.287,192
6,3425.0,2022-08-05 00:13:18.097,192
6,3424.0,2022-08-05 00:13:17.913,192
6,3423.0,2022-08-05 00:13:17.727,192
6,3422.0,2022-08-05 00:13:17.540,192
6,3421.0,2022-08-05 00:13:17.353,192
6,3420.0,2022-08-05 00:13:17.167,192
6,3419.0,2022-08-05 00:13:16.980,192
6,3418.0,2022-08-05 00:13:16.793,192
6,3417.0,2022-08-05 00:13:16.607,192
6,3416.0,2022-08-05 00:13:16.420,192
6,3415.0,2022-08-05 00:13:16.233,192
6,3414.0,2022-08-05 00:13:16.047,192
6,3413.0,2022-08-05 00:13:15.860,192
6,3412.0,2022-08-05 00:13:15.677,192
6,3411.0,2022-08-05 00:13:15.493,192
6,3410.0,2022-08-05 00:13:15.307,192
6,3409.0,2022-08-05 00:13:15.123,192
6,3408.0,2022-08-05 00:13:14.937,192
6,3407.0,2022-08-05 00:13:14.750,192
6,3406.0,2022-08-05 00:13:14.563,192
6,3405.0,2022-08-05 00:13:14.380,192
6,3404.0,2022-08-05 00:13:14.193,192
6,3403.0,2022-08-05 00:13:14.007,192
6,3402.0,2022-08-05 00:13:13.820,192
6,3401.0,2022-08-05 00:13:13.637,192
6,3400.0,2022-08-05 00:13:13.450,192
6,3399.0,2022-08-05 00:13:13.263,192
6,3398.0,2022-08-05 00:13:13.073,192
6,3397.0,2022-08-05 00:13:12.893,192
6,3396.0,2022-08-05 00:13:12.707,192
6,3395.0,2022-08-05 00:13:12.520,192
6,3394.0,2022-08-05 00:13:12.333,192
6,3393.0,2022-08-05 00:13:12.147,192
6,3392.0,2022-08-05 00:13:11.957,192
6,3391.0,2022-08-05 00:13:11.773,192
6,3390.0,2022-08-05 00:13:11.587,192
6,3389.0,2022-08-05 00:13:11.400,192
6,3388.0,2022-08-05 00:13:11.213,192
6,3387.0,2022-08-05 00:13:11.027,192
6,3386.0,2022-08-05 00:13:10.843,192
6,3385.0,2022-08-05 00:13:10.657,192
6,3384.0,2022-08-05 00:13:10.470,192
6,3383.0,2022-08-05 00:13:10.283,192
6,3382.0,2022-08-05 00:13:10.097,192
6,3381.0,2022-08-05 00:13:09.910,192
6,3380.0,2022-08-05 00:13:09.723,192
6,3379.0,2022-08-05 00:13:09.540,192
6,3378.0,2022-08-05 00:13:09.353,192
6,3377.0,2022-08-05 00:13:09.167,192
6,3376.0,2022-08-05 00:13:08.983,192
6,3375.0,2022-08-05 00:13:08.797,192
6,3374.0,2022-08-05 00:13:08.610,192
6,3373.0,2022-08-05 00:13:08.423,192
6,3372.0,2022-08-05 00:13:08.237,192
6,3371.0,2022-08-05 00:13:08.050,192
6,3370.0,2022-08-05 00:13:07.863,192
6,3369.0,2022-08-05 00:13:07.677,192
6,3368.0,2022-08-05 00:13:07.490,192
6,3367.0,2022-08-05 00:13:07.307,192
6,3366.0,2022-08-05 00:13:07.123,192
6,3365.0,2022-08-05 00:13:06.937,192
6,3364.0,2022-08-05 00:13:06.750,192
6,3363.0,2022-08-05 00:13:06.567,192
6,3362.0,2022-08-05 00:13:06.380,192
6,3361.0,2022-08-05 00:13:06.197,192
6,3360.0,2022-08-05 00:13:06.013,192
6,3359.0,2022-08-05 00:13:05.830,192
6,3358.0,2022-08-05 00:13:05.647,192
6,3357.0,2022-08-05 00:13:05.460,192
6,3356.0,2022-08-05 00:13:05.273,192
6,3355.0,2022-08-05 00:13:05.087,192
6,3354.0,2022-08-05 00:13:04.900,192
6,3353.0,2022-08-05 00:13:04.713,192
6,3352.0,2022-08-05 00:13:04.530,192
6,3351.0,2022-08-05 00:13:04.343,192
6,3350.0,2022-08-05 00:13:04.157,192
6,3349.0,2022-08-05 00:13:03.973,192
6,3348.0,2022-08-05 00:13:03.783,192
6,3347.0,2022-08-05 00:13:03.600,192
6,3346.0,2022-08-05 00:13:03.413,192
6,3345.0,2022-08-05 00:13:03.230,192
6,3344.0,2022-08-05 00:13:03.043,192
6,3343.0,2022-08-05 00:13:02.857,192
6,3342.0,2022-08-05 00:13:02.670,192
6,3341.0,2022-08-05 00:13:02.487,192
6,3340.0,2022-08-05 00:13:02.300,192
6,3339.0,2022-08-05 00:13:02.117,192
6,3338.0,2022-08-05 00:13:01.930,192
6,3337.0,2022-08-05 00:13:01.743,192
6,3336.0,2022-08-05 00:13:01.557,192
6,3335.0,2022-08-05 00:13:01.370,192
6,3334.0,2022-08-05 00:13:01.183,192
6,3333.0,2022-08-05 00:13:00.997,192
6,3332.0,2022-08-05 00:13:00.807,192
6,3331.0,2022-08-05 00:13:00.623,192
6,3330.0,2022-08-05 00:13:00.437,192
6,3329.0,2022-08-05 00:13:00.253,192
6,3328.0,2022-08-05 00:13:00.067,192
6,3327.0,2022-08-05 00:12:59.880,192
6,3326.0,2022-08-05 00:12:59.693,192
6,3325.0,2022-08-05 00:12:59.507,192
6,3324.0,2022-08-05 00:12:59.320,192
6,3323.0,2022-08-05 00:12:59.133,192
6,3322.0,2022-08-05 00:12:58.947,192
6,3321.0,2022-08-05 00:12:58.760,192
6,3320.0,2022-08-05 00:12:58.570,192
6,3319.0,2022-08-05 00:12:58.387,192
6,3318.0,2022-08-05 00:12:58.203,192
6,3317.0,2022-08-05 00:12:58.017,192
6,3316.0,2022-08-05 00:12:57.830,192
6,3315.0,2022-08-05 00:12:57.643,192
6,3314.0,2022-08-05 00:12:57.460,192
6,3313.0,2022-08-05 00:12:57.277,192
6,3312.0,2022-08-05 00:12:57.090,192
6,3311.0,2022-08-05 00:12:56.903,192
6,3310.0,2022-08-05 00:12:56.720,192
6,3309.0,2022-08-05 00:12:56.530,192
6,3308.0,2022-08-05 00:12:56.347,192
6,3307.0,2022-08-05 00:12:56.160,192
6,3306.0,2022-08-05 00:12:55.973,192
6,3305.0,2022-08-05 00:12:55.783,192
6,3304.0,2022-08-05 00:12:55.600,192
6,3303.0,2022-08-05 00:12:55.413,192
6,3302.0,2022-08-05 00:12:55.227,192
6,3301.0,2022-08-05 00:12:55.043,192
6,3300.0,2022-08-05 00:12:54.860,192
6,3299.0,2022-08-05 00:12:54.673,192
6,3298.0,2022-08-05 00:12:54.490,192
6,3297.0,2022-08-05 00:12:54.303,192
6,3296.0,2022-08-05 00:12:54.117,192
6,3295.0,2022-08-05 00:12:53.930,192
6,3294.0,2022-08-05 00:12:53.743,192
6,3293.0,2022-08-05 00:12:53.560,192
6,3292.0,2022-08-05 00:12:53.373,192
6,3291.0,2022-08-05 00:12:53.187,192
6,3290.0,2022-08-05 00:12:53.000,192
6,3289.0,2022-08-05 00:12:52.817,192
6,3288.0,2022-08-05 00:12:52.630,192
6,3287.0,2022-08-05 00:12:52.443,192
6,3286.0,2022-08-05 00:12:52.257,192
6,3285.0,2022-08-05 00:12:52.073,192
6,3284.0,2022-08-05 00:12:51.887,192
6,3283.0,2022-08-05 00:12:51.703,192
6,3282.0,2022-08-05 00:12:51.517,192
6,3281.0,2022-08-05 00:12:51.333,192
6,3280.0,2022-08-05 00:12:51.147,192
6,3279.0,2022-08-05 00:12:50.960,192
6,3278.0,2022-08-05 00:12:50.773,192
6,3277.0,2022-08-05 00:12:50.590,192
6,3276.0,2022-08-05 00:12:50.403,192
6,3275.0,2022-08-05 00:12:50.220,192
6,3274.0,2022-08-05 00:12:50.033,192
6,3273.0,2022-08-05 00:12:49.847,192
6,3272.0,2022-08-05 00:12:49.663,192
6,3271.0,2022-08-05 00:12:49.477,192
6,3270.0,2022-08-05 00:12:49.290,192
6,3269.0,2022-08-05 00:12:49.103,192
6,3268.0,2022-08-05 00:12:48.917,192
6,3267.0,2022-08-05 00:12:48.730,192
6,3266.0,2022-08-05 00:12:48.543,192
6,3265.0,2022-08-05 00:12:48.360,192
6,3264.0,2022-08-05 00:12:48.173,192
6,3263.0,2022-08-05 00:12:47.987,192
6,3262.0,2022-08-05 00:12:47.797,192
6,3261.0,2022-08-05 00:12:47.610,192
6,3260.0,2022-08-05 00:12:47.423,192
6,3259.0,2022-08-05 00:12:47.240,192
6,3258.0,2022-08-05 00:12:47.053,192
6,3257.0,2022-08-05 00:12:46.867,192
6,3256.0,2022-08-05 00:12:46.680,192
6,3255.0,2022-08-05 00:12:46.493,192
6,3254.0,2022-08-05 00:12:46.307,192
6,3253.0,2022-08-05 00:12:46.120,192
6,3252.0,2022-08-05 00:12:45.937,192
6,3251.0,2022-08-05 00:12:45.753,192
6,3250.0,2022-08-05 00:12:45.570,192
6,3249.0,2022-08-05 00:12:45.380,192
6,3248.0,2022-08-05 00:12:45.197,192
6,3247.0,2022-08-05 00:12:45.007,192
6,3246.0,2022-08-05 00:12:44.820,192
6,3245.0,2022-08-05 00:12:44.637,192
6,3244.0,2022-08-05 00:12:44.450,192
6,3243.0,2022-08-05 00:12:44.267,192
6,3242.0,2022-08-05 00:12:44.080,192
6,3241.0,2022-08-05 00:12:43.893,192
6,3240.0,2022-08-05 00:12:43.707,192
6,3239.0,2022-08-05 00:12:43.523,192
6,3238.0,2022-08-05 00:12:43.337,192
6,3237.0,2022-08-05 00:12:43.150,192
6,3236.0,2022-08-05 00:12:42.967,192
6,3235.0,2022-08-05 00:12:42.780,192
6,3234.0,2022-08-05 00:12:42.593,192
6,3233.0,2022-08-05 00:12:42.407,192
6,3232.0,2022-08-05 00:12:42.220,192
6,3231.0,2022-08-05 00:12:42.033,192
6,3230.0,2022-08-05 00:12:41.850,192
6,3229.0,2022-08-05 00:12:41.667,192
6,3228.0,2022-08-05 00:12:41.480,192
6,3227.0,2022-08-05 00:12:41.297,192
6,3226.0,2022-08-05 00:12:41.113,192
6,3225.0,2022-08-05 00:12:40.930,192
6,3224.0,2022-08-05 00:12:40.743,192
6,3223.0,2022-08-05 00:12:40.557,192
6,3222.0,2022-08-05 00:12:40.373,192
6,3221.0,2022-08-05 00:12:40.187,192
6,3220.0,2022-08-05 00:12:40.000,192
6,3219.0,2022-08-05 00:12:39.817,192
6,3218.0,2022-08-05 00:12:39.630,192
6,3217.0,2022-08-05 00:12:39.447,192
6,3216.0,2022-08-05 00:12:39.260,192
6,3215.0,2022-08-05 00:12:39.073,192
6,3214.0,2022-08-05 00:12:38.887,192
6,3213.0,2022-08-05 00:12:38.703,192
6,3212.0,2022-08-05 00:12:38.520,192
6,3211.0,2022-08-05 00:12:38.330,192
6,3210.0,2022-08-05 00:12:38.143,192
6,3209.0,2022-08-05 00:12:37.960,192
6,3208.0,2022-08-05 00:12:37.773,192
6,3207.0,2022-08-05 00:12:37.590,192
6,3206.0,2022-08-05 00:12:37.403,192
6,3205.0,2022-08-05 00:12:37.223,192
6,3204.0,2022-08-05 00:12:37.037,192
6,3203.0,2022-08-05 00:12:36.850,192
6,3202.0,2022-08-05 00:12:36.667,192
6,3201.0,2022-08-05 00:12:36.480,192
6,3200.0,2022-08-05 00:12:36.293,192
6,3199.0,2022-08-05 00:12:36.107,192
6,3198.0,2022-08-05 00:12:35.923,192
6,3197.0,2022-08-05 00:12:35.737,192
6,3196.0,2022-08-05 00:12:35.550,192
6,3195.0,2022-08-05 00:12:35.363,192
6,3194.0,2022-08-05 00:12:35.180,192
6,3193.0,2022-08-05 00:12:34.993,192
6,3192.0,2022-08-05 00:12:34.807,192
6,3191.0,2022-08-05 00:12:34.623,192
6,3190.0,2022-08-05 00:12:34.437,192
6,3189.0,2022-08-05 00:12:34.250,192
6,3188.0,2022-08-05 00:12:34.063,192
6,3187.0,2022-08-05 00:12:33.877,192
6,3186.0,2022-08-05 00:12:33.690,192
6,3185.0,2022-08-05 00:12:33.503,192
6,3184.0,2022-08-05 00:12:33.317,192
6,3183.0,2022-08-05 00:12:33.130,192
6,3182.0,2022-08-05 00:12:32.947,192
6,3181.0,2022-08-05 00:12:32.760,192
6,3180.0,2022-08-05 00:12:32.570,192
6,3179.0,2022-08-05 00:12:32.383,192
6,3178.0,2022-08-05 00:12:32.197,192
6,3177.0,2022-08-05 00:12:32.010,192
6,3176.0,2022-08-05 00:12:31.823,192
6,3175.0,2022-08-05 00:12:31.637,192
6,3174.0,2022-08-05 00:12:31.450,192
6,3173.0,2022-08-05 00:12:31.263,192
6,3172.0,2022-08-05 00:12:31.077,192
6,3171.0,2022-08-05 00:12:30.890,192
6,3170.0,2022-08-05 00:12:30.700,192
6,3169.0,2022-08-05 00:12:30.513,192
6,3168.0,2022-08-05 00:12:30.330,192
6,3167.0,2022-08-05 00:12:30.140,192
6,3166.0,2022-08-05 00:12:29.953,192
6,3165.0,2022-08-05 00:12:29.770,192
6,3164.0,2022-08-05 00:12:29.583,192
6,3163.0,2022-08-05 00:12:29.397,192
6,3162.0,2022-08-05 00:12:29.210,192
6,3161.0,2022-08-05 00:12:29.027,192
6,3160.0,2022-08-05 00:12:28.840,192
6,3159.0,2022-08-05 00:12:28.657,192
6,3158.0,2022-08-05 00:12:28.470,192
6,3157.0,2022-08-05 00:12:28.287,192
6,3156.0,2022-08-05 00:12:28.100,192
6,3155.0,2022-08-05 00:12:27.913,192
6,3154.0,2022-08-05 00:12:27.723,192
6,3153.0,2022-08-05 00:12:27.537,192
6,3152.0,2022-08-05 00:12:27.353,192
6,3151.0,2022-08-05 00:12:27.167,192
6,3150.0,2022-08-05 00:12:26.980,192
6,3149.0,2022-08-05 00:12:26.793,192
6,3148.0,2022-08-05 00:12:26.607,192
6,3147.0,2022-08-05 00:12:26.423,192
6,3146.0,2022-08-05 00:12:26.237,192
6,3145.0,2022-08-05 00:12:26.050,192
6,3144.0,2022-08-05 00:12:25.863,192
6,3143.0,2022-08-05 00:12:25.677,192
6,3142.0,2022-08-05 00:12:25.493,192
6,3141.0,2022-08-05 00:12:25.307,192
6,3140.0,2022-08-05 00:12:25.123,192
6,3139.0,2022-08-05 00:12:24.940,192
6,3138.0,2022-08-05 00:12:24.753,192
6,3137.0,2022-08-05 00:12:24.567,192
6,3136.0,2022-08-05 00:12:24.380,192
6,3135.0,2022-08-05 00:12:24.193,192
6,3134.0,2022-08-05 00:12:24.003,192
6,3133.0,2022-08-05 00:12:23.817,192
6,3132.0,2022-08-05 00:12:23.633,192
6,3131.0,2022-08-05 00:12:23.447,192
6,3130.0,2022-08-05 00:12:23.263,192
6,3129.0,2022-08-05 00:12:23.077,192
6,3128.0,2022-08-05 00:12:22.893,192
6,3127.0,2022-08-05 00:12:22.707,192
6,3126.0,2022-08-05 00:12:22.523,192
6,3125.0,2022-08-05 00:12:22.333,192
6,3124.0,2022-08-05 00:12:22.147,192
6,3123.0,2022-08-05 00:12:21.960,192
6,3122.0,2022-08-05 00:12:21.777,192
6,3121.0,2022-08-05 00:12:21.587,192
6,3120.0,2022-08-05 00:12:21.403,192
6,3119.0,2022-08-05 00:12:21.217,192
6,3118.0,2022-08-05 00:12:21.027,192
6,3117.0,2022-08-05 00:12:20.840,192
6,3116.0,2022-08-05 00:12:20.653,192
6,3115.0,2022-08-05 00:12:20.467,192
6,3114.0,2022-08-05 00:12:20.280,192
6,3113.0,2022-08-05 00:12:20.097,192
6,3112.0,2022-08-05 00:12:19.910,192
6,3111.0,2022-08-05 00:12:19.727,192
6,3110.0,2022-08-05 00:12:19.540,192
6,3109.0,2022-08-05 00:12:19.357,192
6,3108.0,2022-08-05 00:12:19.170,192
6,3107.0,2022-08-05 00:12:18.983,192
6,3106.0,2022-08-05 00:12:18.800,192
6,3105.0,2022-08-05 00:12:18.613,192
6,3104.0,2022-08-05 00:12:18.427,192
6,3103.0,2022-08-05 00:12:18.240,192
6,3102.0,2022-08-05 00:12:18.057,192
6,3101.0,2022-08-05 00:12:17.873,192
6,3100.0,2022-08-05 00:12:17.690,192
6,3099.0,2022-08-05 00:12:17.503,192
6,3098.0,2022-08-05 00:12:17.320,192
6,3097.0,2022-08-05 00:12:17.133,192
6,3096.0,2022-08-05 00:12:16.950,192
6,3095.0,2022-08-05 00:12:16.767,192
6,3094.0,2022-08-05 00:12:16.580,192
6,3093.0,2022-08-05 00:12:16.397,192
6,3092.0,2022-08-05 00:12:16.210,192
6,3091.0,2022-08-05 00:12:16.023,192
6,3090.0,2022-08-05 00:12:15.840,192
6,3089.0,2022-08-05 00:12:15.650,192
6,3088.0,2022-08-05 00:12:15.463,192
6,3087.0,2022-08-05 00:12:15.277,192
6,3086.0,2022-08-05 00:12:15.090,192
6,3085.0,2022-08-05 00:12:14.903,192
6,3084.0,2022-08-05 00:12:14.720,192
6,3083.0,2022-08-05 00:12:14.533,192
6,3082.0,2022-08-05 00:12:14.343,192
6,3081.0,2022-08-05 00:12:14.160,192
6,3080.0,2022-08-05 00:12:13.973,192
6,3079.0,2022-08-05 00:12:13.790,192
6,3078.0,2022-08-05 00:12:13.607,192
6,3077.0,2022-08-05 00:12:13.420,192
6,3076.0,2022-08-05 00:12:13.233,192
6,3075.0,2022-08-05 00:12:13.047,192
6,3074.0,2022-08-05 00:12:12.860,192
6,3073.0,2022-08-05 00:12:12.677,192
6,3072.0,2022-08-05 00:12:12.490,192
6,3071.0,2022-08-05 00:12:12.303,192
6,3070.0,2022-08-05 00:12:12.120,192
6,3069.0,2022-08-05 00:12:11.937,192
6,3068.0,2022-08-05 00:12:11.750,192
6,3067.0,2022-08-05 00:12:11.560,192
6,3066.0,2022-08-05 00:12:11.373,192
6,3065.0,2022-08-05 00:12:11.187,192
6,3064.0,2022-08-05 00:12:11.000,192
6,3063.0,2022-08-05 00:12:10.817,192
6,3062.0,2022-08-05 00:12:10.630,192
6,3061.0,2022-08-05 00:12:10.447,192
6,3060.0,2022-08-05 00:12:10.263,192
6,3059.0,2022-08-05 00:12:10.077,192
6,3058.0,2022-08-05 00:12:09.890,192
6,3057.0,2022-08-05 00:12:09.707,192
6,3056.0,2022-08-05 00:12:09.520,192
6,3055.0,2022-08-05 00:12:09.333,192
6,3054.0,2022-08-05 00:12:09.143,192
6,3053.0,2022-08-05 00:12:08.960,192
6,3052.0,2022-08-05 00:12:08.773,192
6,3051.0,2022-08-05 00:12:08.583,192
6,3050.0,2022-08-05 00:12:08.400,192
6,3049.0,2022-08-05 00:12:08.213,192
6,3048.0,2022-08-05 00:12:08.030,192
6,3047.0,2022-08-05 00:12:07.847,192
6,3046.0,2022-08-05 00:12:07.660,192
6,3045.0,2022-08-05 00:12:07.477,192
6,3044.0,2022-08-05 00:12:07.290,192
6,3043.0,2022-08-05 00:12:07.107,192
6,3042.0,2022-08-05 00:12:06.920,192
6,3041.0,2022-08-05 00:12:06.737,192
6,3040.0,2022-08-05 00:12:06.553,192
6,3039.0,2022-08-05 00:12:06.367,192
6,3038.0,2022-08-05 00:12:06.183,192
6,3037.0,2022-08-05 00:12:05.997,192
6,3036.0,2022-08-05 00:12:05.810,192
6,3035.0,2022-08-05 00:12:05.627,192
6,3034.0,2022-08-05 00:12:05.440,192
6,3033.0,2022-08-05 00:12:05.253,192
6,3032.0,2022-08-05 00:12:05.067,192
6,3031.0,2022-08-05 00:12:04.880,192
6,3030.0,2022-08-05 00:12:04.693,192
6,3029.0,2022-08-05 00:12:04.510,192
6,3028.0,2022-08-05 00:12:04.323,192
6,3027.0,2022-08-05 00:12:04.140,192
6,3026.0,2022-08-05 00:12:03.953,192
6,3025.0,2022-08-05 00:12:03.767,192
6,3024.0,2022-08-05 00:12:03.580,192
6,3023.0,2022-08-05 00:12:03.400,192
6,3022.0,2022-08-05 00:12:03.213,192
6,3021.0,2022-08-05 00:12:03.030,192
6,3020.0,2022-08-05 00:12:02.843,192
6,3019.0,2022-08-05 00:12:02.660,192
6,3018.0,2022-08-05 00:12:02.473,192
6,3017.0,2022-08-05 00:12:02.287,192
6,3016.0,2022-08-05 00:12:02.100,192
6,3015.0,2022-08-05 00:12:01.917,192
6,3014.0,2022-08-05 00:12:01.730,192
6,3013.0,2022-08-05 00:12:01.543,192
6,3012.0,2022-08-05 00:12:01.353,192
6,3011.0,2022-08-05 00:12:01.170,192
6,3010.0,2022-08-05 00:12:00.983,192
6,3009.0,2022-08-05 00:12:00.800,192
6,3008.0,2022-08-05 00:12:00.613,192
6,3007.0,2022-08-05 00:12:00.423,192
6,3006.0,2022-08-05 00:12:00.240,192
6,3005.0,2022-08-05 00:12:00.053,192
6,3004.0,2022-08-05 00:11:59.867,192
6,3003.0,2022-08-05 00:11:59.677,192
6,3002.0,2022-08-05 00:11:59.493,192
6,3001.0,2022-08-05 00:11:59.310,192
6,3000.0,2022-08-05 00:11:59.120,192
6,2999.0,2022-08-05 00:11:58.933,192
6,2998.0,2022-08-05 00:11:58.750,192
6,2997.0,2022-08-05 00:11:58.563,192
6,2996.0,2022-08-05 00:11:58.380,192
6,2995.0,2022-08-05 00:11:58.197,192
6,2994.0,2022-08-05 00:11:58.013,192
6,2993.0,2022-08-05 00:11:57.827,192
6,2992.0,2022-08-05 00:11:57.643,192
6,2991.0,2022-08-05 00:11:57.460,192
6,2990.0,2022-08-05 00:11:57.277,192
6,2989.0,2022-08-05 00:11:57.093,192
6,2988.0,2022-08-05 00:11:56.910,192
6,2987.0,2022-08-05 00:11:56.723,192
6,2986.0,2022-08-05 00:11:56.540,192
6,2985.0,2022-08-05 00:11:56.353,192
6,2984.0,2022-08-05 00:11:56.173,192
6,2983.0,2022-08-05 00:11:55.990,192
6,2982.0,2022-08-05 00:11:55.803,192
6,2981.0,2022-08-05 00:11:55.617,192
6,2980.0,2022-08-05 00:11:55.430,192
6,2979.0,2022-08-05 00:11:55.247,192
6,2978.0,2022-08-05 00:11:55.057,192
6,2977.0,2022-08-05 00:11:54.870,192
6,2976.0,2022-08-05 00:11:54.683,192
6,2975.0,2022-08-05 00:11:54.500,192
6,2974.0,2022-08-05 00:11:54.313,192
6,2973.0,2022-08-05 00:11:54.127,192
6,2972.0,2022-08-05 00:11:53.937,192
6,2971.0,2022-08-05 00:11:53.750,192
6,2970.0,2022-08-05 00:11:53.563,192
6,2969.0,2022-08-05 00:11:53.380,192
6,2968.0,2022-08-05 00:11:53.193,192
6,2967.0,2022-08-05 00:11:53.007,192
6,2966.0,2022-08-05 00:11:52.817,192
6,2965.0,2022-08-05 00:11:52.633,192
6,2964.0,2022-08-05 00:11:52.447,192
6,2963.0,2022-08-05 00:11:52.260,192
6,2962.0,2022-08-05 00:11:52.073,192
6,2961.0,2022-08-05 00:11:51.887,192
6,2960.0,2022-08-05 00:11:51.703,192
6,2959.0,2022-08-05 00:11:51.520,192
6,2958.0,2022-08-05 00:11:51.333,192
6,2957.0,2022-08-05 00:11:51.147,192
6,2956.0,2022-08-05 00:11:50.960,192
6,2955.0,2022-08-05 00:11:50.773,192
6,2954.0,2022-08-05 00:11:50.587,192
6,2953.0,2022-08-05 00:11:50.407,192
6,2952.0,2022-08-05 00:11:50.220,192
6,2951.0,2022-08-05 00:11:50.037,192
6,2950.0,2022-08-05 00:11:49.850,192
6,2949.0,2022-08-05 00:11:49.667,192
6,2948.0,2022-08-05 00:11:49.477,192
6,2947.0,2022-08-05 00:11:49.293,192
6,2946.0,2022-08-05 00:11:49.107,192
6,2945.0,2022-08-05 00:11:48.920,192
6,2944.0,2022-08-05 00:11:48.733,192
6,2943.0,2022-08-05 00:11:48.550,192
6,2942.0,2022-08-05 00:11:48.367,192
6,2941.0,2022-08-05 00:11:48.180,192
6,2940.0,2022-08-05 00:11:47.997,192
6,2939.0,2022-08-05 00:11:47.813,192
6,2938.0,2022-08-05 00:11:47.630,192
6,2937.0,2022-08-05 00:11:47.450,192
6,2936.0,2022-08-05 00:11:47.263,192
6,2935.0,2022-08-05 00:11:47.080,192
6,2934.0,2022-08-05 00:11:46.893,192
6,2933.0,2022-08-05 00:11:46.710,192
6,2932.0,2022-08-05 00:11:46.523,192
6,2931.0,2022-08-05 00:11:46.340,192
6,2930.0,2022-08-05 00:11:46.157,192
6,2929.0,2022-08-05 00:11:45.970,192
6,2928.0,2022-08-05 00:11:45.787,192
6,2927.0,2022-08-05 00:11:45.603,192
6,2926.0,2022-08-05 00:11:45.420,192
6,2925.0,2022-08-05 00:11:45.233,192
6,2924.0,2022-08-05 00:11:45.050,192
6,2923.0,2022-08-05 00:11:44.863,192
6,2922.0,2022-08-05 00:11:44.677,192
6,2921.0,2022-08-05 00:11:44.490,192
6,2920.0,2022-08-05 00:11:44.307,192
6,2919.0,2022-08-05 00:11:44.123,192
6,2918.0,2022-08-05 00:11:43.937,192
6,2917.0,2022-08-05 00:11:43.750,192
6,2916.0,2022-08-05 00:11:43.567,192
6,2915.0,2022-08-05 00:11:43.380,192
6,2914.0,2022-08-05 00:11:43.193,192
6,2913.0,2022-08-05 00:11:43.013,192
6,2912.0,2022-08-05 00:11:42.827,192
6,2911.0,2022-08-05 00:11:42.640,192
6,2910.0,2022-08-05 00:11:42.457,192
6,2909.0,2022-08-05 00:11:42.273,192
6,2908.0,2022-08-05 00:11:42.090,192
6,2907.0,2022-08-05 00:11:41.903,192
6,2906.0,2022-08-05 00:11:41.720,192
6,2905.0,2022-08-05 00:11:41.537,192
6,2904.0,2022-08-05 00:11:41.350,192
6,2903.0,2022-08-05 00:11:41.163,192
6,2902.0,2022-08-05 00:11:40.983,192
6,2901.0,2022-08-05 00:11:40.797,192
6,2900.0,2022-08-05 00:11:40.613,192
6,2899.0,2022-08-05 00:11:40.427,192
6,2898.0,2022-08-05 00:11:40.243,192
6,2897.0,2022-08-05 00:11:40.060,192
6,2896.0,2022-08-05 00:11:39.877,192
6,2895.0,2022-08-05 00:11:39.693,192
6,2894.0,2022-08-05 00:11:39.510,192
6,2893.0,2022-08-05 00:11:39.323,192
6,2892.0,2022-08-05 00:11:39.140,192
6,2891.0,2022-08-05 00:11:38.957,192
6,2890.0,2022-08-05 00:11:38.773,192
6,2889.0,2022-08-05 00:11:38.587,192
6,2888.0,2022-08-05 00:11:38.403,192
6,2887.0,2022-08-05 00:11:38.217,192
6,2886.0,2022-08-05 00:11:38.033,192
6,2885.0,2022-08-05 00:11:37.847,192
6,2884.0,2022-08-05 00:11:37.663,192
6,2883.0,2022-08-05 00:11:37.477,192
6,2882.0,2022-08-05 00:11:37.293,192
6,2881.0,2022-08-05 00:11:37.110,192
6,2880.0,2022-08-05 00:11:36.927,192
6,2879.0,2022-08-05 00:11:36.743,192
6,2878.0,2022-08-05 00:11:36.557,192
6,2877.0,2022-08-05 00:11:36.373,192
6,2876.0,2022-08-05 00:11:36.190,192
6,2875.0,2022-08-05 00:11:36.003,192
6,2874.0,2022-08-05 00:11:35.817,192
6,2873.0,2022-08-05 00:11:35.633,192
6,2872.0,2022-08-05 00:11:35.447,192
6,2871.0,2022-08-05 00:11:35.260,192
6,2870.0,2022-08-05 00:11:35.073,192
6,2869.0,2022-08-05 00:11:34.887,192
6,2868.0,2022-08-05 00:11:34.700,192
6,2867.0,2022-08-05 00:11:34.513,192
6,2866.0,2022-08-05 00:11:34.330,192
6,2865.0,2022-08-05 00:11:34.143,192
6,2864.0,2022-08-05 00:11:33.957,192
6,2863.0,2022-08-05 00:11:33.770,192
6,2862.0,2022-08-05 00:11:33.583,192
6,2861.0,2022-08-05 00:11:33.400,192
6,2860.0,2022-08-05 00:11:33.217,192
6,2859.0,2022-08-05 00:11:33.033,192
6,2858.0,2022-08-05 00:11:32.847,192
6,2857.0,2022-08-05 00:11:32.660,192
6,2856.0,2022-08-05 00:11:32.477,192
6,2855.0,2022-08-05 00:11:32.293,192
6,2854.0,2022-08-05 00:11:32.107,192
6,2853.0,2022-08-05 00:11:31.923,192
6,2852.0,2022-08-05 00:11:31.733,192
6,2851.0,2022-08-05 00:11:31.550,192
6,2850.0,2022-08-05 00:11:31.363,192
6,2849.0,2022-08-05 00:11:31.177,192
6,2848.0,2022-08-05 00:11:30.993,192
6,2847.0,2022-08-05 00:11:30.807,192
6,2846.0,2022-08-05 00:11:30.623,192
6,2845.0,2022-08-05 00:11:30.440,192
6,2844.0,2022-08-05 00:11:30.257,192
6,2843.0,2022-08-05 00:11:30.073,192
6,2842.0,2022-08-05 00:11:29.890,192
6,2841.0,2022-08-05 00:11:29.703,192
6,2840.0,2022-08-05 00:11:29.520,192
6,2839.0,2022-08-05 00:11:29.337,192
6,2838.0,2022-08-05 00:11:29.153,192
6,2837.0,2022-08-05 00:11:28.970,192
6,2836.0,2022-08-05 00:11:28.783,192
6,2835.0,2022-08-05 00:11:28.600,192
6,2834.0,2022-08-05 00:11:28.413,192
6,2833.0,2022-08-05 00:11:28.227,192
6,2832.0,2022-08-05 00:11:28.040,192
6,2831.0,2022-08-05 00:11:27.857,192
6,2830.0,2022-08-05 00:11:27.667,192
6,2829.0,2022-08-05 00:11:27.487,192
6,2828.0,2022-08-05 00:11:27.297,192
6,2827.0,2022-08-05 00:11:27.113,192
6,2826.0,2022-08-05 00:11:26.927,192
6,2825.0,2022-08-05 00:11:26.747,192
6,2824.0,2022-08-05 00:11:26.557,192
6,2823.0,2022-08-05 00:11:26.373,192
6,2822.0,2022-08-05 00:11:26.190,192
6,2821.0,2022-08-05 00:11:26.003,192
6,2820.0,2022-08-05 00:11:25.817,192
6,2819.0,2022-08-05 00:11:25.633,192
6,2818.0,2022-08-05 00:11:25.450,192
6,2817.0,2022-08-05 00:11:25.267,192
6,2816.0,2022-08-05 00:11:25.080,192
6,2815.0,2022-08-05 00:11:24.893,192
6,2814.0,2022-08-05 00:11:24.710,192
6,2813.0,2022-08-05 00:11:24.523,192
6,2812.0,2022-08-05 00:11:24.340,192
6,2811.0,2022-08-05 00:11:24.153,192
6,2810.0,2022-08-05 00:11:23.967,192
6,2809.0,2022-08-05 00:11:23.783,192
6,2808.0,2022-08-05 00:11:23.597,192
6,2807.0,2022-08-05 00:11:23.413,192
6,2806.0,2022-08-05 00:11:23.227,192
6,2805.0,2022-08-05 00:11:23.040,192
6,2804.0,2022-08-05 00:11:22.853,192
6,2803.0,2022-08-05 00:11:22.670,192
6,2802.0,2022-08-05 00:11:22.487,192
6,2801.0,2022-08-05 00:11:22.300,192
6,2800.0,2022-08-05 00:11:22.117,192
6,2799.0,2022-08-05 00:11:21.933,192
6,2798.0,2022-08-05 00:11:21.750,192
6,2797.0,2022-08-05 00:11:21.563,192
6,2796.0,2022-08-05 00:11:21.380,192
6,2795.0,2022-08-05 00:11:21.197,192
6,2794.0,2022-08-05 00:11:21.010,192
6,2793.0,2022-08-05 00:11:20.827,192
6,2792.0,2022-08-05 00:11:20.640,192
6,2791.0,2022-08-05 00:11:20.457,192
6,2790.0,2022-08-05 00:11:20.273,192
6,2789.0,2022-08-05 00:11:20.090,192
6,2788.0,2022-08-05 00:11:19.907,192
6,2787.0,2022-08-05 00:11:19.723,192
6,2786.0,2022-08-05 00:11:19.540,192
6,2785.0,2022-08-05 00:11:19.353,192
6,2784.0,2022-08-05 00:11:19.170,192
6,2783.0,2022-08-05 00:11:18.987,192
6,2782.0,2022-08-05 00:11:18.800,192
6,2781.0,2022-08-05 00:11:18.617,192
6,2780.0,2022-08-05 00:11:18.433,192
6,2779.0,2022-08-05 00:11:18.247,192
6,2778.0,2022-08-05 00:11:18.063,192
6,2777.0,2022-08-05 00:11:17.880,192
6,2776.0,2022-08-05 00:11:17.697,192
6,2775.0,2022-08-05 00:11:17.513,192
6,2774.0,2022-08-05 00:11:17.330,192
6,2773.0,2022-08-05 00:11:17.143,192
6,2772.0,2022-08-05 00:11:16.957,192
6,2771.0,2022-08-05 00:11:16.777,192
6,2770.0,2022-08-05 00:11:16.593,192
6,2769.0,2022-08-05 00:11:16.410,192
6,2768.0,2022-08-05 00:11:16.220,192
6,2767.0,2022-08-05 00:11:16.037,192
6,2766.0,2022-08-05 00:11:15.853,192
6,2765.0,2022-08-05 00:11:15.667,192
6,2764.0,2022-08-05 00:11:15.477,192
6,2763.0,2022-08-05 00:11:15.293,192
6,2762.0,2022-08-05 00:11:15.110,192
6,2761.0,2022-08-05 00:11:14.927,192
6,2760.0,2022-08-05 00:11:14.740,192
6,2759.0,2022-08-05 00:11:14.557,192
6,2758.0,2022-08-05 00:11:14.370,192
6,2757.0,2022-08-05 00:11:14.183,192
6,2756.0,2022-08-05 00:11:13.997,192
6,2755.0,2022-08-05 00:11:13.807,192
6,2754.0,2022-08-05 00:11:13.620,192
6,2753.0,2022-08-05 00:11:13.433,192
6,2752.0,2022-08-05 00:11:13.250,192
6,2751.0,2022-08-05 00:11:13.063,192
6,2750.0,2022-08-05 00:11:12.877,192
6,2749.0,2022-08-05 00:11:12.690,192
6,2748.0,2022-08-05 00:11:12.507,192
6,2747.0,2022-08-05 00:11:12.317,192
6,2746.0,2022-08-05 00:11:12.133,192
6,2745.0,2022-08-05 00:11:11.947,192
6,2744.0,2022-08-05 00:11:11.763,192
6,2743.0,2022-08-05 00:11:11.577,192
6,2742.0,2022-08-05 00:11:11.390,192
6,2741.0,2022-08-05 00:11:11.203,192
6,2740.0,2022-08-05 00:11:11.020,192
6,2739.0,2022-08-05 00:11:10.833,192
6,2738.0,2022-08-05 00:11:10.650,192
6,2737.0,2022-08-05 00:11:10.467,192
6,2736.0,2022-08-05 00:11:10.280,192
6,2735.0,2022-08-05 00:11:10.093,192
6,2734.0,2022-08-05 00:11:09.910,192
6,2733.0,2022-08-05 00:11:09.720,192
6,2732.0,2022-08-05 00:11:09.537,192
6,2731.0,2022-08-05 00:11:09.353,192
6,2730.0,2022-08-05 00:11:09.170,192
6,2729.0,2022-08-05 00:11:08.983,192
6,2728.0,2022-08-05 00:11:08.793,192
6,2727.0,2022-08-05 00:11:08.610,192
6,2726.0,2022-08-05 00:11:08.423,192
6,2725.0,2022-08-05 00:11:08.237,192
6,2724.0,2022-08-05 00:11:08.050,192
6,2723.0,2022-08-05 00:11:07.867,192
6,2722.0,2022-08-05 00:11:07.683,192
6,2721.0,2022-08-05 00:11:07.497,192
6,2720.0,2022-08-05 00:11:07.310,192
6,2719.0,2022-08-05 00:11:07.127,192
6,2718.0,2022-08-05 00:11:06.940,192
6,2717.0,2022-08-05 00:11:06.757,192
6,2716.0,2022-08-05 00:11:06.573,192
6,2715.0,2022-08-05 00:11:06.390,192
6,2714.0,2022-08-05 00:11:06.203,192
6,2713.0,2022-08-05 00:11:06.020,192
6,2712.0,2022-08-05 00:11:05.833,192
6,2711.0,2022-08-05 00:11:05.650,192
6,2710.0,2022-08-05 00:11:05.463,192
6,2709.0,2022-08-05 00:11:05.280,192
6,2708.0,2022-08-05 00:11:05.100,192
6,2707.0,2022-08-05 00:11:04.917,192
6,2706.0,2022-08-05 00:11:04.733,192
6,2705.0,2022-08-05 00:11:04.550,192
6,2704.0,2022-08-05 00:11:04.367,192
6,2703.0,2022-08-05 00:11:04.183,192
6,2702.0,2022-08-05 00:11:04.000,192
6,2701.0,2022-08-05 00:11:03.817,192
6,2700.0,2022-08-05 00:11:03.637,192
6,2699.0,2022-08-05 00:11:03.457,192
6,2698.0,2022-08-05 00:11:03.270,192
6,2697.0,2022-08-05 00:11:03.087,192
6,2696.0,2022-08-05 00:11:02.903,192
6,2695.0,2022-08-05 00:11:02.717,192
6,2694.0,2022-08-05 00:11:02.530,192
6,2693.0,2022-08-05 00:11:02.347,192
6,2692.0,2022-08-05 00:11:02.167,192
6,2691.0,2022-08-05 00:11:01.980,192
6,2690.0,2022-08-05 00:11:01.800,192
6,2689.0,2022-08-05 00:11:01.617,192
6,2688.0,2022-08-05 00:11:01.433,192
6,2687.0,2022-08-05 00:11:01.250,192
6,2686.0,2022-08-05 00:11:01.063,192
6,2685.0,2022-08-05 00:11:00.880,192
6,2684.0,2022-08-05 00:11:00.693,192
6,2683.0,2022-08-05 00:11:00.507,192
6,2682.0,2022-08-05 00:11:00.323,192
6,2681.0,2022-08-05 00:11:00.137,192
6,2680.0,2022-08-05 00:10:59.950,192
6,2679.0,2022-08-05 00:10:59.763,192
6,2678.0,2022-08-05 00:10:59.580,192
6,2677.0,2022-08-05 00:10:59.393,192
6,2676.0,2022-08-05 00:10:59.207,192
6,2675.0,2022-08-05 00:10:59.023,192
6,2674.0,2022-08-05 00:10:58.837,192
6,2673.0,2022-08-05 00:10:58.653,192
6,2672.0,2022-08-05 00:10:58.467,192
6,2671.0,2022-08-05 00:10:58.283,192
6,2670.0,2022-08-05 00:10:58.100,192
6,2669.0,2022-08-05 00:10:57.913,192
6,2668.0,2022-08-05 00:10:57.730,192
6,2667.0,2022-08-05 00:10:57.543,192
6,2666.0,2022-08-05 00:10:57.357,192
6,2665.0,2022-08-05 00:10:57.170,192
6,2664.0,2022-08-05 00:10:56.987,192
6,2663.0,2022-08-05 00:10:56.800,192
6,2662.0,2022-08-05 00:10:56.617,192
6,2661.0,2022-08-05 00:10:56.430,192
6,2660.0,2022-08-05 00:10:56.243,192
6,2659.0,2022-08-05 00:10:56.057,192
6,2658.0,2022-08-05 00:10:55.873,192
6,2657.0,2022-08-05 00:10:55.690,192
6,2656.0,2022-08-05 00:10:55.503,192
6,2655.0,2022-08-05 00:10:55.320,192
6,2654.0,2022-08-05 00:10:55.140,192
6,2653.0,2022-08-05 00:10:54.957,192
6,2652.0,2022-08-05 00:10:54.770,192
6,2651.0,2022-08-05 00:10:54.583,192
6,2650.0,2022-08-05 00:10:54.397,192
6,2649.0,2022-08-05 00:10:54.213,192
6,2648.0,2022-08-05 00:10:54.030,192
6,2647.0,2022-08-05 00:10:53.843,192
6,2646.0,2022-08-05 00:10:53.657,192
6,2645.0,2022-08-05 00:10:53.470,192
6,2644.0,2022-08-05 00:10:53.287,192
6,2643.0,2022-08-05 00:10:53.103,192
6,2642.0,2022-08-05 00:10:52.917,192
6,2641.0,2022-08-05 00:10:52.733,192
6,2640.0,2022-08-05 00:10:52.547,192
6,2639.0,2022-08-05 00:10:52.363,192
6,2638.0,2022-08-05 00:10:52.183,192
6,2637.0,2022-08-05 00:10:51.997,192
6,2636.0,2022-08-05 00:10:51.813,192
6,2635.0,2022-08-05 00:10:51.627,192
6,2634.0,2022-08-05 00:10:51.447,192
6,2633.0,2022-08-05 00:10:51.260,192
6,2632.0,2022-08-05 00:10:51.077,192
6,2631.0,2022-08-05 00:10:50.890,192
6,2630.0,2022-08-05 00:10:50.707,192
6,2629.0,2022-08-05 00:10:50.523,192
6,2628.0,2022-08-05 00:10:50.337,192
6,2627.0,2022-08-05 00:10:50.150,192
6,2626.0,2022-08-05 00:10:49.963,192
6,2625.0,2022-08-05 00:10:49.780,192
6,2624.0,2022-08-05 00:10:49.593,192
6,2623.0,2022-08-05 00:10:49.410,192
6,2622.0,2022-08-05 00:10:49.227,192
6,2621.0,2022-08-05 00:10:49.040,192
6,2620.0,2022-08-05 00:10:48.860,192
6,2619.0,2022-08-05 00:10:48.677,192
6,2618.0,2022-08-05 00:10:48.493,192
6,2617.0,2022-08-05 00:10:48.310,192
6,2616.0,2022-08-05 00:10:48.127,192
6,2615.0,2022-08-05 00:10:47.943,192
6,2614.0,2022-08-05 00:10:47.760,192
6,2613.0,2022-08-05 00:10:47.577,192
6,2612.0,2022-08-05 00:10:47.393,192
6,2611.0,2022-08-05 00:10:47.210,192
6,2610.0,2022-08-05 00:10:47.030,192
6,2609.0,2022-08-05 00:10:46.847,192
6,2608.0,2022-08-05 00:10:46.660,192
6,2607.0,2022-08-05 00:10:46.477,192
6,2606.0,2022-08-05 00:10:46.293,192
6,2605.0,2022-08-05 00:10:46.110,192
6,2604.0,2022-08-05 00:10:45.923,192
6,2603.0,2022-08-05 00:10:45.740,192
6,2602.0,2022-08-05 00:10:45.557,192
6,2601.0,2022-08-05 00:10:45.370,192
6,2600.0,2022-08-05 00:10:45.187,192
6,2599.0,2022-08-05 00:10:45.000,192
6,2598.0,2022-08-05 00:10:44.817,192
6,2597.0,2022-08-05 00:10:44.633,192
6,2596.0,2022-08-05 00:10:44.450,192
6,2595.0,2022-08-05 00:10:44.263,192
6,2594.0,2022-08-05 00:10:44.080,192
6,2593.0,2022-08-05 00:10:43.897,192
6,2592.0,2022-08-05 00:10:43.713,192
6,2591.0,2022-08-05 00:10:43.530,192
6,2590.0,2022-08-05 00:10:43.347,192
6,2589.0,2022-08-05 00:10:43.160,192
6,2588.0,2022-08-05 00:10:42.977,192
6,2587.0,2022-08-05 00:10:42.793,192
6,2586.0,2022-08-05 00:10:42.610,192
6,2585.0,2022-08-05 00:10:42.427,192
6,2584.0,2022-08-05 00:10:42.240,192
6,2583.0,2022-08-05 00:10:42.057,192
6,2582.0,2022-08-05 00:10:41.873,192
6,2581.0,2022-08-05 00:10:41.690,192
6,2580.0,2022-08-05 00:10:41.507,192
6,2579.0,2022-08-05 00:10:41.323,192
6,2578.0,2022-08-05 00:10:41.140,192
6,2577.0,2022-08-05 00:10:40.957,192
6,2576.0,2022-08-05 00:10:40.773,192
6,2575.0,2022-08-05 00:10:40.587,192
6,2574.0,2022-08-05 00:10:40.403,192
6,2573.0,2022-08-05 00:10:40.217,192
6,2572.0,2022-08-05 00:10:40.030,192
6,2571.0,2022-08-05 00:10:39.847,192
6,2570.0,2022-08-05 00:10:39.660,192
6,2569.0,2022-08-05 00:10:39.473,192
6,2568.0,2022-08-05 00:10:39.290,192
6,2567.0,2022-08-05 00:10:39.103,192
6,2566.0,2022-08-05 00:10:38.917,192
6,2565.0,2022-08-05 00:10:38.737,192
6,2564.0,2022-08-05 00:10:38.550,192
6,2563.0,2022-08-05 00:10:38.363,192
6,2562.0,2022-08-05 00:10:38.177,192
6,2561.0,2022-08-05 00:10:37.987,192
6,2560.0,2022-08-05 00:10:37.800,192
6,2559.0,2022-08-05 00:10:37.617,192
6,2558.0,2022-08-05 00:10:37.433,192
6,2557.0,2022-08-05 00:10:37.250,192
6,2556.0,2022-08-05 00:10:37.067,192
6,2555.0,2022-08-05 00:10:36.887,192
6,2554.0,2022-08-05 00:10:36.700,192
6,2553.0,2022-08-05 00:10:36.517,192
6,2552.0,2022-08-05 00:10:36.327,192
6,2551.0,2022-08-05 00:10:36.147,192
6,2550.0,2022-08-05 00:10:35.960,192
6,2549.0,2022-08-05 00:10:35.773,192
6,2548.0,2022-08-05 00:10:35.593,192
6,2547.0,2022-08-05 00:10:35.410,192
6,2546.0,2022-08-05 00:10:35.227,192
6,2545.0,2022-08-05 00:10:35.040,192
6,2544.0,2022-08-05 00:10:34.857,192
6,2543.0,2022-08-05 00:10:34.670,192
6,2542.0,2022-08-05 00:10:34.487,192
6,2541.0,2022-08-05 00:10:34.297,192
6,2540.0,2022-08-05 00:10:34.113,192
6,2539.0,2022-08-05 00:10:33.930,192
6,2538.0,2022-08-05 00:10:33.743,192
6,2537.0,2022-08-05 00:10:33.560,192
6,2536.0,2022-08-05 00:10:33.373,192
6,2535.0,2022-08-05 00:10:33.193,192
6,2534.0,2022-08-05 00:10:33.007,192
6,2533.0,2022-08-05 00:10:32.823,192
6,2532.0,2022-08-05 00:10:32.640,192
6,2531.0,2022-08-05 00:10:32.457,192
6,2530.0,2022-08-05 00:10:32.273,192
6,2529.0,2022-08-05 00:10:32.083,192
6,2528.0,2022-08-05 00:10:31.893,192
6,2527.0,2022-08-05 00:10:31.707,192
6,2526.0,2022-08-05 00:10:31.523,192
6,2525.0,2022-08-05 00:10:31.337,192
6,2524.0,2022-08-05 00:10:31.150,192
6,2523.0,2022-08-05 00:10:30.963,192
6,2522.0,2022-08-05 00:10:30.777,192
6,2521.0,2022-08-05 00:10:30.593,192
6,2520.0,2022-08-05 00:10:30.407,192
6,2519.0,2022-08-05 00:10:30.220,192
6,2518.0,2022-08-05 00:10:30.030,192
6,2517.0,2022-08-05 00:10:29.847,192
6,2516.0,2022-08-05 00:10:29.663,192
6,2515.0,2022-08-05 00:10:29.480,192
6,2514.0,2022-08-05 00:10:29.297,192
6,2513.0,2022-08-05 00:10:29.113,192
6,2512.0,2022-08-05 00:10:28.927,192
6,2511.0,2022-08-05 00:10:28.740,192
6,2510.0,2022-08-05 00:10:28.553,192
6,2509.0,2022-08-05 00:10:28.370,192
6,2508.0,2022-08-05 00:10:28.183,192
6,2507.0,2022-08-05 00:10:27.997,192
6,2506.0,2022-08-05 00:10:27.810,192
6,2505.0,2022-08-05 00:10:27.623,192
6,2504.0,2022-08-05 00:10:27.437,192
6,2503.0,2022-08-05 00:10:27.250,192
6,2502.0,2022-08-05 00:10:27.067,192
6,2501.0,2022-08-05 00:10:26.883,192
6,2500.0,2022-08-05 00:10:26.697,192
6,2499.0,2022-08-05 00:10:26.510,192
6,2498.0,2022-08-05 00:10:26.320,192
6,2497.0,2022-08-05 00:10:26.133,192
6,2496.0,2022-08-05 00:10:25.947,192
6,2495.0,2022-08-05 00:10:25.763,192
6,2494.0,2022-08-05 00:10:25.580,192
6,2493.0,2022-08-05 00:10:25.390,192
6,2492.0,2022-08-05 00:10:25.203,192
6,2491.0,2022-08-05 00:10:25.017,192
6,2490.0,2022-08-05 00:10:24.830,192
6,2489.0,2022-08-05 00:10:24.647,192
6,2488.0,2022-08-05 00:10:24.460,192
6,2487.0,2022-08-05 00:10:24.273,192
6,2486.0,2022-08-05 00:10:24.087,192
6,2485.0,2022-08-05 00:10:23.900,192
6,2484.0,2022-08-05 00:10:23.713,192
6,2483.0,2022-08-05 00:10:23.530,192
6,2482.0,2022-08-05 00:10:23.343,192
6,2481.0,2022-08-05 00:10:23.157,192
6,2480.0,2022-08-05 00:10:22.973,192
6,2479.0,2022-08-05 00:10:22.787,192
6,2478.0,2022-08-05 00:10:22.603,192
6,2477.0,2022-08-05 00:10:22.417,192
6,2476.0,2022-08-05 00:10:22.230,192
6,2475.0,2022-08-05 00:10:22.043,192
6,2474.0,2022-08-05 00:10:21.857,192
6,2473.0,2022-08-05 00:10:21.670,192
6,2472.0,2022-08-05 00:10:21.487,192
6,2471.0,2022-08-05 00:10:21.300,192
6,2470.0,2022-08-05 00:10:21.113,192
6,2469.0,2022-08-05 00:10:20.927,192
6,2468.0,2022-08-05 00:10:20.740,192
6,2467.0,2022-08-05 00:10:20.553,192
6,2466.0,2022-08-05 00:10:20.370,192
6,2465.0,2022-08-05 00:10:20.180,192
6,2464.0,2022-08-05 00:10:19.990,192
6,2463.0,2022-08-05 00:10:19.803,192
6,2462.0,2022-08-05 00:10:19.620,192
6,2461.0,2022-08-05 00:10:19.433,192
6,2460.0,2022-08-05 00:10:19.250,192
6,2459.0,2022-08-05 00:10:19.063,192
6,2458.0,2022-08-05 00:10:18.877,192
6,2457.0,2022-08-05 00:10:18.690,192
6,2456.0,2022-08-05 00:10:18.503,192
6,2455.0,2022-08-05 00:10:18.320,192
6,2454.0,2022-08-05 00:10:18.130,192
6,2453.0,2022-08-05 00:10:17.943,192
6,2452.0,2022-08-05 00:10:17.757,192
6,2451.0,2022-08-05 00:10:17.573,192
6,2450.0,2022-08-05 00:10:17.387,192
6,2449.0,2022-08-05 00:10:17.203,192
6,2448.0,2022-08-05 00:10:17.017,192
6,2447.0,2022-08-05 00:10:16.833,192
6,2446.0,2022-08-05 00:10:16.647,192
6,2445.0,2022-08-05 00:10:16.460,192
6,2444.0,2022-08-05 00:10:16.277,192
6,2443.0,2022-08-05 00:10:16.090,192
6,2442.0,2022-08-05 00:10:15.903,192
6,2441.0,2022-08-05 00:10:15.720,192
6,2440.0,2022-08-05 00:10:15.533,192
6,2439.0,2022-08-05 00:10:15.350,192
6,2438.0,2022-08-05 00:10:15.163,192
6,2437.0,2022-08-05 00:10:14.977,192
6,2436.0,2022-08-05 00:10:14.793,192
6,2435.0,2022-08-05 00:10:14.607,192
6,2434.0,2022-08-05 00:10:14.420,192
6,2433.0,2022-08-05 00:10:14.233,192
6,2432.0,2022-08-05 00:10:14.050,192
6,2431.0,2022-08-05 00:10:13.860,192
6,2430.0,2022-08-05 00:10:13.673,192
6,2429.0,2022-08-05 00:10:13.490,192
6,2428.0,2022-08-05 00:10:13.307,192
6,2427.0,2022-08-05 00:10:13.120,192
6,2426.0,2022-08-05 00:10:12.937,192
6,2425.0,2022-08-05 00:10:12.747,192
6,2424.0,2022-08-05 00:10:12.560,192
6,2423.0,2022-08-05 00:10:12.373,192
6,2422.0,2022-08-05 00:10:12.190,192
6,2421.0,2022-08-05 00:10:12.007,192
6,2420.0,2022-08-05 00:10:11.823,192
6,2419.0,2022-08-05 00:10:11.637,192
6,2418.0,2022-08-05 00:10:11.450,192
6,2417.0,2022-08-05 00:10:11.260,192
6,2416.0,2022-08-05 00:10:11.077,192
6,2415.0,2022-08-05 00:10:10.890,192
6,2414.0,2022-08-05 00:10:10.703,192
6,2413.0,2022-08-05 00:10:10.520,192
6,2412.0,2022-08-05 00:10:10.333,192
6,2411.0,2022-08-05 00:10:10.150,192
6,2410.0,2022-08-05 00:10:09.967,192
6,2409.0,2022-08-05 00:10:09.777,192
6,2408.0,2022-08-05 00:10:09.593,192
6,2407.0,2022-08-05 00:10:09.407,192
6,2406.0,2022-08-05 00:10:09.220,192
6,2405.0,2022-08-05 00:10:09.033,192
6,2404.0,2022-08-05 00:10:08.850,192
6,2403.0,2022-08-05 00:10:08.663,192
6,2402.0,2022-08-05 00:10:08.477,192
6,2401.0,2022-08-05 00:10:08.290,192
6,2400.0,2022-08-05 00:10:08.103,192
6,2399.0,2022-08-05 00:10:07.920,192
6,2398.0,2022-08-05 00:10:07.737,192
6,2397.0,2022-08-05 00:10:07.550,192
6,2396.0,2022-08-05 00:10:07.363,192
6,2395.0,2022-08-05 00:10:07.180,192
6,2394.0,2022-08-05 00:10:06.997,192
6,2393.0,2022-08-05 00:10:06.810,192
6,2392.0,2022-08-05 00:10:06.623,192
6,2391.0,2022-08-05 00:10:06.437,192
6,2390.0,2022-08-05 00:10:06.253,192
6,2389.0,2022-08-05 00:10:06.067,192
6,2388.0,2022-08-05 00:10:05.883,192
6,2387.0,2022-08-05 00:10:05.700,192
6,2386.0,2022-08-05 00:10:05.513,192
6,2385.0,2022-08-05 00:10:05.330,192
6,2384.0,2022-08-05 00:10:05.140,192
6,2383.0,2022-08-05 00:10:04.957,192
6,2382.0,2022-08-05 00:10:04.770,192
6,2381.0,2022-08-05 00:10:04.587,192
6,2380.0,2022-08-05 00:10:04.403,192
6,2379.0,2022-08-05 00:10:04.217,192
6,2378.0,2022-08-05 00:10:04.030,192
6,2377.0,2022-08-05 00:10:03.847,192
6,2376.0,2022-08-05 00:10:03.660,192
6,2375.0,2022-08-05 00:10:03.477,192
6,2374.0,2022-08-05 00:10:03.287,192
6,2373.0,2022-08-05 00:10:03.103,192
6,2372.0,2022-08-05 00:10:02.917,192
6,2371.0,2022-08-05 00:10:02.733,192
6,2370.0,2022-08-05 00:10:02.547,192
6,2369.0,2022-08-05 00:10:02.360,192
6,2368.0,2022-08-05 00:10:02.170,192
6,2367.0,2022-08-05 00:10:01.987,192
6,2366.0,2022-08-05 00:10:01.803,192
6,2365.0,2022-08-05 00:10:01.617,192
6,2364.0,2022-08-05 00:10:01.433,192
6,2363.0,2022-08-05 00:10:01.250,192
6,2362.0,2022-08-05 00:10:01.067,192
6,2361.0,2022-08-05 00:10:00.880,192
6,2360.0,2022-08-05 00:10:00.697,192
6,2359.0,2022-08-05 00:10:00.513,192
6,2358.0,2022-08-05 00:10:00.330,192
6,2357.0,2022-08-05 00:10:00.140,192
6,2356.0,2022-08-05 00:09:59.957,192
6,2355.0,2022-08-05 00:09:59.773,192
6,2354.0,2022-08-05 00:09:59.590,192
6,2353.0,2022-08-05 00:09:59.403,192
6,2352.0,2022-08-05 00:09:59.217,192
6,2351.0,2022-08-05 00:09:59.030,192
6,2350.0,2022-08-05 00:09:58.850,192
6,2349.0,2022-08-05 00:09:58.663,192
6,2348.0,2022-08-05 00:09:58.480,192
6,2347.0,2022-08-05 00:09:58.293,192
6,2346.0,2022-08-05 00:09:58.110,192
6,2345.0,2022-08-05 00:09:57.923,192
6,2344.0,2022-08-05 00:09:57.740,192
6,2343.0,2022-08-05 00:09:57.553,192
6,2342.0,2022-08-05 00:09:57.370,192
6,2341.0,2022-08-05 00:09:57.187,192
6,2340.0,2022-08-05 00:09:57.000,192
6,2339.0,2022-08-05 00:09:56.817,192
6,2338.0,2022-08-05 00:09:56.633,192
6,2337.0,2022-08-05 00:09:56.447,192
6,2336.0,2022-08-05 00:09:56.263,192
6,2335.0,2022-08-05 00:09:56.077,192
6,2334.0,2022-08-05 00:09:55.893,192
6,2333.0,2022-08-05 00:09:55.707,192
6,2332.0,2022-08-05 00:09:55.523,192
6,2331.0,2022-08-05 00:09:55.340,192
6,2330.0,2022-08-05 00:09:55.157,192
6,2329.0,2022-08-05 00:09:54.973,192
6,2328.0,2022-08-05 00:09:54.790,192
6,2327.0,2022-08-05 00:09:54.607,192
6,2326.0,2022-08-05 00:09:54.420,192
6,2325.0,2022-08-05 00:09:54.237,192
6,2324.0,2022-08-05 00:09:54.057,192
6,2323.0,2022-08-05 00:09:53.873,192
6,2322.0,2022-08-05 00:09:53.690,192
6,2321.0,2022-08-05 00:09:53.507,192
6,2320.0,2022-08-05 00:09:53.320,192
6,2319.0,2022-08-05 00:09:53.137,192
6,2318.0,2022-08-05 00:09:52.950,192
6,2317.0,2022-08-05 00:09:52.767,192
6,2316.0,2022-08-05 00:09:52.583,192
6,2315.0,2022-08-05 00:09:52.397,192
6,2314.0,2022-08-05 00:09:52.213,192
6,2313.0,2022-08-05 00:09:52.030,192
6,2312.0,2022-08-05 00:09:51.850,192
6,2311.0,2022-08-05 00:09:51.663,192
6,2310.0,2022-08-05 00:09:51.480,192
6,2309.0,2022-08-05 00:09:51.293,192
6,2308.0,2022-08-05 00:09:51.110,192
6,2307.0,2022-08-05 00:09:50.910,192
6,2306.0,2022-08-05 00:09:50.727,192
6,2305.0,2022-08-05 00:09:50.540,192
6,2304.0,2022-08-05 00:09:50.353,192
6,2303.0,2022-08-05 00:09:50.170,192
6,2302.0,2022-08-05 00:09:49.983,192
6,2301.0,2022-08-05 00:09:49.797,192
6,2300.0,2022-08-05 00:09:49.610,192
6,2299.0,2022-08-05 00:09:49.427,192
6,2298.0,2022-08-05 00:09:49.243,192
6,2297.0,2022-08-05 00:09:49.057,192
6,2296.0,2022-08-05 00:09:48.873,192
6,2295.0,2022-08-05 00:09:48.690,192
6,2294.0,2022-08-05 00:09:48.507,192
6,2293.0,2022-08-05 00:09:48.320,192
6,2292.0,2022-08-05 00:09:48.133,192
6,2291.0,2022-08-05 00:09:47.950,192
6,2290.0,2022-08-05 00:09:47.770,192
6,2289.0,2022-08-05 00:09:47.583,192
6,2288.0,2022-08-05 00:09:47.400,192
6,2287.0,2022-08-05 00:09:47.213,192
6,2286.0,2022-08-05 00:09:47.027,192
6,2285.0,2022-08-05 00:09:46.843,192
6,2284.0,2022-08-05 00:09:46.657,192
6,2283.0,2022-08-05 00:09:46.457,192
6,2282.0,2022-08-05 00:09:46.273,192
6,2281.0,2022-08-05 00:09:46.087,192
6,2280.0,2022-08-05 00:09:45.900,192
6,2279.0,2022-08-05 00:09:45.717,192
6,2278.0,2022-08-05 00:09:45.533,192
6,2277.0,2022-08-05 00:09:45.350,192
6,2276.0,2022-08-05 00:09:45.163,192
6,2275.0,2022-08-05 00:09:44.977,192
6,2274.0,2022-08-05 00:09:44.793,192
6,2273.0,2022-08-05 00:09:44.607,192
6,2272.0,2022-08-05 00:09:44.423,192
6,2271.0,2022-08-05 00:09:44.237,192
6,2270.0,2022-08-05 00:09:44.050,192
6,2269.0,2022-08-05 00:09:43.867,192
6,2268.0,2022-08-05 00:09:43.683,192
6,2267.0,2022-08-05 00:09:43.493,192
6,2266.0,2022-08-05 00:09:43.307,192
6,2265.0,2022-08-05 00:09:43.120,192
6,2264.0,2022-08-05 00:09:42.937,192
6,2263.0,2022-08-05 00:09:42.753,192
6,2262.0,2022-08-05 00:09:42.567,192
6,2261.0,2022-08-05 00:09:42.383,192
6,2260.0,2022-08-05 00:09:42.200,192
6,2259.0,2022-08-05 00:09:42.013,192
6,2258.0,2022-08-05 00:09:41.830,192
6,2257.0,2022-08-05 00:09:41.647,192
6,2256.0,2022-08-05 00:09:41.460,192
6,2255.0,2022-08-05 00:09:41.277,192
6,2254.0,2022-08-05 00:09:41.090,192
6,2253.0,2022-08-05 00:09:40.907,192
6,2252.0,2022-08-05 00:09:40.723,192
6,2251.0,2022-08-05 00:09:40.543,192
6,2250.0,2022-08-05 00:09:40.357,192
6,2249.0,2022-08-05 00:09:40.173,192
6,2248.0,2022-08-05 00:09:39.987,192
6,2247.0,2022-08-05 00:09:39.803,192
6,2246.0,2022-08-05 00:09:39.620,192
6,2245.0,2022-08-05 00:09:39.433,192
6,2244.0,2022-08-05 00:09:39.250,192
6,2243.0,2022-08-05 00:09:39.067,192
6,2242.0,2022-08-05 00:09:38.883,192
6,2241.0,2022-08-05 00:09:38.697,192
6,2240.0,2022-08-05 00:09:38.497,192
6,2239.0,2022-08-05 00:09:38.310,192
6,2238.0,2022-08-05 00:09:38.127,192
6,2237.0,2022-08-05 00:09:37.940,192
6,2236.0,2022-08-05 00:09:37.750,192
6,2235.0,2022-08-05 00:09:37.563,192
6,2234.0,2022-08-05 00:09:37.380,192
6,2233.0,2022-08-05 00:09:37.197,192
6,2232.0,2022-08-05 00:09:37.010,192
6,2231.0,2022-08-05 00:09:36.823,192
6,2230.0,2022-08-05 00:09:36.637,192
6,2229.0,2022-08-05 00:09:36.453,192
6,2228.0,2022-08-05 00:09:36.263,192
6,2227.0,2022-08-05 00:09:36.077,192
6,2226.0,2022-08-05 00:09:35.893,192
6,2225.0,2022-08-05 00:09:35.707,192
6,2224.0,2022-08-05 00:09:35.520,192
6,2223.0,2022-08-05 00:09:35.333,192
6,2222.0,2022-08-05 00:09:35.147,192
6,2221.0,2022-08-05 00:09:34.960,192
6,2220.0,2022-08-05 00:09:34.773,192
6,2219.0,2022-08-05 00:09:34.587,192
6,2218.0,2022-08-05 00:09:34.397,192
6,2217.0,2022-08-05 00:09:34.210,192
6,2216.0,2022-08-05 00:09:34.023,192
6,2215.0,2022-08-05 00:09:33.837,192
6,2214.0,2022-08-05 00:09:33.650,192
6,2213.0,2022-08-05 00:09:33.467,192
6,2212.0,2022-08-05 00:09:33.280,192
6,2211.0,2022-08-05 00:09:33.093,192
6,2210.0,2022-08-05 00:09:32.903,192
6,2209.0,2022-08-05 00:09:32.717,192
6,2208.0,2022-08-05 00:09:32.537,192
6,2207.0,2022-08-05 00:09:32.350,192
6,2206.0,2022-08-05 00:09:32.163,192
6,2205.0,2022-08-05 00:09:31.983,192
6,2204.0,2022-08-05 00:09:31.793,192
6,2203.0,2022-08-05 00:09:31.607,192
6,2202.0,2022-08-05 00:09:31.420,192
6,2201.0,2022-08-05 00:09:31.233,192
6,2200.0,2022-08-05 00:09:31.050,192
6,2199.0,2022-08-05 00:09:30.867,192
6,2198.0,2022-08-05 00:09:30.680,192
6,2197.0,2022-08-05 00:09:30.493,192
6,2196.0,2022-08-05 00:09:30.307,192
6,2195.0,2022-08-05 00:09:30.123,192
6,2194.0,2022-08-05 00:09:29.940,192
6,2193.0,2022-08-05 00:09:29.753,192
6,2192.0,2022-08-05 00:09:29.570,192
6,2191.0,2022-08-05 00:09:29.387,192
6,2190.0,2022-08-05 00:09:29.203,192
6,2189.0,2022-08-05 00:09:29.017,192
6,2188.0,2022-08-05 00:09:28.833,192
6,2187.0,2022-08-05 00:09:28.643,192
6,2186.0,2022-08-05 00:09:28.457,192
6,2185.0,2022-08-05 00:09:28.273,192
6,2184.0,2022-08-05 00:09:28.087,192
6,2183.0,2022-08-05 00:09:27.903,192
6,2182.0,2022-08-05 00:09:27.720,192
6,2181.0,2022-08-05 00:09:27.537,192
6,2180.0,2022-08-05 00:09:27.350,192
6,2179.0,2022-08-05 00:09:27.167,192
6,2178.0,2022-08-05 00:09:26.980,192
6,2177.0,2022-08-05 00:09:26.797,192
6,2176.0,2022-08-05 00:09:26.607,192
6,2175.0,2022-08-05 00:09:26.420,192
6,2174.0,2022-08-05 00:09:26.233,192
6,2173.0,2022-08-05 00:09:26.050,192
6,2172.0,2022-08-05 00:09:25.863,192
6,2171.0,2022-08-05 00:09:25.680,192
6,2170.0,2022-08-05 00:09:25.493,192
6,2169.0,2022-08-05 00:09:25.307,192
6,2168.0,2022-08-05 00:09:25.127,192
6,2167.0,2022-08-05 00:09:24.933,192
6,2166.0,2022-08-05 00:09:24.743,192
6,2165.0,2022-08-05 00:09:24.557,192
6,2164.0,2022-08-05 00:09:24.370,192
6,2163.0,2022-08-05 00:09:24.187,192
6,2162.0,2022-08-05 00:09:24.000,192
6,2161.0,2022-08-05 00:09:23.813,192
6,2160.0,2022-08-05 00:09:23.627,192
6,2159.0,2022-08-05 00:09:23.440,192
6,2158.0,2022-08-05 00:09:23.257,192
6,2157.0,2022-08-05 00:09:23.070,192
6,2156.0,2022-08-05 00:09:22.880,192
6,2155.0,2022-08-05 00:09:22.693,192
6,2154.0,2022-08-05 00:09:22.507,192
6,2153.0,2022-08-05 00:09:22.323,192
6,2152.0,2022-08-05 00:09:22.137,192
6,2151.0,2022-08-05 00:09:21.953,192
6,2150.0,2022-08-05 00:09:21.767,192
6,2149.0,2022-08-05 00:09:21.583,192
6,2148.0,2022-08-05 00:09:21.397,192
6,2147.0,2022-08-05 00:09:21.210,192
6,2146.0,2022-08-05 00:09:21.023,192
6,2145.0,2022-08-05 00:09:20.840,192
6,2144.0,2022-08-05 00:09:20.657,192
6,2143.0,2022-08-05 00:09:20.470,192
6,2142.0,2022-08-05 00:09:20.287,192
6,2141.0,2022-08-05 00:09:20.103,192
6,2140.0,2022-08-05 00:09:19.917,192
6,2139.0,2022-08-05 00:09:19.733,192
6,2138.0,2022-08-05 00:09:19.550,192
6,2137.0,2022-08-05 00:09:19.360,192
6,2136.0,2022-08-05 00:09:19.173,192
6,2135.0,2022-08-05 00:09:18.990,192
6,2134.0,2022-08-05 00:09:18.807,192
6,2133.0,2022-08-05 00:09:18.620,192
6,2132.0,2022-08-05 00:09:18.437,192
6,2131.0,2022-08-05 00:09:18.253,192
6,2130.0,2022-08-05 00:09:18.070,192
6,2129.0,2022-08-05 00:09:17.883,192
6,2128.0,2022-08-05 00:09:17.700,192
6,2127.0,2022-08-05 00:09:17.513,192
6,2126.0,2022-08-05 00:09:17.327,192
6,2125.0,2022-08-05 00:09:17.143,192
6,2124.0,2022-08-05 00:09:16.957,192
6,2123.0,2022-08-05 00:09:16.770,192
6,2122.0,2022-08-05 00:09:16.587,192
6,2121.0,2022-08-05 00:09:16.403,192
6,2120.0,2022-08-05 00:09:16.217,192
6,2119.0,2022-08-05 00:09:16.030,192
6,2118.0,2022-08-05 00:09:15.847,192
6,2117.0,2022-08-05 00:09:15.663,192
6,2116.0,2022-08-05 00:09:15.477,192
6,2115.0,2022-08-05 00:09:15.290,192
6,2114.0,2022-08-05 00:09:15.107,192
6,2113.0,2022-08-05 00:09:14.920,192
6,2112.0,2022-08-05 00:09:14.733,192
6,2111.0,2022-08-05 00:09:14.550,192
6,2110.0,2022-08-05 00:09:14.363,192
6,2109.0,2022-08-05 00:09:14.180,192
6,2108.0,2022-08-05 00:09:13.993,192
6,2107.0,2022-08-05 00:09:13.810,192
6,2106.0,2022-08-05 00:09:13.623,192
6,2105.0,2022-08-05 00:09:13.437,192
6,2104.0,2022-08-05 00:09:13.253,192
6,2103.0,2022-08-05 00:09:13.067,192
6,2102.0,2022-08-05 00:09:12.883,192
6,2101.0,2022-08-05 00:09:12.697,192
6,2100.0,2022-08-05 00:09:12.513,192
6,2099.0,2022-08-05 00:09:12.327,192
6,2098.0,2022-08-05 00:09:12.143,192
6,2097.0,2022-08-05 00:09:11.960,192
6,2096.0,2022-08-05 00:09:11.773,192
6,2095.0,2022-08-05 00:09:11.587,192
6,2094.0,2022-08-05 00:09:11.397,192
6,2093.0,2022-08-05 00:09:11.210,192
6,2092.0,2022-08-05 00:09:11.027,192
6,2091.0,2022-08-05 00:09:10.837,192
6,2090.0,2022-08-05 00:09:10.650,192
6,2089.0,2022-08-05 00:09:10.463,192
6,2088.0,2022-08-05 00:09:10.277,192
6,2087.0,2022-08-05 00:09:10.090,192
6,2086.0,2022-08-05 00:09:09.903,192
6,2085.0,2022-08-05 00:09:09.717,192
6,2084.0,2022-08-05 00:09:09.533,192
6,2083.0,2022-08-05 00:09:09.350,192
6,2082.0,2022-08-05 00:09:09.163,192
6,2081.0,2022-08-05 00:09:08.977,192
6,2080.0,2022-08-05 00:09:08.793,192
6,2079.0,2022-08-05 00:09:08.607,192
6,2078.0,2022-08-05 00:09:08.420,192
6,2077.0,2022-08-05 00:09:08.230,192
6,2076.0,2022-08-05 00:09:08.043,192
6,2075.0,2022-08-05 00:09:07.860,192
6,2074.0,2022-08-05 00:09:07.677,192
6,2073.0,2022-08-05 00:09:07.490,192
6,2072.0,2022-08-05 00:09:07.303,192
6,2071.0,2022-08-05 00:09:07.120,192
6,2070.0,2022-08-05 00:09:06.933,192
6,2069.0,2022-08-05 00:09:06.750,192
6,2068.0,2022-08-05 00:09:06.563,192
6,2067.0,2022-08-05 00:09:06.380,192
6,2066.0,2022-08-05 00:09:06.190,192
6,2065.0,2022-08-05 00:09:06.007,192
6,2064.0,2022-08-05 00:09:05.820,192
6,2063.0,2022-08-05 00:09:05.633,192
6,2062.0,2022-08-05 00:09:05.447,192
6,2061.0,2022-08-05 00:09:05.260,192
6,2060.0,2022-08-05 00:09:05.073,192
6,2059.0,2022-08-05 00:09:04.890,192
6,2058.0,2022-08-05 00:09:04.703,192
6,2057.0,2022-08-05 00:09:04.520,192
6,2056.0,2022-08-05 00:09:04.330,192
6,2055.0,2022-08-05 00:09:04.147,192
6,2054.0,2022-08-05 00:09:03.963,192
6,2053.0,2022-08-05 00:09:03.777,192
6,2052.0,2022-08-05 00:09:03.593,192
6,2051.0,2022-08-05 00:09:03.407,192
6,2050.0,2022-08-05 00:09:03.220,192
6,2049.0,2022-08-05 00:09:03.033,192
6,2048.0,2022-08-05 00:09:02.847,192
6,2047.0,2022-08-05 00:09:02.660,192
6,2046.0,2022-08-05 00:09:02.477,192
6,2045.0,2022-08-05 00:09:02.290,192
6,2044.0,2022-08-05 00:09:02.107,192
6,2043.0,2022-08-05 00:09:01.920,192
6,2042.0,2022-08-05 00:09:01.737,192
6,2041.0,2022-08-05 00:09:01.553,192
6,2040.0,2022-08-05 00:09:01.370,192
6,2039.0,2022-08-05 00:09:01.180,192
6,2038.0,2022-08-05 00:09:00.993,192
6,2037.0,2022-08-05 00:09:00.803,192
6,2036.0,2022-08-05 00:09:00.620,192
6,2035.0,2022-08-05 00:09:00.437,192
6,2034.0,2022-08-05 00:09:00.247,192
6,2033.0,2022-08-05 00:09:00.060,192
6,2032.0,2022-08-05 00:08:59.873,192
6,2031.0,2022-08-05 00:08:59.687,192
6,2030.0,2022-08-05 00:08:59.500,192
6,2029.0,2022-08-05 00:08:59.310,192
6,2028.0,2022-08-05 00:08:59.123,192
6,2027.0,2022-08-05 00:08:58.940,192
6,2026.0,2022-08-05 00:08:58.753,192
6,2025.0,2022-08-05 00:08:58.563,192
6,2024.0,2022-08-05 00:08:58.380,192
6,2023.0,2022-08-05 00:08:58.193,192
6,2022.0,2022-08-05 00:08:58.007,192
6,2021.0,2022-08-05 00:08:57.820,192
6,2020.0,2022-08-05 00:08:57.633,192
6,2019.0,2022-08-05 00:08:57.447,192
6,2018.0,2022-08-05 00:08:57.260,192
6,2017.0,2022-08-05 00:08:57.073,192
6,2016.0,2022-08-05 00:08:56.890,192
6,2015.0,2022-08-05 00:08:56.707,192
6,2014.0,2022-08-05 00:08:56.520,192
6,2013.0,2022-08-05 00:08:56.333,192
6,2012.0,2022-08-05 00:08:56.150,192
6,2011.0,2022-08-05 00:08:55.963,192
6,2010.0,2022-08-05 00:08:55.773,192
6,2009.0,2022-08-05 00:08:55.587,192
6,2008.0,2022-08-05 00:08:55.403,192
6,2007.0,2022-08-05 00:08:55.217,192
6,2006.0,2022-08-05 00:08:55.030,192
6,2005.0,2022-08-05 00:08:54.847,192
6,2004.0,2022-08-05 00:08:54.663,192
6,2003.0,2022-08-05 00:08:54.477,192
6,2002.0,2022-08-05 00:08:54.290,192
6,2001.0,2022-08-05 00:08:54.103,192
6,2000.0,2022-08-05 00:08:53.917,192
6,1999.0,2022-08-05 00:08:53.730,192
6,1998.0,2022-08-05 00:08:53.543,192
6,1997.0,2022-08-05 00:08:53.357,192
6,1996.0,2022-08-05 00:08:53.173,192
6,1995.0,2022-08-05 00:08:52.990,192
6,1994.0,2022-08-05 00:08:52.807,192
6,1993.0,2022-08-05 00:08:52.623,192
6,1992.0,2022-08-05 00:08:52.440,192
6,1991.0,2022-08-05 00:08:52.253,192
6,1990.0,2022-08-05 00:08:52.067,192
6,1989.0,2022-08-05 00:08:51.877,192
6,1988.0,2022-08-05 00:08:51.693,192
6,1987.0,2022-08-05 00:08:51.507,192
6,1986.0,2022-08-05 00:08:51.323,192
6,1985.0,2022-08-05 00:08:51.137,192
6,1984.0,2022-08-05 00:08:50.950,192
6,1983.0,2022-08-05 00:08:50.767,192
6,1982.0,2022-08-05 00:08:50.580,192
6,1981.0,2022-08-05 00:08:50.393,192
6,1980.0,2022-08-05 00:08:50.210,192
6,1979.0,2022-08-05 00:08:50.027,192
6,1978.0,2022-08-05 00:08:49.840,192
6,1977.0,2022-08-05 00:08:49.653,192
6,1976.0,2022-08-05 00:08:49.470,192
6,1975.0,2022-08-05 00:08:49.287,192
6,1974.0,2022-08-05 00:08:49.100,192
6,1973.0,2022-08-05 00:08:48.917,192
6,1972.0,2022-08-05 00:08:48.733,192
6,1971.0,2022-08-05 00:08:48.547,192
6,1970.0,2022-08-05 00:08:48.360,192
6,1969.0,2022-08-05 00:08:48.177,192
6,1968.0,2022-08-05 00:08:47.990,192
6,1967.0,2022-08-05 00:08:47.803,192
6,1966.0,2022-08-05 00:08:47.620,192
6,1965.0,2022-08-05 00:08:47.433,192
6,1964.0,2022-08-05 00:08:47.250,192
6,1963.0,2022-08-05 00:08:47.067,192
6,1962.0,2022-08-05 00:08:46.880,192
6,1961.0,2022-08-05 00:08:46.697,192
6,1960.0,2022-08-05 00:08:46.513,192
6,1959.0,2022-08-05 00:08:46.327,192
6,1958.0,2022-08-05 00:08:46.143,192
6,1957.0,2022-08-05 00:08:45.957,192
6,1956.0,2022-08-05 00:08:45.773,192
6,1955.0,2022-08-05 00:08:45.587,192
6,1954.0,2022-08-05 00:08:45.403,192
6,1953.0,2022-08-05 00:08:45.220,192
6,1952.0,2022-08-05 00:08:45.033,192
6,1951.0,2022-08-05 00:08:44.850,192
6,1950.0,2022-08-05 00:08:44.667,192
6,1949.0,2022-08-05 00:08:44.483,192
6,1948.0,2022-08-05 00:08:44.297,192
6,1947.0,2022-08-05 00:08:44.113,192
6,1946.0,2022-08-05 00:08:43.927,192
6,1945.0,2022-08-05 00:08:43.743,192
6,1944.0,2022-08-05 00:08:43.557,192
6,1943.0,2022-08-05 00:08:43.370,192
6,1942.0,2022-08-05 00:08:43.183,192
6,1941.0,2022-08-05 00:08:43.000,192
6,1940.0,2022-08-05 00:08:42.817,192
6,1939.0,2022-08-05 00:08:42.633,192
6,1938.0,2022-08-05 00:08:42.447,192
6,1937.0,2022-08-05 00:08:42.263,192
6,1936.0,2022-08-05 00:08:42.077,192
6,1935.0,2022-08-05 00:08:41.893,192
6,1934.0,2022-08-05 00:08:41.710,192
6,1933.0,2022-08-05 00:08:41.523,192
6,1932.0,2022-08-05 00:08:41.337,192
6,1931.0,2022-08-05 00:08:41.153,192
6,1930.0,2022-08-05 00:08:40.970,192
6,1929.0,2022-08-05 00:08:40.783,192
6,1928.0,2022-08-05 00:08:40.600,192
6,1927.0,2022-08-05 00:08:40.417,192
6,1926.0,2022-08-05 00:08:40.233,192
6,1925.0,2022-08-05 00:08:40.047,192
6,1924.0,2022-08-05 00:08:39.860,192
6,1923.0,2022-08-05 00:08:39.673,192
6,1922.0,2022-08-05 00:08:39.483,192
6,1921.0,2022-08-05 00:08:39.300,192
6,1920.0,2022-08-05 00:08:39.117,192
6,1919.0,2022-08-05 00:08:38.930,192
6,1918.0,2022-08-05 00:08:38.743,192
6,1917.0,2022-08-05 00:08:38.563,192
6,1916.0,2022-08-05 00:08:38.377,192
6,1915.0,2022-08-05 00:08:38.193,192
6,1914.0,2022-08-05 00:08:38.003,192
6,1913.0,2022-08-05 00:08:37.820,192
6,1912.0,2022-08-05 00:08:37.637,192
6,1911.0,2022-08-05 00:08:37.447,192
6,1910.0,2022-08-05 00:08:37.260,192
6,1909.0,2022-08-05 00:08:37.073,192
6,1908.0,2022-08-05 00:08:36.887,192
6,1907.0,2022-08-05 00:08:36.703,192
6,1906.0,2022-08-05 00:08:36.513,192
6,1905.0,2022-08-05 00:08:36.313,192
6,1904.0,2022-08-05 00:08:36.130,192
6,1903.0,2022-08-05 00:08:35.943,192
6,1902.0,2022-08-05 00:08:35.757,192
6,1901.0,2022-08-05 00:08:35.570,192
6,1900.0,2022-08-05 00:08:35.387,192
6,1899.0,2022-08-05 00:08:35.200,192
6,1898.0,2022-08-05 00:08:35.013,192
6,1897.0,2022-08-05 00:08:34.827,192
6,1896.0,2022-08-05 00:08:34.643,192
6,1895.0,2022-08-05 00:08:34.460,192
6,1894.0,2022-08-05 00:08:34.277,192
6,1893.0,2022-08-05 00:08:34.090,192
6,1892.0,2022-08-05 00:08:33.907,192
6,1891.0,2022-08-05 00:08:33.723,192
6,1890.0,2022-08-05 00:08:33.537,192
6,1889.0,2022-08-05 00:08:33.353,192
6,1888.0,2022-08-05 00:08:33.170,192
6,1887.0,2022-08-05 00:08:32.983,192
6,1886.0,2022-08-05 00:08:32.797,192
6,1885.0,2022-08-05 00:08:32.613,192
6,1884.0,2022-08-05 00:08:32.430,192
6,1883.0,2022-08-05 00:08:32.243,192
6,1882.0,2022-08-05 00:08:32.057,192
6,1881.0,2022-08-05 00:08:31.870,192
6,1880.0,2022-08-05 00:08:31.687,192
6,1879.0,2022-08-05 00:08:31.500,192
6,1878.0,2022-08-05 00:08:31.317,192
6,1877.0,2022-08-05 00:08:31.133,192
6,1876.0,2022-08-05 00:08:30.947,192
6,1875.0,2022-08-05 00:08:30.763,192
6,1874.0,2022-08-05 00:08:30.573,192
6,1873.0,2022-08-05 00:08:30.390,192
6,1872.0,2022-08-05 00:08:30.203,192
6,1871.0,2022-08-05 00:08:30.017,192
6,1870.0,2022-08-05 00:08:29.830,192
6,1869.0,2022-08-05 00:08:29.647,192
6,1868.0,2022-08-05 00:08:29.460,192
6,1867.0,2022-08-05 00:08:29.277,192
6,1866.0,2022-08-05 00:08:29.090,192
6,1865.0,2022-08-05 00:08:28.907,192
6,1864.0,2022-08-05 00:08:28.720,192
6,1863.0,2022-08-05 00:08:28.537,192
6,1862.0,2022-08-05 00:08:28.353,192
6,1861.0,2022-08-05 00:08:28.167,192
6,1860.0,2022-08-05 00:08:27.983,192
6,1859.0,2022-08-05 00:08:27.797,192
6,1858.0,2022-08-05 00:08:27.610,192
6,1857.0,2022-08-05 00:08:27.423,192
6,1856.0,2022-08-05 00:08:27.240,192
6,1855.0,2022-08-05 00:08:27.053,192
6,1854.0,2022-08-05 00:08:26.870,192
6,1853.0,2022-08-05 00:08:26.687,192
6,1852.0,2022-08-05 00:08:26.500,192
6,1851.0,2022-08-05 00:08:26.317,192
6,1850.0,2022-08-05 00:08:26.130,192
6,1849.0,2022-08-05 00:08:25.943,192
6,1848.0,2022-08-05 00:08:25.757,192
6,1847.0,2022-08-05 00:08:25.573,192
6,1846.0,2022-08-05 00:08:25.387,192
6,1845.0,2022-08-05 00:08:25.200,192
6,1844.0,2022-08-05 00:08:25.013,192
6,1843.0,2022-08-05 00:08:24.830,192
6,1842.0,2022-08-05 00:08:24.643,192
6,1841.0,2022-08-05 00:08:24.460,192
6,1840.0,2022-08-05 00:08:24.277,192
6,1839.0,2022-08-05 00:08:24.090,192
6,1838.0,2022-08-05 00:08:23.907,192
6,1837.0,2022-08-05 00:08:23.720,192
6,1836.0,2022-08-05 00:08:23.537,192
6,1835.0,2022-08-05 00:08:23.353,192
6,1834.0,2022-08-05 00:08:23.170,192
6,1833.0,2022-08-05 00:08:22.987,192
6,1832.0,2022-08-05 00:08:22.800,192
6,1831.0,2022-08-05 00:08:22.617,192
6,1830.0,2022-08-05 00:08:22.430,192
6,1829.0,2022-08-05 00:08:22.247,192
6,1828.0,2022-08-05 00:08:22.063,192
6,1827.0,2022-08-05 00:08:21.880,192
6,1826.0,2022-08-05 00:08:21.693,192
6,1825.0,2022-08-05 00:08:21.510,192
6,1824.0,2022-08-05 00:08:21.327,192
6,1823.0,2022-08-05 00:08:21.140,192
6,1822.0,2022-08-05 00:08:20.957,192
6,1821.0,2022-08-05 00:08:20.770,192
6,1820.0,2022-08-05 00:08:20.583,192
6,1819.0,2022-08-05 00:08:20.397,192
6,1818.0,2022-08-05 00:08:20.213,192
6,1817.0,2022-08-05 00:08:20.027,192
6,1816.0,2022-08-05 00:08:19.840,192
6,1815.0,2022-08-05 00:08:19.653,192
6,1814.0,2022-08-05 00:08:19.470,192
6,1813.0,2022-08-05 00:08:19.283,192
6,1812.0,2022-08-05 00:08:19.097,192
6,1811.0,2022-08-05 00:08:18.910,192
6,1810.0,2022-08-05 00:08:18.723,192
6,1809.0,2022-08-05 00:08:18.540,192
6,1808.0,2022-08-05 00:08:18.357,192
6,1807.0,2022-08-05 00:08:18.170,192
6,1806.0,2022-08-05 00:08:17.987,192
6,1805.0,2022-08-05 00:08:17.800,192
6,1804.0,2022-08-05 00:08:17.617,192
6,1803.0,2022-08-05 00:08:17.430,192
6,1802.0,2022-08-05 00:08:17.243,192
6,1801.0,2022-08-05 00:08:17.060,192
6,1800.0,2022-08-05 00:08:16.873,192
6,1799.0,2022-08-05 00:08:16.683,192
6,1798.0,2022-08-05 00:08:16.503,192
6,1797.0,2022-08-05 00:08:16.313,192
6,1796.0,2022-08-05 00:08:16.127,192
6,1795.0,2022-08-05 00:08:15.943,192
6,1794.0,2022-08-05 00:08:15.753,192
6,1793.0,2022-08-05 00:08:15.570,192
6,1792.0,2022-08-05 00:08:15.383,192
6,1791.0,2022-08-05 00:08:15.193,192
6,1790.0,2022-08-05 00:08:15.007,192
6,1789.0,2022-08-05 00:08:14.820,192
6,1788.0,2022-08-05 00:08:14.637,192
6,1787.0,2022-08-05 00:08:14.447,192
6,1786.0,2022-08-05 00:08:14.263,192
6,1785.0,2022-08-05 00:08:14.077,192
6,1784.0,2022-08-05 00:08:13.897,192
6,1783.0,2022-08-05 00:08:13.710,192
6,1782.0,2022-08-05 00:08:13.527,192
6,1781.0,2022-08-05 00:08:13.340,192
6,1780.0,2022-08-05 00:08:13.160,192
6,1779.0,2022-08-05 00:08:12.973,192
6,1778.0,2022-08-05 00:08:12.790,192
6,1777.0,2022-08-05 00:08:12.603,192
6,1776.0,2022-08-05 00:08:12.417,192
6,1775.0,2022-08-05 00:08:12.233,192
6,1774.0,2022-08-05 00:08:12.047,192
6,1773.0,2022-08-05 00:08:11.863,192
6,1772.0,2022-08-05 00:08:11.680,192
6,1771.0,2022-08-05 00:08:11.493,192
6,1770.0,2022-08-05 00:08:11.303,192
6,1769.0,2022-08-05 00:08:11.120,192
6,1768.0,2022-08-05 00:08:10.937,192
6,1767.0,2022-08-05 00:08:10.750,192
6,1766.0,2022-08-05 00:08:10.563,192
6,1765.0,2022-08-05 00:08:10.380,192
6,1764.0,2022-08-05 00:08:10.193,192
6,1763.0,2022-08-05 00:08:10.007,192
6,1762.0,2022-08-05 00:08:09.820,192
6,1761.0,2022-08-05 00:08:09.637,192
6,1760.0,2022-08-05 00:08:09.453,192
6,1759.0,2022-08-05 00:08:09.263,192
6,1758.0,2022-08-05 00:08:09.080,192
6,1757.0,2022-08-05 00:08:08.897,192
6,1756.0,2022-08-05 00:08:08.710,192
6,1755.0,2022-08-05 00:08:08.527,192
6,1754.0,2022-08-05 00:08:08.343,192
6,1753.0,2022-08-05 00:08:08.157,192
6,1752.0,2022-08-05 00:08:07.970,192
6,1751.0,2022-08-05 00:08:07.787,192
6,1750.0,2022-08-05 00:08:07.600,192
6,1749.0,2022-08-05 00:08:07.417,192
6,1748.0,2022-08-05 00:08:07.230,192
6,1747.0,2022-08-05 00:08:07.043,192
6,1746.0,2022-08-05 00:08:06.860,192
6,1745.0,2022-08-05 00:08:06.673,192
6,1744.0,2022-08-05 00:08:06.487,192
6,1743.0,2022-08-05 00:08:06.300,192
6,1742.0,2022-08-05 00:08:06.117,192
6,1741.0,2022-08-05 00:08:05.930,192
6,1740.0,2022-08-05 00:08:05.743,192
6,1739.0,2022-08-05 00:08:05.557,192
6,1738.0,2022-08-05 00:08:05.370,192
6,1737.0,2022-08-05 00:08:05.183,192
6,1736.0,2022-08-05 00:08:04.997,192
6,1735.0,2022-08-05 00:08:04.813,192
6,1734.0,2022-08-05 00:08:04.627,192
6,1733.0,2022-08-05 00:08:04.443,192
6,1732.0,2022-08-05 00:08:04.260,192
6,1731.0,2022-08-05 00:08:04.073,192
6,1730.0,2022-08-05 00:08:03.890,192
6,1729.0,2022-08-05 00:08:03.707,192
6,1728.0,2022-08-05 00:08:03.520,192
6,1727.0,2022-08-05 00:08:03.333,192
6,1726.0,2022-08-05 00:08:03.150,192
6,1725.0,2022-08-05 00:08:02.967,192
6,1724.0,2022-08-05 00:08:02.783,192
6,1723.0,2022-08-05 00:08:02.597,192
6,1722.0,2022-08-05 00:08:02.410,192
6,1721.0,2022-08-05 00:08:02.227,192
6,1720.0,2022-08-05 00:08:02.040,192
6,1719.0,2022-08-05 00:08:01.853,192
6,1718.0,2022-08-05 00:08:01.667,192
6,1717.0,2022-08-05 00:08:01.480,192
6,1716.0,2022-08-05 00:08:01.297,192
6,1715.0,2022-08-05 00:08:01.110,192
6,1714.0,2022-08-05 00:08:00.927,192
6,1713.0,2022-08-05 00:08:00.740,192
6,1712.0,2022-08-05 00:08:00.557,192
6,1711.0,2022-08-05 00:08:00.370,192
6,1710.0,2022-08-05 00:08:00.183,192
6,1709.0,2022-08-05 00:08:00.000,192
6,1708.0,2022-08-05 00:07:59.813,192
6,1707.0,2022-08-05 00:07:59.630,192
6,1706.0,2022-08-05 00:07:59.443,192
6,1705.0,2022-08-05 00:07:59.260,192
6,1704.0,2022-08-05 00:07:59.077,192
6,1703.0,2022-08-05 00:07:58.890,192
6,1702.0,2022-08-05 00:07:58.707,192
6,1701.0,2022-08-05 00:07:58.520,192
6,1700.0,2022-08-05 00:07:58.337,192
6,1699.0,2022-08-05 00:07:58.150,192
6,1698.0,2022-08-05 00:07:57.967,192
6,1697.0,2022-08-05 00:07:57.783,192
6,1696.0,2022-08-05 00:07:57.600,192
6,1695.0,2022-08-05 00:07:57.413,192
6,1694.0,2022-08-05 00:07:57.230,192
6,1693.0,2022-08-05 00:07:57.043,192
6,1692.0,2022-08-05 00:07:56.860,192
6,1691.0,2022-08-05 00:07:56.673,192
6,1690.0,2022-08-05 00:07:56.490,192
6,1689.0,2022-08-05 00:07:56.300,192
6,1688.0,2022-08-05 00:07:56.117,192
6,1687.0,2022-08-05 00:07:55.930,192
6,1686.0,2022-08-05 00:07:55.747,192
6,1685.0,2022-08-05 00:07:55.563,192
6,1684.0,2022-08-05 00:07:55.377,192
6,1683.0,2022-08-05 00:07:55.190,192
6,1682.0,2022-08-05 00:07:55.000,192
6,1681.0,2022-08-05 00:07:54.817,192
6,1680.0,2022-08-05 00:07:54.630,192
6,1679.0,2022-08-05 00:07:54.443,192
6,1678.0,2022-08-05 00:07:54.260,192
6,1677.0,2022-08-05 00:07:54.073,192
6,1676.0,2022-08-05 00:07:53.887,192
6,1675.0,2022-08-05 00:07:53.703,192
6,1674.0,2022-08-05 00:07:53.517,192
6,1673.0,2022-08-05 00:07:53.337,192
6,1672.0,2022-08-05 00:07:53.150,192
6,1671.0,2022-08-05 00:07:52.963,192
6,1670.0,2022-08-05 00:07:52.780,192
6,1669.0,2022-08-05 00:07:52.593,192
6,1668.0,2022-08-05 00:07:52.410,192
6,1667.0,2022-08-05 00:07:52.223,192
6,1666.0,2022-08-05 00:07:52.037,192
6,1665.0,2022-08-05 00:07:51.850,192
6,1664.0,2022-08-05 00:07:51.667,192
6,1663.0,2022-08-05 00:07:51.480,192
6,1662.0,2022-08-05 00:07:51.297,192
6,1661.0,2022-08-05 00:07:51.110,192
6,1660.0,2022-08-05 00:07:50.923,192
6,1659.0,2022-08-05 00:07:50.740,192
6,1658.0,2022-08-05 00:07:50.547,192
6,1657.0,2022-08-05 00:07:50.353,192
6,1656.0,2022-08-05 00:07:50.167,192
6,1655.0,2022-08-05 00:07:49.987,192
6,1654.0,2022-08-05 00:07:49.800,192
6,1653.0,2022-08-05 00:07:49.617,192
6,1652.0,2022-08-05 00:07:49.430,192
6,1651.0,2022-08-05 00:07:49.250,192
6,1650.0,2022-08-05 00:07:49.067,192
6,1649.0,2022-08-05 00:07:48.880,192
6,1648.0,2022-08-05 00:07:48.693,192
6,1647.0,2022-08-05 00:07:48.513,192
6,1646.0,2022-08-05 00:07:48.330,192
6,1645.0,2022-08-05 00:07:48.143,192
6,1644.0,2022-08-05 00:07:47.957,192
6,1643.0,2022-08-05 00:07:47.773,192
6,1642.0,2022-08-05 00:07:47.590,192
6,1641.0,2022-08-05 00:07:47.407,192
6,1640.0,2022-08-05 00:07:47.223,192
6,1639.0,2022-08-05 00:07:47.033,192
6,1638.0,2022-08-05 00:07:46.850,192
6,1637.0,2022-08-05 00:07:46.667,192
6,1636.0,2022-08-05 00:07:46.483,192
6,1635.0,2022-08-05 00:07:46.297,192
6,1634.0,2022-08-05 00:07:46.110,192
6,1633.0,2022-08-05 00:07:45.927,192
6,1632.0,2022-08-05 00:07:45.743,192
6,1631.0,2022-08-05 00:07:45.560,192
6,1630.0,2022-08-05 00:07:45.373,192
6,1629.0,2022-08-05 00:07:45.190,192
6,1628.0,2022-08-05 00:07:45.003,192
6,1627.0,2022-08-05 00:07:44.820,192
6,1626.0,2022-08-05 00:07:44.633,192
6,1625.0,2022-08-05 00:07:44.450,192
6,1624.0,2022-08-05 00:07:44.267,192
6,1623.0,2022-08-05 00:07:44.083,192
6,1622.0,2022-08-05 00:07:43.897,192
6,1621.0,2022-08-05 00:07:43.713,192
6,1620.0,2022-08-05 00:07:43.527,192
6,1619.0,2022-08-05 00:07:43.343,192
6,1618.0,2022-08-05 00:07:43.160,192
6,1617.0,2022-08-05 00:07:42.973,192
6,1616.0,2022-08-05 00:07:42.787,192
6,1615.0,2022-08-05 00:07:42.600,192
6,1614.0,2022-08-05 00:07:42.417,192
6,1613.0,2022-08-05 00:07:42.230,192
6,1612.0,2022-08-05 00:07:42.043,192
6,1611.0,2022-08-05 00:07:41.857,192
6,1610.0,2022-08-05 00:07:41.677,192
6,1609.0,2022-08-05 00:07:41.490,192
6,1608.0,2022-08-05 00:07:41.307,192
6,1607.0,2022-08-05 00:07:41.120,192
6,1606.0,2022-08-05 00:07:40.933,192
6,1605.0,2022-08-05 00:07:40.750,192
6,1604.0,2022-08-05 00:07:40.567,192
6,1603.0,2022-08-05 00:07:40.380,192
6,1602.0,2022-08-05 00:07:40.197,192
6,1601.0,2022-08-05 00:07:40.013,192
6,1600.0,2022-08-05 00:07:39.827,192
6,1599.0,2022-08-05 00:07:39.643,192
6,1598.0,2022-08-05 00:07:39.460,192
6,1597.0,2022-08-05 00:07:39.273,192
6,1596.0,2022-08-05 00:07:39.087,192
6,1595.0,2022-08-05 00:07:38.903,192
6,1594.0,2022-08-05 00:07:38.717,192
6,1593.0,2022-08-05 00:07:38.533,192
6,1592.0,2022-08-05 00:07:38.350,192
6,1591.0,2022-08-05 00:07:38.167,192
6,1590.0,2022-08-05 00:07:37.983,192
6,1589.0,2022-08-05 00:07:37.797,192
6,1588.0,2022-08-05 00:07:37.613,192
6,1587.0,2022-08-05 00:07:37.430,192
6,1586.0,2022-08-05 00:07:37.243,192
6,1585.0,2022-08-05 00:07:37.060,192
6,1584.0,2022-08-05 00:07:36.873,192
6,1583.0,2022-08-05 00:07:36.690,192
6,1582.0,2022-08-05 00:07:36.507,192
6,1581.0,2022-08-05 00:07:36.320,192
6,1580.0,2022-08-05 00:07:36.137,192
6,1579.0,2022-08-05 00:07:35.953,192
6,1578.0,2022-08-05 00:07:35.767,192
6,1577.0,2022-08-05 00:07:35.583,192
6,1576.0,2022-08-05 00:07:35.397,192
6,1575.0,2022-08-05 00:07:35.213,192
6,1574.0,2022-08-05 00:07:35.027,192
6,1573.0,2022-08-05 00:07:34.840,192
6,1572.0,2022-08-05 00:07:34.657,192
6,1571.0,2022-08-05 00:07:34.473,192
6,1570.0,2022-08-05 00:07:34.290,192
6,1569.0,2022-08-05 00:07:34.107,192
6,1568.0,2022-08-05 00:07:33.920,192
6,1567.0,2022-08-05 00:07:33.737,192
6,1566.0,2022-08-05 00:07:33.553,192
6,1565.0,2022-08-05 00:07:33.367,192
6,1564.0,2022-08-05 00:07:33.180,192
6,1563.0,2022-08-05 00:07:32.997,192
6,1562.0,2022-08-05 00:07:32.813,192
6,1561.0,2022-08-05 00:07:32.630,192
6,1560.0,2022-08-05 00:07:32.447,192
6,1559.0,2022-08-05 00:07:32.260,192
6,1558.0,2022-08-05 00:07:32.077,192
6,1557.0,2022-08-05 00:07:31.893,192
6,1556.0,2022-08-05 00:07:31.707,192
6,1555.0,2022-08-05 00:07:31.523,192
6,1554.0,2022-08-05 00:07:31.340,192
6,1553.0,2022-08-05 00:07:31.157,192
6,1552.0,2022-08-05 00:07:30.973,192
6,1551.0,2022-08-05 00:07:30.787,192
6,1550.0,2022-08-05 00:07:30.600,192
6,1549.0,2022-08-05 00:07:30.417,192
6,1548.0,2022-08-05 00:07:30.230,192
6,1547.0,2022-08-05 00:07:30.047,192
6,1546.0,2022-08-05 00:07:29.863,192
6,1545.0,2022-08-05 00:07:29.677,192
6,1544.0,2022-08-05 00:07:29.493,192
6,1543.0,2022-08-05 00:07:29.307,192
6,1542.0,2022-08-05 00:07:29.127,192
6,1541.0,2022-08-05 00:07:28.940,192
6,1540.0,2022-08-05 00:07:28.760,192
6,1539.0,2022-08-05 00:07:28.573,192
6,1538.0,2022-08-05 00:07:28.390,192
6,1537.0,2022-08-05 00:07:28.203,192
6,1536.0,2022-08-05 00:07:28.020,192
6,1535.0,2022-08-05 00:07:27.837,192
6,1534.0,2022-08-05 00:07:27.650,192
6,1533.0,2022-08-05 00:07:27.467,192
6,1532.0,2022-08-05 00:07:27.280,192
6,1531.0,2022-08-05 00:07:27.097,192
6,1530.0,2022-08-05 00:07:26.910,192
6,1529.0,2022-08-05 00:07:26.727,192
6,1528.0,2022-08-05 00:07:26.543,192
6,1527.0,2022-08-05 00:07:26.360,192
6,1526.0,2022-08-05 00:07:26.177,192
6,1525.0,2022-08-05 00:07:25.993,192
6,1524.0,2022-08-05 00:07:25.810,192
6,1523.0,2022-08-05 00:07:25.627,192
6,1522.0,2022-08-05 00:07:25.440,192
6,1521.0,2022-08-05 00:07:25.257,192
6,1520.0,2022-08-05 00:07:25.070,192
6,1519.0,2022-08-05 00:07:24.883,192
6,1518.0,2022-08-05 00:07:24.700,192
6,1517.0,2022-08-05 00:07:24.517,192
6,1516.0,2022-08-05 00:07:24.333,192
6,1515.0,2022-08-05 00:07:24.147,192
6,1514.0,2022-08-05 00:07:23.960,192
6,1513.0,2022-08-05 00:07:23.777,192
6,1512.0,2022-08-05 00:07:23.593,192
6,1511.0,2022-08-05 00:07:23.410,192
6,1510.0,2022-08-05 00:07:23.223,192
6,1509.0,2022-08-05 00:07:23.040,192
6,1508.0,2022-08-05 00:07:22.857,192
6,1507.0,2022-08-05 00:07:22.670,192
6,1506.0,2022-08-05 00:07:22.487,192
6,1505.0,2022-08-05 00:07:22.300,192
6,1504.0,2022-08-05 00:07:22.117,192
6,1503.0,2022-08-05 00:07:21.930,192
6,1502.0,2022-08-05 00:07:21.747,192
6,1501.0,2022-08-05 00:07:21.560,192
6,1500.0,2022-08-05 00:07:21.377,192
6,1499.0,2022-08-05 00:07:21.190,192
6,1498.0,2022-08-05 00:07:21.007,192
6,1497.0,2022-08-05 00:07:20.823,192
6,1496.0,2022-08-05 00:07:20.643,192
6,1495.0,2022-08-05 00:07:20.440,192
6,1494.0,2022-08-05 00:07:20.253,192
6,1493.0,2022-08-05 00:07:20.067,192
6,1492.0,2022-08-05 00:07:19.883,192
6,1491.0,2022-08-05 00:07:19.700,192
6,1490.0,2022-08-05 00:07:19.513,192
6,1489.0,2022-08-05 00:07:19.330,192
6,1488.0,2022-08-05 00:07:19.147,192
6,1487.0,2022-08-05 00:07:18.963,192
6,1486.0,2022-08-05 00:07:18.777,192
6,1485.0,2022-08-05 00:07:18.597,192
6,1484.0,2022-08-05 00:07:18.410,192
6,1483.0,2022-08-05 00:07:18.227,192
6,1482.0,2022-08-05 00:07:18.043,192
6,1481.0,2022-08-05 00:07:17.857,192
6,1480.0,2022-08-05 00:07:17.673,192
6,1479.0,2022-08-05 00:07:17.490,192
6,1478.0,2022-08-05 00:07:17.307,192
6,1477.0,2022-08-05 00:07:17.123,192
6,1476.0,2022-08-05 00:07:16.937,192
6,1475.0,2022-08-05 00:07:16.753,192
6,1474.0,2022-08-05 00:07:16.570,192
6,1473.0,2022-08-05 00:07:16.383,192
6,1472.0,2022-08-05 00:07:16.197,192
6,1471.0,2022-08-05 00:07:16.010,192
6,1470.0,2022-08-05 00:07:15.827,192
6,1469.0,2022-08-05 00:07:15.640,192
6,1468.0,2022-08-05 00:07:15.453,192
6,1467.0,2022-08-05 00:07:15.270,192
6,1466.0,2022-08-05 00:07:15.087,192
6,1465.0,2022-08-05 00:07:14.900,192
6,1464.0,2022-08-05 00:07:14.717,192
6,1463.0,2022-08-05 00:07:14.533,192
6,1462.0,2022-08-05 00:07:14.347,192
6,1461.0,2022-08-05 00:07:14.160,192
6,1460.0,2022-08-05 00:07:13.977,192
6,1459.0,2022-08-05 00:07:13.790,192
6,1458.0,2022-08-05 00:07:13.607,192
6,1457.0,2022-08-05 00:07:13.420,192
6,1456.0,2022-08-05 00:07:13.233,192
6,1455.0,2022-08-05 00:07:13.050,192
6,1454.0,2022-08-05 00:07:12.867,192
6,1453.0,2022-08-05 00:07:12.680,192
6,1452.0,2022-08-05 00:07:12.493,192
6,1451.0,2022-08-05 00:07:12.307,192
6,1450.0,2022-08-05 00:07:12.123,192
6,1449.0,2022-08-05 00:07:11.937,192
6,1448.0,2022-08-05 00:07:11.753,192
6,1447.0,2022-08-05 00:07:11.567,192
6,1446.0,2022-08-05 00:07:11.380,192
6,1445.0,2022-08-05 00:07:11.197,192
6,1444.0,2022-08-05 00:07:11.010,192
6,1443.0,2022-08-05 00:07:10.823,192
6,1442.0,2022-08-05 00:07:10.637,192
6,1441.0,2022-08-05 00:07:10.450,192
6,1440.0,2022-08-05 00:07:10.267,192
6,1439.0,2022-08-05 00:07:10.077,192
6,1438.0,2022-08-05 00:07:09.890,192
6,1437.0,2022-08-05 00:07:09.703,192
6,1436.0,2022-08-05 00:07:09.517,192
6,1435.0,2022-08-05 00:07:09.333,192
6,1434.0,2022-08-05 00:07:09.147,192
6,1433.0,2022-08-05 00:07:08.960,192
6,1432.0,2022-08-05 00:07:08.777,192
6,1431.0,2022-08-05 00:07:08.593,192
6,1430.0,2022-08-05 00:07:08.410,192
6,1429.0,2022-08-05 00:07:08.223,192
6,1428.0,2022-08-05 00:07:08.040,192
6,1427.0,2022-08-05 00:07:07.853,192
6,1426.0,2022-08-05 00:07:07.670,192
6,1425.0,2022-08-05 00:07:07.487,192
6,1424.0,2022-08-05 00:07:07.307,192
6,1423.0,2022-08-05 00:07:07.120,192
6,1422.0,2022-08-05 00:07:06.927,192
6,1421.0,2022-08-05 00:07:06.737,192
6,1420.0,2022-08-05 00:07:06.553,192
6,1419.0,2022-08-05 00:07:06.367,192
6,1418.0,2022-08-05 00:07:06.183,192
6,1417.0,2022-08-05 00:07:05.980,192
6,1416.0,2022-08-05 00:07:05.797,192
6,1415.0,2022-08-05 00:07:05.613,192
6,1414.0,2022-08-05 00:07:05.427,192
6,1413.0,2022-08-05 00:07:05.240,192
6,1412.0,2022-08-05 00:07:05.053,192
6,1411.0,2022-08-05 00:07:04.867,192
6,1410.0,2022-08-05 00:07:04.687,192
6,1409.0,2022-08-05 00:07:04.500,192
6,1408.0,2022-08-05 00:07:04.317,192
6,1407.0,2022-08-05 00:07:04.130,192
6,1406.0,2022-08-05 00:07:03.947,192
6,1405.0,2022-08-05 00:07:03.760,192
6,1404.0,2022-08-05 00:07:03.577,192
6,1403.0,2022-08-05 00:07:03.393,192
6,1402.0,2022-08-05 00:07:03.203,192
6,1401.0,2022-08-05 00:07:03.020,192
6,1400.0,2022-08-05 00:07:02.833,192
6,1399.0,2022-08-05 00:07:02.637,192
6,1398.0,2022-08-05 00:07:02.453,192
6,1397.0,2022-08-05 00:07:02.270,192
6,1396.0,2022-08-05 00:07:02.087,192
6,1395.0,2022-08-05 00:07:01.903,192
6,1394.0,2022-08-05 00:07:01.720,192
6,1393.0,2022-08-05 00:07:01.533,192
6,1392.0,2022-08-05 00:07:01.347,192
6,1391.0,2022-08-05 00:07:01.163,192
6,1390.0,2022-08-05 00:07:00.980,192
6,1389.0,2022-08-05 00:07:00.793,192
6,1388.0,2022-08-05 00:07:00.607,192
6,1387.0,2022-08-05 00:07:00.423,192
6,1386.0,2022-08-05 00:07:00.237,192
6,1385.0,2022-08-05 00:07:00.053,192
6,1384.0,2022-08-05 00:06:59.870,192
6,1383.0,2022-08-05 00:06:59.683,192
6,1382.0,2022-08-05 00:06:59.497,192
6,1381.0,2022-08-05 00:06:59.310,192
6,1380.0,2022-08-05 00:06:59.123,192
6,1379.0,2022-08-05 00:06:58.943,192
6,1378.0,2022-08-05 00:06:58.753,192
6,1377.0,2022-08-05 00:06:58.567,192
6,1376.0,2022-08-05 00:06:58.380,192
6,1375.0,2022-08-05 00:06:58.197,192
6,1374.0,2022-08-05 00:06:58.007,192
6,1373.0,2022-08-05 00:06:57.820,192
6,1372.0,2022-08-05 00:06:57.637,192
6,1371.0,2022-08-05 00:06:57.450,192
6,1370.0,2022-08-05 00:06:57.263,192
6,1369.0,2022-08-05 00:06:57.077,192
6,1368.0,2022-08-05 00:06:56.890,192
6,1367.0,2022-08-05 00:06:56.707,192
6,1366.0,2022-08-05 00:06:56.523,192
6,1365.0,2022-08-05 00:06:56.337,192
6,1364.0,2022-08-05 00:06:56.153,192
6,1363.0,2022-08-05 00:06:55.970,192
6,1362.0,2022-08-05 00:06:55.783,192
6,1361.0,2022-08-05 00:06:55.600,192
6,1360.0,2022-08-05 00:06:55.413,192
6,1359.0,2022-08-05 00:06:55.230,192
6,1358.0,2022-08-05 00:06:55.040,192
6,1357.0,2022-08-05 00:06:54.857,192
6,1356.0,2022-08-05 00:06:54.670,192
6,1355.0,2022-08-05 00:06:54.483,192
6,1354.0,2022-08-05 00:06:54.300,192
6,1353.0,2022-08-05 00:06:54.113,192
6,1352.0,2022-08-05 00:06:53.930,192
6,1351.0,2022-08-05 00:06:53.747,192
6,1350.0,2022-08-05 00:06:53.560,192
6,1349.0,2022-08-05 00:06:53.377,192
6,1348.0,2022-08-05 00:06:53.190,192
6,1347.0,2022-08-05 00:06:53.010,192
6,1346.0,2022-08-05 00:06:52.827,192
6,1345.0,2022-08-05 00:06:52.643,192
6,1344.0,2022-08-05 00:06:52.457,192
6,1343.0,2022-08-05 00:06:52.270,192
6,1342.0,2022-08-05 00:06:52.087,192
6,1341.0,2022-08-05 00:06:51.903,192
6,1340.0,2022-08-05 00:06:51.720,192
6,1339.0,2022-08-05 00:06:51.533,192
6,1338.0,2022-08-05 00:06:51.343,192
6,1337.0,2022-08-05 00:06:51.160,192
6,1336.0,2022-08-05 00:06:50.977,192
6,1335.0,2022-08-05 00:06:50.790,192
6,1334.0,2022-08-05 00:06:50.600,192
6,1333.0,2022-08-05 00:06:50.413,192
6,1332.0,2022-08-05 00:06:50.227,192
6,1331.0,2022-08-05 00:06:50.043,192
6,1330.0,2022-08-05 00:06:49.860,192
6,1329.0,2022-08-05 00:06:49.673,192
6,1328.0,2022-08-05 00:06:49.487,192
6,1327.0,2022-08-05 00:06:49.300,192
6,1326.0,2022-08-05 00:06:49.113,192
6,1325.0,2022-08-05 00:06:48.930,192
6,1324.0,2022-08-05 00:06:48.747,192
6,1323.0,2022-08-05 00:06:48.560,192
6,1322.0,2022-08-05 00:06:48.377,192
6,1321.0,2022-08-05 00:06:48.190,192
6,1320.0,2022-08-05 00:06:48.007,192
6,1319.0,2022-08-05 00:06:47.823,192
6,1318.0,2022-08-05 00:06:47.637,192
6,1317.0,2022-08-05 00:06:47.457,192
6,1316.0,2022-08-05 00:06:47.270,192
6,1315.0,2022-08-05 00:06:47.087,192
6,1314.0,2022-08-05 00:06:46.903,192
6,1313.0,2022-08-05 00:06:46.720,192
6,1312.0,2022-08-05 00:06:46.537,192
6,1311.0,2022-08-05 00:06:46.350,192
6,1310.0,2022-08-05 00:06:46.163,192
6,1309.0,2022-08-05 00:06:45.980,192
6,1308.0,2022-08-05 00:06:45.797,192
6,1307.0,2022-08-05 00:06:45.610,192
6,1306.0,2022-08-05 00:06:45.427,192
6,1305.0,2022-08-05 00:06:45.243,192
6,1304.0,2022-08-05 00:06:45.060,192
6,1303.0,2022-08-05 00:06:44.873,192
6,1302.0,2022-08-05 00:06:44.687,192
6,1301.0,2022-08-05 00:06:44.500,192
6,1300.0,2022-08-05 00:06:44.313,192
6,1299.0,2022-08-05 00:06:44.130,192
6,1298.0,2022-08-05 00:06:43.943,192
6,1297.0,2022-08-05 00:06:43.757,192
6,1296.0,2022-08-05 00:06:43.573,192
6,1295.0,2022-08-05 00:06:43.387,192
6,1294.0,2022-08-05 00:06:43.200,192
6,1293.0,2022-08-05 00:06:43.013,192
6,1292.0,2022-08-05 00:06:42.827,192
6,1291.0,2022-08-05 00:06:42.643,192
6,1290.0,2022-08-05 00:06:42.460,192
6,1289.0,2022-08-05 00:06:42.273,192
6,1288.0,2022-08-05 00:06:42.090,192
6,1287.0,2022-08-05 00:06:41.903,192
6,1286.0,2022-08-05 00:06:41.720,192
6,1285.0,2022-08-05 00:06:41.537,192
6,1284.0,2022-08-05 00:06:41.350,192
6,1283.0,2022-08-05 00:06:41.163,192
6,1282.0,2022-08-05 00:06:40.980,192
6,1281.0,2022-08-05 00:06:40.790,192
6,1280.0,2022-08-05 00:06:40.603,192
6,1279.0,2022-08-05 00:06:40.417,192
6,1278.0,2022-08-05 00:06:40.233,192
6,1277.0,2022-08-05 00:06:40.050,192
6,1276.0,2022-08-05 00:06:39.867,192
6,1275.0,2022-08-05 00:06:39.680,192
6,1274.0,2022-08-05 00:06:39.497,192
6,1273.0,2022-08-05 00:06:39.310,192
6,1272.0,2022-08-05 00:06:39.123,192
6,1271.0,2022-08-05 00:06:38.940,192
6,1270.0,2022-08-05 00:06:38.757,192
6,1269.0,2022-08-05 00:06:38.570,192
6,1268.0,2022-08-05 00:06:38.387,192
6,1267.0,2022-08-05 00:06:38.200,192
6,1266.0,2022-08-05 00:06:38.013,192
6,1265.0,2022-08-05 00:06:37.830,192
6,1264.0,2022-08-05 00:06:37.643,192
6,1263.0,2022-08-05 00:06:37.457,192
6,1262.0,2022-08-05 00:06:37.270,192
6,1261.0,2022-08-05 00:06:37.083,192
6,1260.0,2022-08-05 00:06:36.900,192
6,1259.0,2022-08-05 00:06:36.710,192
6,1258.0,2022-08-05 00:06:36.527,192
6,1257.0,2022-08-05 00:06:36.340,192
6,1256.0,2022-08-05 00:06:36.157,192
6,1255.0,2022-08-05 00:06:35.970,192
6,1254.0,2022-08-05 00:06:35.787,192
6,1253.0,2022-08-05 00:06:35.603,192
6,1252.0,2022-08-05 00:06:35.417,192
6,1251.0,2022-08-05 00:06:35.233,192
6,1250.0,2022-08-05 00:06:35.050,192
6,1249.0,2022-08-05 00:06:34.867,192
6,1248.0,2022-08-05 00:06:34.683,192
6,1247.0,2022-08-05 00:06:34.497,192
6,1246.0,2022-08-05 00:06:34.313,192
6,1245.0,2022-08-05 00:06:34.127,192
6,1244.0,2022-08-05 00:06:33.940,192
6,1243.0,2022-08-05 00:06:33.740,192
6,1242.0,2022-08-05 00:06:33.553,192
6,1241.0,2022-08-05 00:06:33.367,192
6,1240.0,2022-08-05 00:06:33.180,192
6,1239.0,2022-08-05 00:06:32.993,192
6,1238.0,2022-08-05 00:06:32.810,192
6,1237.0,2022-08-05 00:06:32.623,192
6,1236.0,2022-08-05 00:06:32.440,192
6,1235.0,2022-08-05 00:06:32.257,192
6,1234.0,2022-08-05 00:06:32.073,192
6,1233.0,2022-08-05 00:06:31.887,192
6,1232.0,2022-08-05 00:06:31.703,192
6,1231.0,2022-08-05 00:06:31.517,192
6,1230.0,2022-08-05 00:06:31.333,192
6,1229.0,2022-08-05 00:06:31.147,192
6,1228.0,2022-08-05 00:06:30.963,192
6,1227.0,2022-08-05 00:06:30.777,192
6,1226.0,2022-08-05 00:06:30.590,192
6,1225.0,2022-08-05 00:06:30.400,192
6,1224.0,2022-08-05 00:06:30.213,192
6,1223.0,2022-08-05 00:06:30.030,192
6,1222.0,2022-08-05 00:06:29.843,192
6,1221.0,2022-08-05 00:06:29.657,192
6,1220.0,2022-08-05 00:06:29.470,192
6,1219.0,2022-08-05 00:06:29.287,192
6,1218.0,2022-08-05 00:06:29.100,192
6,1217.0,2022-08-05 00:06:28.917,192
6,1216.0,2022-08-05 00:06:28.730,192
6,1215.0,2022-08-05 00:06:28.540,192
6,1214.0,2022-08-05 00:06:28.357,192
6,1213.0,2022-08-05 00:06:28.167,192
6,1212.0,2022-08-05 00:06:27.983,192
6,1211.0,2022-08-05 00:06:27.800,192
6,1210.0,2022-08-05 00:06:27.617,192
6,1209.0,2022-08-05 00:06:27.430,192
6,1208.0,2022-08-05 00:06:27.243,192
6,1207.0,2022-08-05 00:06:27.053,192
6,1206.0,2022-08-05 00:06:26.870,192
6,1205.0,2022-08-05 00:06:26.687,192
6,1204.0,2022-08-05 00:06:26.497,192
6,1203.0,2022-08-05 00:06:26.313,192
6,1202.0,2022-08-05 00:06:26.127,192
6,1201.0,2022-08-05 00:06:25.937,192
6,1200.0,2022-08-05 00:06:25.753,192
6,1199.0,2022-08-05 00:06:25.570,192
6,1198.0,2022-08-05 00:06:25.383,192
6,1197.0,2022-08-05 00:06:25.200,192
6,1196.0,2022-08-05 00:06:25.013,192
6,1195.0,2022-08-05 00:06:24.830,192
6,1194.0,2022-08-05 00:06:24.643,192
6,1193.0,2022-08-05 00:06:24.457,192
6,1192.0,2022-08-05 00:06:24.273,192
6,1191.0,2022-08-05 00:06:24.087,192
6,1190.0,2022-08-05 00:06:23.900,192
6,1189.0,2022-08-05 00:06:23.717,192
6,1188.0,2022-08-05 00:06:23.527,192
6,1187.0,2022-08-05 00:06:23.343,192
6,1186.0,2022-08-05 00:06:23.160,192
6,1185.0,2022-08-05 00:06:22.973,192
6,1184.0,2022-08-05 00:06:22.787,192
6,1183.0,2022-08-05 00:06:22.603,192
6,1182.0,2022-08-05 00:06:22.417,192
6,1181.0,2022-08-05 00:06:22.233,192
6,1180.0,2022-08-05 00:06:22.047,192
6,1179.0,2022-08-05 00:06:21.867,192
6,1178.0,2022-08-05 00:06:21.683,192
6,1177.0,2022-08-05 00:06:21.497,192
6,1176.0,2022-08-05 00:06:21.310,192
6,1175.0,2022-08-05 00:06:21.127,192
6,1174.0,2022-08-05 00:06:20.943,192
6,1173.0,2022-08-05 00:06:20.757,192
6,1172.0,2022-08-05 00:06:20.573,192
6,1171.0,2022-08-05 00:06:20.390,192
6,1170.0,2022-08-05 00:06:20.203,192
6,1169.0,2022-08-05 00:06:20.017,192
6,1168.0,2022-08-05 00:06:19.833,192
6,1167.0,2022-08-05 00:06:19.650,192
6,1166.0,2022-08-05 00:06:19.463,192
6,1165.0,2022-08-05 00:06:19.280,192
6,1164.0,2022-08-05 00:06:19.097,192
6,1163.0,2022-08-05 00:06:18.897,192
6,1162.0,2022-08-05 00:06:18.710,192
6,1161.0,2022-08-05 00:06:18.523,192
6,1160.0,2022-08-05 00:06:18.333,192
6,1159.0,2022-08-05 00:06:18.150,192
6,1158.0,2022-08-05 00:06:17.960,192
6,1157.0,2022-08-05 00:06:17.777,192
6,1156.0,2022-08-05 00:06:17.593,192
6,1155.0,2022-08-05 00:06:17.407,192
6,1154.0,2022-08-05 00:06:17.223,192
6,1153.0,2022-08-05 00:06:17.037,192
6,1152.0,2022-08-05 00:06:16.853,192
6,1151.0,2022-08-05 00:06:16.670,192
6,1150.0,2022-08-05 00:06:16.480,192
6,1149.0,2022-08-05 00:06:16.297,192
6,1148.0,2022-08-05 00:06:16.113,192
6,1147.0,2022-08-05 00:06:15.927,192
6,1146.0,2022-08-05 00:06:15.740,192
6,1145.0,2022-08-05 00:06:15.557,192
6,1144.0,2022-08-05 00:06:15.373,192
6,1143.0,2022-08-05 00:06:15.187,192
6,1142.0,2022-08-05 00:06:15.003,192
6,1141.0,2022-08-05 00:06:14.817,192
6,1140.0,2022-08-05 00:06:14.630,192
6,1139.0,2022-08-05 00:06:14.447,192
6,1138.0,2022-08-05 00:06:14.260,192
6,1137.0,2022-08-05 00:06:14.077,192
6,1136.0,2022-08-05 00:06:13.890,192
6,1135.0,2022-08-05 00:06:13.707,192
6,1134.0,2022-08-05 00:06:13.523,192
6,1133.0,2022-08-05 00:06:13.337,192
6,1132.0,2022-08-05 00:06:13.153,192
6,1131.0,2022-08-05 00:06:12.963,192
6,1130.0,2022-08-05 00:06:12.780,192
6,1129.0,2022-08-05 00:06:12.597,192
6,1128.0,2022-08-05 00:06:12.410,192
6,1127.0,2022-08-05 00:06:12.227,192
6,1126.0,2022-08-05 00:06:12.043,192
6,1125.0,2022-08-05 00:06:11.860,192
6,1124.0,2022-08-05 00:06:11.673,192
6,1123.0,2022-08-05 00:06:11.490,192
6,1122.0,2022-08-05 00:06:11.303,192
6,1121.0,2022-08-05 00:06:11.120,192
6,1120.0,2022-08-05 00:06:10.933,192
6,1119.0,2022-08-05 00:06:10.750,192
6,1118.0,2022-08-05 00:06:10.563,192
6,1117.0,2022-08-05 00:06:10.380,192
6,1116.0,2022-08-05 00:06:10.197,192
6,1115.0,2022-08-05 00:06:10.010,192
6,1114.0,2022-08-05 00:06:09.827,192
6,1113.0,2022-08-05 00:06:09.643,192
6,1112.0,2022-08-05 00:06:09.457,192
6,1111.0,2022-08-05 00:06:09.270,192
6,1110.0,2022-08-05 00:06:09.087,192
6,1109.0,2022-08-05 00:06:08.903,192
6,1108.0,2022-08-05 00:06:08.720,192
6,1107.0,2022-08-05 00:06:08.533,192
6,1106.0,2022-08-05 00:06:08.353,192
6,1105.0,2022-08-05 00:06:08.167,192
6,1104.0,2022-08-05 00:06:07.980,192
6,1103.0,2022-08-05 00:06:07.797,192
6,1102.0,2022-08-05 00:06:07.607,192
6,1101.0,2022-08-05 00:06:07.423,192
6,1100.0,2022-08-05 00:06:07.233,192
6,1099.0,2022-08-05 00:06:07.047,192
6,1098.0,2022-08-05 00:06:06.863,192
6,1097.0,2022-08-05 00:06:06.680,192
6,1096.0,2022-08-05 00:06:06.493,192
6,1095.0,2022-08-05 00:06:06.307,192
6,1094.0,2022-08-05 00:06:06.123,192
6,1093.0,2022-08-05 00:06:05.937,192
6,1092.0,2022-08-05 00:06:05.753,192
6,1091.0,2022-08-05 00:06:05.570,192
6,1090.0,2022-08-05 00:06:05.383,192
6,1089.0,2022-08-05 00:06:05.197,192
6,1088.0,2022-08-05 00:06:05.010,192
6,1087.0,2022-08-05 00:06:04.827,192
6,1086.0,2022-08-05 00:06:04.640,192
6,1085.0,2022-08-05 00:06:04.453,192
6,1084.0,2022-08-05 00:06:04.270,192
6,1083.0,2022-08-05 00:06:04.087,192
6,1082.0,2022-08-05 00:06:03.903,192
6,1081.0,2022-08-05 00:06:03.717,192
6,1080.0,2022-08-05 00:06:03.530,192
6,1079.0,2022-08-05 00:06:03.347,192
6,1078.0,2022-08-05 00:06:03.163,192
6,1077.0,2022-08-05 00:06:02.977,192
6,1076.0,2022-08-05 00:06:02.787,192
6,1075.0,2022-08-05 00:06:02.603,192
6,1074.0,2022-08-05 00:06:02.420,192
6,1073.0,2022-08-05 00:06:02.233,192
6,1072.0,2022-08-05 00:06:02.047,192
6,1071.0,2022-08-05 00:06:01.860,192
6,1070.0,2022-08-05 00:06:01.673,192
6,1069.0,2022-08-05 00:06:01.487,192
6,1068.0,2022-08-05 00:06:01.303,192
6,1067.0,2022-08-05 00:06:01.117,192
6,1066.0,2022-08-05 00:06:00.930,192
6,1065.0,2022-08-05 00:06:00.743,192
6,1064.0,2022-08-05 00:06:00.560,192
6,1063.0,2022-08-05 00:06:00.373,192
6,1062.0,2022-08-05 00:06:00.187,192
6,1061.0,2022-08-05 00:06:00.003,192
6,1060.0,2022-08-05 00:05:59.820,192
6,1059.0,2022-08-05 00:05:59.633,192
6,1058.0,2022-08-05 00:05:59.450,192
6,1057.0,2022-08-05 00:05:59.263,192
6,1056.0,2022-08-05 00:05:59.077,192
6,1055.0,2022-08-05 00:05:58.893,192
6,1054.0,2022-08-05 00:05:58.707,192
6,1053.0,2022-08-05 00:05:58.520,192
6,1052.0,2022-08-05 00:05:58.333,192
6,1051.0,2022-08-05 00:05:58.150,192
6,1050.0,2022-08-05 00:05:57.967,192
6,1049.0,2022-08-05 00:05:57.780,192
6,1048.0,2022-08-05 00:05:57.593,192
6,1047.0,2022-08-05 00:05:57.407,192
6,1046.0,2022-08-05 00:05:57.223,192
6,1045.0,2022-08-05 00:05:57.037,192
6,1044.0,2022-08-05 00:05:56.850,192
6,1043.0,2022-08-05 00:05:56.667,192
6,1042.0,2022-08-05 00:05:56.480,192
6,1041.0,2022-08-05 00:05:56.297,192
6,1040.0,2022-08-05 00:05:56.110,192
6,1039.0,2022-08-05 00:05:55.927,192
6,1038.0,2022-08-05 00:05:55.743,192
6,1037.0,2022-08-05 00:05:55.560,192
6,1036.0,2022-08-05 00:05:55.373,192
6,1035.0,2022-08-05 00:05:55.190,192
6,1034.0,2022-08-05 00:05:55.003,192
6,1033.0,2022-08-05 00:05:54.820,192
6,1032.0,2022-08-05 00:05:54.633,192
6,1031.0,2022-08-05 00:05:54.450,192
6,1030.0,2022-08-05 00:05:54.263,192
6,1029.0,2022-08-05 00:05:54.077,192
6,1028.0,2022-08-05 00:05:53.887,192
6,1027.0,2022-08-05 00:05:53.703,192
6,1026.0,2022-08-05 00:05:53.517,192
6,1025.0,2022-08-05 00:05:53.330,192
6,1024.0,2022-08-05 00:05:53.143,192
6,1023.0,2022-08-05 00:05:52.960,192
6,1022.0,2022-08-05 00:05:52.777,192
6,1021.0,2022-08-05 00:05:52.593,192
6,1020.0,2022-08-05 00:05:52.407,192
6,1019.0,2022-08-05 00:05:52.220,192
6,1018.0,2022-08-05 00:05:52.033,192
6,1017.0,2022-08-05 00:05:51.847,192
6,1016.0,2022-08-05 00:05:51.660,192
6,1015.0,2022-08-05 00:05:51.477,192
6,1014.0,2022-08-05 00:05:51.287,192
6,1013.0,2022-08-05 00:05:51.103,192
6,1012.0,2022-08-05 00:05:50.917,192
6,1011.0,2022-08-05 00:05:50.730,192
6,1010.0,2022-08-05 00:05:50.547,192
6,1009.0,2022-08-05 00:05:50.363,192
6,1008.0,2022-08-05 00:05:50.177,192
6,1007.0,2022-08-05 00:05:49.990,192
6,1006.0,2022-08-05 00:05:49.807,192
6,1005.0,2022-08-05 00:05:49.623,192
6,1004.0,2022-08-05 00:05:49.440,192
6,1003.0,2022-08-05 00:05:49.257,192
6,1002.0,2022-08-05 00:05:49.070,192
6,1001.0,2022-08-05 00:05:48.887,192
6,1000.0,2022-08-05 00:05:48.700,192
6,999.0,2022-08-05 00:05:48.517,192
6,998.0,2022-08-05 00:05:48.327,192
6,997.0,2022-08-05 00:05:48.140,192
6,996.0,2022-08-05 00:05:47.957,192
6,995.0,2022-08-05 00:05:47.770,192
6,994.0,2022-08-05 00:05:47.583,192
6,993.0,2022-08-05 00:05:47.400,192
6,992.0,2022-08-05 00:05:47.217,192
6,991.0,2022-08-05 00:05:47.030,192
6,990.0,2022-08-05 00:05:46.847,192
6,989.0,2022-08-05 00:05:46.663,192
6,988.0,2022-08-05 00:05:46.477,192
6,987.0,2022-08-05 00:05:46.290,192
6,986.0,2022-08-05 00:05:46.103,192
6,985.0,2022-08-05 00:05:45.917,192
6,984.0,2022-08-05 00:05:45.730,192
6,983.0,2022-08-05 00:05:45.547,192
6,982.0,2022-08-05 00:05:45.363,192
6,981.0,2022-08-05 00:05:45.177,192
6,980.0,2022-08-05 00:05:44.990,192
6,979.0,2022-08-05 00:05:44.807,192
6,978.0,2022-08-05 00:05:44.620,192
6,977.0,2022-08-05 00:05:44.437,192
6,976.0,2022-08-05 00:05:44.253,192
6,975.0,2022-08-05 00:05:44.067,192
6,974.0,2022-08-05 00:05:43.880,192
6,973.0,2022-08-05 00:05:43.697,192
6,972.0,2022-08-05 00:05:43.510,192
6,971.0,2022-08-05 00:05:43.323,192
6,970.0,2022-08-05 00:05:43.140,192
6,969.0,2022-08-05 00:05:42.953,192
6,968.0,2022-08-05 00:05:42.767,192
6,967.0,2022-08-05 00:05:42.580,192
6,966.0,2022-08-05 00:05:42.393,192
6,965.0,2022-08-05 00:05:42.207,192
6,964.0,2022-08-05 00:05:42.020,192
6,963.0,2022-08-05 00:05:41.833,192
6,962.0,2022-08-05 00:05:41.650,192
6,961.0,2022-08-05 00:05:41.463,192
6,960.0,2022-08-05 00:05:41.277,192
6,959.0,2022-08-05 00:05:41.093,192
6,958.0,2022-08-05 00:05:40.903,192
6,957.0,2022-08-05 00:05:40.720,192
6,956.0,2022-08-05 00:05:40.533,192
6,955.0,2022-08-05 00:05:40.350,192
6,954.0,2022-08-05 00:05:40.163,192
6,953.0,2022-08-05 00:05:39.980,192
6,952.0,2022-08-05 00:05:39.797,192
6,951.0,2022-08-05 00:05:39.610,192
6,950.0,2022-08-05 00:05:39.427,192
6,949.0,2022-08-05 00:05:39.240,192
6,948.0,2022-08-05 00:05:39.053,192
6,947.0,2022-08-05 00:05:38.867,192
6,946.0,2022-08-05 00:05:38.683,192
6,945.0,2022-08-05 00:05:38.497,192
6,944.0,2022-08-05 00:05:38.313,192
6,943.0,2022-08-05 00:05:38.127,192
6,942.0,2022-08-05 00:05:37.940,192
6,941.0,2022-08-05 00:05:37.757,192
6,940.0,2022-08-05 00:05:37.573,192
6,939.0,2022-08-05 00:05:37.390,192
6,938.0,2022-08-05 00:05:37.203,192
6,937.0,2022-08-05 00:05:37.020,192
6,936.0,2022-08-05 00:05:36.837,192
6,935.0,2022-08-05 00:05:36.653,192
6,934.0,2022-08-05 00:05:36.467,192
6,933.0,2022-08-05 00:05:36.280,192
6,932.0,2022-08-05 00:05:36.093,192
6,931.0,2022-08-05 00:05:35.910,192
6,930.0,2022-08-05 00:05:35.723,192
6,929.0,2022-08-05 00:05:35.537,192
6,928.0,2022-08-05 00:05:35.353,192
6,927.0,2022-08-05 00:05:35.167,192
6,926.0,2022-08-05 00:05:34.980,192
6,925.0,2022-08-05 00:05:34.793,192
6,924.0,2022-08-05 00:05:34.610,192
6,923.0,2022-08-05 00:05:34.427,192
6,922.0,2022-08-05 00:05:34.240,192
6,921.0,2022-08-05 00:05:34.057,192
6,920.0,2022-08-05 00:05:33.870,192
6,919.0,2022-08-05 00:05:33.687,192
6,918.0,2022-08-05 00:05:33.503,192
6,917.0,2022-08-05 00:05:33.320,192
6,916.0,2022-08-05 00:05:33.137,192
6,915.0,2022-08-05 00:05:32.953,192
6,914.0,2022-08-05 00:05:32.770,192
6,913.0,2022-08-05 00:05:32.587,192
6,912.0,2022-08-05 00:05:32.400,192
6,911.0,2022-08-05 00:05:32.213,192
6,910.0,2022-08-05 00:05:32.030,192
6,909.0,2022-08-05 00:05:31.847,192
6,908.0,2022-08-05 00:05:31.660,192
6,907.0,2022-08-05 00:05:31.477,192
6,906.0,2022-08-05 00:05:31.290,192
6,905.0,2022-08-05 00:05:31.107,192
6,904.0,2022-08-05 00:05:30.923,192
6,903.0,2022-08-05 00:05:30.740,192
6,902.0,2022-08-05 00:05:30.557,192
6,901.0,2022-08-05 00:05:30.367,192
6,900.0,2022-08-05 00:05:30.180,192
6,899.0,2022-08-05 00:05:29.997,192
6,898.0,2022-08-05 00:05:29.810,192
6,897.0,2022-08-05 00:05:29.627,192
6,896.0,2022-08-05 00:05:29.440,192
6,895.0,2022-08-05 00:05:29.257,192
6,894.0,2022-08-05 00:05:29.070,192
6,893.0,2022-08-05 00:05:28.887,192
6,892.0,2022-08-05 00:05:28.703,192
6,891.0,2022-08-05 00:05:28.520,192
6,890.0,2022-08-05 00:05:28.337,192
6,889.0,2022-08-05 00:05:28.150,192
6,888.0,2022-08-05 00:05:27.967,192
6,887.0,2022-08-05 00:05:27.780,192
6,886.0,2022-08-05 00:05:27.593,192
6,885.0,2022-08-05 00:05:27.410,192
6,884.0,2022-08-05 00:05:27.223,192
6,883.0,2022-08-05 00:05:27.037,192
6,882.0,2022-08-05 00:05:26.853,192
6,881.0,2022-08-05 00:05:26.667,192
6,880.0,2022-08-05 00:05:26.483,192
6,879.0,2022-08-05 00:05:26.297,192
6,878.0,2022-08-05 00:05:26.110,192
6,877.0,2022-08-05 00:05:25.927,192
6,876.0,2022-08-05 00:05:25.740,192
6,875.0,2022-08-05 00:05:25.557,192
6,874.0,2022-08-05 00:05:25.370,192
6,873.0,2022-08-05 00:05:25.187,192
6,872.0,2022-08-05 00:05:25.003,192
6,871.0,2022-08-05 00:05:24.820,192
6,870.0,2022-08-05 00:05:24.633,192
6,869.0,2022-08-05 00:05:24.447,192
6,868.0,2022-08-05 00:05:24.263,192
6,867.0,2022-08-05 00:05:24.077,192
6,866.0,2022-08-05 00:05:23.893,192
6,865.0,2022-08-05 00:05:23.707,192
6,864.0,2022-08-05 00:05:23.520,192
6,863.0,2022-08-05 00:05:23.333,192
6,862.0,2022-08-05 00:05:23.150,192
6,861.0,2022-08-05 00:05:22.963,192
6,860.0,2022-08-05 00:05:22.777,192
6,859.0,2022-08-05 00:05:22.590,192
6,858.0,2022-08-05 00:05:22.403,192
6,857.0,2022-08-05 00:05:22.220,192
6,856.0,2022-08-05 00:05:22.033,192
6,855.0,2022-08-05 00:05:21.850,192
6,854.0,2022-08-05 00:05:21.663,192
6,853.0,2022-08-05 00:05:21.480,192
6,852.0,2022-08-05 00:05:21.297,192
6,851.0,2022-08-05 00:05:21.113,192
6,850.0,2022-08-05 00:05:20.927,192
6,849.0,2022-08-05 00:05:20.740,192
6,848.0,2022-08-05 00:05:20.557,192
6,847.0,2022-08-05 00:05:20.373,192
6,846.0,2022-08-05 00:05:20.187,192
6,845.0,2022-08-05 00:05:20.003,192
6,844.0,2022-08-05 00:05:19.817,192
6,843.0,2022-08-05 00:05:19.633,192
6,842.0,2022-08-05 00:05:19.447,192
6,841.0,2022-08-05 00:05:19.260,192
6,840.0,2022-08-05 00:05:19.077,192
6,839.0,2022-08-05 00:05:18.893,192
6,838.0,2022-08-05 00:05:18.707,192
6,837.0,2022-08-05 00:05:18.523,192
6,836.0,2022-08-05 00:05:18.337,192
6,835.0,2022-08-05 00:05:18.153,192
6,834.0,2022-08-05 00:05:17.967,192
6,833.0,2022-08-05 00:05:17.787,192
6,832.0,2022-08-05 00:05:17.600,192
6,831.0,2022-08-05 00:05:17.417,192
6,830.0,2022-08-05 00:05:17.230,192
6,829.0,2022-08-05 00:05:17.047,192
6,828.0,2022-08-05 00:05:16.860,192
6,827.0,2022-08-05 00:05:16.677,192
6,826.0,2022-08-05 00:05:16.493,192
6,825.0,2022-08-05 00:05:16.307,192
6,824.0,2022-08-05 00:05:16.123,192
6,823.0,2022-08-05 00:05:15.937,192
6,822.0,2022-08-05 00:05:15.753,192
6,821.0,2022-08-05 00:05:15.570,192
6,820.0,2022-08-05 00:05:15.383,192
6,819.0,2022-08-05 00:05:15.200,192
6,818.0,2022-08-05 00:05:15.013,192
6,817.0,2022-08-05 00:05:14.830,192
6,816.0,2022-08-05 00:05:14.643,192
6,815.0,2022-08-05 00:05:14.460,192
6,814.0,2022-08-05 00:05:14.277,192
6,813.0,2022-08-05 00:05:14.090,192
6,812.0,2022-08-05 00:05:13.903,192
6,811.0,2022-08-05 00:05:13.720,192
6,810.0,2022-08-05 00:05:13.533,192
6,809.0,2022-08-05 00:05:13.347,192
6,808.0,2022-08-05 00:05:13.163,192
6,807.0,2022-08-05 00:05:12.980,192
6,806.0,2022-08-05 00:05:12.793,192
6,805.0,2022-08-05 00:05:12.610,192
6,804.0,2022-08-05 00:05:12.423,192
6,803.0,2022-08-05 00:05:12.240,192
6,802.0,2022-08-05 00:05:12.057,192
6,801.0,2022-08-05 00:05:11.870,192
6,800.0,2022-08-05 00:05:11.683,192
6,799.0,2022-08-05 00:05:11.500,192
6,798.0,2022-08-05 00:05:11.317,192
6,797.0,2022-08-05 00:05:11.133,192
6,796.0,2022-08-05 00:05:10.943,192
6,795.0,2022-08-05 00:05:10.760,192
6,794.0,2022-08-05 00:05:10.570,192
6,793.0,2022-08-05 00:05:10.387,192
6,792.0,2022-08-05 00:05:10.200,192
6,791.0,2022-08-05 00:05:10.013,192
6,790.0,2022-08-05 00:05:09.830,192
6,789.0,2022-08-05 00:05:09.643,192
6,788.0,2022-08-05 00:05:09.457,192
6,787.0,2022-08-05 00:05:09.273,192
6,786.0,2022-08-05 00:05:09.087,192
6,785.0,2022-08-05 00:05:08.903,192
6,784.0,2022-08-05 00:05:08.717,192
6,783.0,2022-08-05 00:05:08.530,192
6,782.0,2022-08-05 00:05:08.343,192
6,781.0,2022-08-05 00:05:08.160,192
6,780.0,2022-08-05 00:05:07.970,192
6,779.0,2022-08-05 00:05:07.787,192
6,778.0,2022-08-05 00:05:07.600,192
6,777.0,2022-08-05 00:05:07.417,192
6,776.0,2022-08-05 00:05:07.227,192
6,775.0,2022-08-05 00:05:07.040,192
6,774.0,2022-08-05 00:05:06.857,192
6,773.0,2022-08-05 00:05:06.670,192
6,772.0,2022-08-05 00:05:06.487,192
6,771.0,2022-08-05 00:05:06.300,192
6,770.0,2022-08-05 00:05:06.113,192
6,769.0,2022-08-05 00:05:05.930,192
6,768.0,2022-08-05 00:05:05.747,192
6,767.0,2022-08-05 00:05:05.563,192
6,766.0,2022-08-05 00:05:05.377,192
6,765.0,2022-08-05 00:05:05.190,192
6,764.0,2022-08-05 00:05:05.003,192
6,763.0,2022-08-05 00:05:04.820,192
6,762.0,2022-08-05 00:05:04.630,192
6,761.0,2022-08-05 00:05:04.443,192
6,760.0,2022-08-05 00:05:04.260,192
6,759.0,2022-08-05 00:05:04.073,192
6,758.0,2022-08-05 00:05:03.890,192
6,757.0,2022-08-05 00:05:03.703,192
6,756.0,2022-08-05 00:05:03.520,192
6,755.0,2022-08-05 00:05:03.330,192
6,754.0,2022-08-05 00:05:03.143,192
6,753.0,2022-08-05 00:05:02.957,192
6,752.0,2022-08-05 00:05:02.773,192
6,751.0,2022-08-05 00:05:02.587,192
6,750.0,2022-08-05 00:05:02.400,192
6,749.0,2022-08-05 00:05:02.217,192
6,748.0,2022-08-05 00:05:02.030,192
6,747.0,2022-08-05 00:05:01.843,192
6,746.0,2022-08-05 00:05:01.660,192
6,745.0,2022-08-05 00:05:01.473,192
6,744.0,2022-08-05 00:05:01.290,192
6,743.0,2022-08-05 00:05:01.103,192
6,742.0,2022-08-05 00:05:00.917,192
6,741.0,2022-08-05 00:05:00.730,192
6,740.0,2022-08-05 00:05:00.543,192
6,739.0,2022-08-05 00:05:00.360,192
6,738.0,2022-08-05 00:05:00.170,192
6,737.0,2022-08-05 00:04:59.987,192
6,736.0,2022-08-05 00:04:59.803,192
6,735.0,2022-08-05 00:04:59.620,192
6,734.0,2022-08-05 00:04:59.430,192
6,733.0,2022-08-05 00:04:59.243,192
6,732.0,2022-08-05 00:04:59.060,192
6,731.0,2022-08-05 00:04:58.873,192
6,730.0,2022-08-05 00:04:58.687,192
6,729.0,2022-08-05 00:04:58.503,192
6,728.0,2022-08-05 00:04:58.317,192
6,727.0,2022-08-05 00:04:58.130,192
6,726.0,2022-08-05 00:04:57.943,192
6,725.0,2022-08-05 00:04:57.757,192
6,724.0,2022-08-05 00:04:57.573,192
6,723.0,2022-08-05 00:04:57.390,192
6,722.0,2022-08-05 00:04:57.210,192
6,721.0,2022-08-05 00:04:57.027,192
6,720.0,2022-08-05 00:04:56.843,192
6,719.0,2022-08-05 00:04:56.657,192
6,718.0,2022-08-05 00:04:56.473,192
6,717.0,2022-08-05 00:04:56.290,192
6,716.0,2022-08-05 00:04:56.103,192
6,715.0,2022-08-05 00:04:55.917,192
6,714.0,2022-08-05 00:04:55.733,192
6,713.0,2022-08-05 00:04:55.547,192
6,712.0,2022-08-05 00:04:55.360,192
6,711.0,2022-08-05 00:04:55.177,192
6,710.0,2022-08-05 00:04:54.990,192
6,709.0,2022-08-05 00:04:54.803,192
6,708.0,2022-08-05 00:04:54.617,192
6,707.0,2022-08-05 00:04:54.430,192
6,706.0,2022-08-05 00:04:54.243,192
6,705.0,2022-08-05 00:04:54.060,192
6,704.0,2022-08-05 00:04:53.873,192
6,703.0,2022-08-05 00:04:53.687,192
6,702.0,2022-08-05 00:04:53.503,192
6,701.0,2022-08-05 00:04:53.317,192
6,700.0,2022-08-05 00:04:53.133,192
6,699.0,2022-08-05 00:04:52.947,192
6,698.0,2022-08-05 00:04:52.763,192
6,697.0,2022-08-05 00:04:52.577,192
6,696.0,2022-08-05 00:04:52.390,192
6,695.0,2022-08-05 00:04:52.203,192
6,694.0,2022-08-05 00:04:52.020,192
6,693.0,2022-08-05 00:04:51.837,192
6,692.0,2022-08-05 00:04:51.650,192
6,691.0,2022-08-05 00:04:51.467,192
6,690.0,2022-08-05 00:04:51.283,192
6,689.0,2022-08-05 00:04:51.097,192
6,688.0,2022-08-05 00:04:50.913,192
6,687.0,2022-08-05 00:04:50.727,192
6,686.0,2022-08-05 00:04:50.543,192
6,685.0,2022-08-05 00:04:50.357,192
6,684.0,2022-08-05 00:04:50.173,192
6,683.0,2022-08-05 00:04:49.973,192
6,682.0,2022-08-05 00:04:49.787,192
6,681.0,2022-08-05 00:04:49.603,192
6,680.0,2022-08-05 00:04:49.417,192
6,679.0,2022-08-05 00:04:49.230,192
6,678.0,2022-08-05 00:04:49.047,192
6,677.0,2022-08-05 00:04:48.863,192
6,676.0,2022-08-05 00:04:48.680,192
6,675.0,2022-08-05 00:04:48.493,192
6,674.0,2022-08-05 00:04:48.307,192
6,673.0,2022-08-05 00:04:48.123,192
6,672.0,2022-08-05 00:04:47.940,192
6,671.0,2022-08-05 00:04:47.753,192
6,670.0,2022-08-05 00:04:47.567,192
6,669.0,2022-08-05 00:04:47.383,192
6,668.0,2022-08-05 00:04:47.197,192
6,667.0,2022-08-05 00:04:47.013,192
6,666.0,2022-08-05 00:04:46.830,192
6,665.0,2022-08-05 00:04:46.643,192
6,664.0,2022-08-05 00:04:46.457,192
6,663.0,2022-08-05 00:04:46.267,192
6,662.0,2022-08-05 00:04:46.083,192
6,661.0,2022-08-05 00:04:45.897,192
6,660.0,2022-08-05 00:04:45.710,192
6,659.0,2022-08-05 00:04:45.523,192
6,658.0,2022-08-05 00:04:45.337,192
6,657.0,2022-08-05 00:04:45.153,192
6,656.0,2022-08-05 00:04:44.967,192
6,655.0,2022-08-05 00:04:44.780,192
6,654.0,2022-08-05 00:04:44.593,192
6,653.0,2022-08-05 00:04:44.407,192
6,652.0,2022-08-05 00:04:44.223,192
6,651.0,2022-08-05 00:04:44.037,192
6,650.0,2022-08-05 00:04:43.853,192
6,649.0,2022-08-05 00:04:43.670,192
6,648.0,2022-08-05 00:04:43.483,192
6,647.0,2022-08-05 00:04:43.300,192
6,646.0,2022-08-05 00:04:43.117,192
6,645.0,2022-08-05 00:04:42.930,192
6,644.0,2022-08-05 00:04:42.747,192
6,643.0,2022-08-05 00:04:42.560,192
6,642.0,2022-08-05 00:04:42.373,192
6,641.0,2022-08-05 00:04:42.187,192
6,640.0,2022-08-05 00:04:42.003,192
6,639.0,2022-08-05 00:04:41.817,192
6,638.0,2022-08-05 00:04:41.633,192
6,637.0,2022-08-05 00:04:41.447,192
6,636.0,2022-08-05 00:04:41.260,192
6,635.0,2022-08-05 00:04:41.077,192
6,634.0,2022-08-05 00:04:40.893,192
6,633.0,2022-08-05 00:04:40.707,192
6,632.0,2022-08-05 00:04:40.523,192
6,631.0,2022-08-05 00:04:40.340,192
6,630.0,2022-08-05 00:04:40.157,192
6,629.0,2022-08-05 00:04:39.970,192
6,628.0,2022-08-05 00:04:39.783,192
6,627.0,2022-08-05 00:04:39.597,192
6,626.0,2022-08-05 00:04:39.410,192
6,625.0,2022-08-05 00:04:39.227,192
6,624.0,2022-08-05 00:04:39.040,192
6,623.0,2022-08-05 00:04:38.857,192
6,622.0,2022-08-05 00:04:38.673,192
6,621.0,2022-08-05 00:04:38.490,192
6,620.0,2022-08-05 00:04:38.303,192
6,619.0,2022-08-05 00:04:38.120,192
6,618.0,2022-08-05 00:04:37.940,192
6,617.0,2022-08-05 00:04:37.757,192
6,616.0,2022-08-05 00:04:37.570,192
6,615.0,2022-08-05 00:04:37.387,192
6,614.0,2022-08-05 00:04:37.203,192
6,613.0,2022-08-05 00:04:37.020,192
6,612.0,2022-08-05 00:04:36.837,192
6,611.0,2022-08-05 00:04:36.650,192
6,610.0,2022-08-05 00:04:36.467,192
6,609.0,2022-08-05 00:04:36.280,192
6,608.0,2022-08-05 00:04:36.097,192
6,607.0,2022-08-05 00:04:35.910,192
6,606.0,2022-08-05 00:04:35.727,192
6,605.0,2022-08-05 00:04:35.540,192
6,604.0,2022-08-05 00:04:35.357,192
6,603.0,2022-08-05 00:04:35.170,192
6,602.0,2022-08-05 00:04:34.987,192
6,601.0,2022-08-05 00:04:34.803,192
6,600.0,2022-08-05 00:04:34.617,192
6,599.0,2022-08-05 00:04:34.433,192
6,598.0,2022-08-05 00:04:34.250,192
6,597.0,2022-08-05 00:04:34.063,192
6,596.0,2022-08-05 00:04:33.880,192
6,595.0,2022-08-05 00:04:33.697,192
6,594.0,2022-08-05 00:04:33.513,192
6,593.0,2022-08-05 00:04:33.330,192
6,592.0,2022-08-05 00:04:33.143,192
6,591.0,2022-08-05 00:04:32.960,192
6,590.0,2022-08-05 00:04:32.773,192
6,589.0,2022-08-05 00:04:32.590,192
6,588.0,2022-08-05 00:04:32.407,192
6,587.0,2022-08-05 00:04:32.220,192
6,586.0,2022-08-05 00:04:32.033,192
6,585.0,2022-08-05 00:04:31.847,192
6,584.0,2022-08-05 00:04:31.663,192
6,583.0,2022-08-05 00:04:31.473,192
6,582.0,2022-08-05 00:04:31.287,192
6,581.0,2022-08-05 00:04:31.103,192
6,580.0,2022-08-05 00:04:30.913,192
6,579.0,2022-08-05 00:04:30.730,192
6,578.0,2022-08-05 00:04:30.543,192
6,577.0,2022-08-05 00:04:30.360,192
6,576.0,2022-08-05 00:04:30.173,192
6,575.0,2022-08-05 00:04:29.987,192
6,574.0,2022-08-05 00:04:29.800,192
6,573.0,2022-08-05 00:04:29.617,192
6,572.0,2022-08-05 00:04:29.433,192
6,571.0,2022-08-05 00:04:29.250,192
6,570.0,2022-08-05 00:04:29.063,192
6,569.0,2022-08-05 00:04:28.877,192
6,568.0,2022-08-05 00:04:28.693,192
6,567.0,2022-08-05 00:04:28.507,192
6,566.0,2022-08-05 00:04:28.323,192
6,565.0,2022-08-05 00:04:28.137,192
6,564.0,2022-08-05 00:04:27.953,192
6,563.0,2022-08-05 00:04:27.767,192
6,562.0,2022-08-05 00:04:27.580,192
6,561.0,2022-08-05 00:04:27.397,192
6,560.0,2022-08-05 00:04:27.213,192
6,559.0,2022-08-05 00:04:27.027,192
6,558.0,2022-08-05 00:04:26.843,192
6,557.0,2022-08-05 00:04:26.653,192
6,556.0,2022-08-05 00:04:26.470,192
6,555.0,2022-08-05 00:04:26.283,192
6,554.0,2022-08-05 00:04:26.097,192
6,553.0,2022-08-05 00:04:25.913,192
6,552.0,2022-08-05 00:04:25.727,192
6,551.0,2022-08-05 00:04:25.543,192
6,550.0,2022-08-05 00:04:25.357,192
6,549.0,2022-08-05 00:04:25.170,192
6,548.0,2022-08-05 00:04:24.983,192
6,547.0,2022-08-05 00:04:24.800,192
6,546.0,2022-08-05 00:04:24.617,192
6,545.0,2022-08-05 00:04:24.430,192
6,544.0,2022-08-05 00:04:24.243,192
6,543.0,2022-08-05 00:04:24.057,192
6,542.0,2022-08-05 00:04:23.873,192
6,541.0,2022-08-05 00:04:23.687,192
6,540.0,2022-08-05 00:04:23.500,192
6,539.0,2022-08-05 00:04:23.317,192
6,538.0,2022-08-05 00:04:23.137,192
6,537.0,2022-08-05 00:04:22.950,192
6,536.0,2022-08-05 00:04:22.763,192
6,535.0,2022-08-05 00:04:22.580,192
6,534.0,2022-08-05 00:04:22.393,192
6,533.0,2022-08-05 00:04:22.207,192
6,532.0,2022-08-05 00:04:22.023,192
6,531.0,2022-08-05 00:04:21.837,192
6,530.0,2022-08-05 00:04:21.653,192
6,529.0,2022-08-05 00:04:21.470,192
6,528.0,2022-08-05 00:04:21.283,192
6,527.0,2022-08-05 00:04:21.097,192
6,526.0,2022-08-05 00:04:20.913,192
6,525.0,2022-08-05 00:04:20.730,192
6,524.0,2022-08-05 00:04:20.547,192
6,523.0,2022-08-05 00:04:20.363,192
6,522.0,2022-08-05 00:04:20.177,192
6,521.0,2022-08-05 00:04:19.993,192
6,520.0,2022-08-05 00:04:19.807,192
6,519.0,2022-08-05 00:04:19.620,192
6,518.0,2022-08-05 00:04:19.433,192
6,517.0,2022-08-05 00:04:19.250,192
6,516.0,2022-08-05 00:04:19.063,192
6,515.0,2022-08-05 00:04:18.880,192
6,514.0,2022-08-05 00:04:18.697,192
6,513.0,2022-08-05 00:04:18.513,192
6,512.0,2022-08-05 00:04:18.327,192
6,511.0,2022-08-05 00:04:18.140,192
6,510.0,2022-08-05 00:04:17.957,192
6,509.0,2022-08-05 00:04:17.773,192
6,508.0,2022-08-05 00:04:17.583,192
6,507.0,2022-08-05 00:04:17.397,192
6,506.0,2022-08-05 00:04:17.210,192
6,505.0,2022-08-05 00:04:17.023,192
6,504.0,2022-08-05 00:04:16.837,192
6,503.0,2022-08-05 00:04:16.653,192
6,502.0,2022-08-05 00:04:16.470,192
6,501.0,2022-08-05 00:04:16.283,192
6,500.0,2022-08-05 00:04:16.100,192
6,499.0,2022-08-05 00:04:15.913,192
6,498.0,2022-08-05 00:04:15.727,192
6,497.0,2022-08-05 00:04:15.540,192
6,496.0,2022-08-05 00:04:15.357,192
6,495.0,2022-08-05 00:04:15.170,192
6,494.0,2022-08-05 00:04:14.987,192
6,493.0,2022-08-05 00:04:14.800,192
6,492.0,2022-08-05 00:04:14.617,192
6,491.0,2022-08-05 00:04:14.430,192
6,490.0,2022-08-05 00:04:14.243,192
6,489.0,2022-08-05 00:04:14.060,192
6,488.0,2022-08-05 00:04:13.873,192
6,487.0,2022-08-05 00:04:13.690,192
6,486.0,2022-08-05 00:04:13.503,192
6,485.0,2022-08-05 00:04:13.317,192
6,484.0,2022-08-05 00:04:13.133,192
6,483.0,2022-08-05 00:04:12.950,192
6,482.0,2022-08-05 00:04:12.767,192
6,481.0,2022-08-05 00:04:12.580,192
6,480.0,2022-08-05 00:04:12.397,192
6,479.0,2022-08-05 00:04:12.213,192
6,478.0,2022-08-05 00:04:12.027,192
6,477.0,2022-08-05 00:04:11.840,192
6,476.0,2022-08-05 00:04:11.657,192
6,475.0,2022-08-05 00:04:11.470,192
6,474.0,2022-08-05 00:04:11.287,192
6,473.0,2022-08-05 00:04:11.100,192
6,472.0,2022-08-05 00:04:10.910,192
6,471.0,2022-08-05 00:04:10.727,192
6,470.0,2022-08-05 00:04:10.543,192
6,469.0,2022-08-05 00:04:10.353,192
6,468.0,2022-08-05 00:04:10.170,192
6,467.0,2022-08-05 00:04:09.983,192
6,466.0,2022-08-05 00:04:09.797,192
6,465.0,2022-08-05 00:04:09.610,192
6,464.0,2022-08-05 00:04:09.427,192
6,463.0,2022-08-05 00:04:09.243,192
6,462.0,2022-08-05 00:04:09.057,192
6,461.0,2022-08-05 00:04:08.873,192
6,460.0,2022-08-05 00:04:08.690,192
6,459.0,2022-08-05 00:04:08.507,192
6,458.0,2022-08-05 00:04:08.323,192
6,457.0,2022-08-05 00:04:08.137,192
6,456.0,2022-08-05 00:04:07.953,192
6,455.0,2022-08-05 00:04:07.770,192
6,454.0,2022-08-05 00:04:07.590,192
6,453.0,2022-08-05 00:04:07.403,192
6,452.0,2022-08-05 00:04:07.217,192
6,451.0,2022-08-05 00:04:07.033,192
6,450.0,2022-08-05 00:04:06.850,192
6,449.0,2022-08-05 00:04:06.663,192
6,448.0,2022-08-05 00:04:06.477,192
6,447.0,2022-08-05 00:04:06.290,192
6,446.0,2022-08-05 00:04:06.107,192
6,445.0,2022-08-05 00:04:05.920,192
6,444.0,2022-08-05 00:04:05.737,192
6,443.0,2022-08-05 00:04:05.550,192
6,442.0,2022-08-05 00:04:05.367,192
6,441.0,2022-08-05 00:04:05.183,192
6,440.0,2022-08-05 00:04:04.997,192
6,439.0,2022-08-05 00:04:04.810,192
6,438.0,2022-08-05 00:04:04.623,192
6,437.0,2022-08-05 00:04:04.437,192
6,436.0,2022-08-05 00:04:04.253,192
6,435.0,2022-08-05 00:04:04.067,192
6,434.0,2022-08-05 00:04:03.880,192
6,433.0,2022-08-05 00:04:03.697,192
6,432.0,2022-08-05 00:04:03.510,192
6,431.0,2022-08-05 00:04:03.323,192
6,430.0,2022-08-05 00:04:03.140,192
6,429.0,2022-08-05 00:04:02.953,192
6,428.0,2022-08-05 00:04:02.767,192
6,427.0,2022-08-05 00:04:02.583,192
6,426.0,2022-08-05 00:04:02.397,192
6,425.0,2022-08-05 00:04:02.213,192
6,424.0,2022-08-05 00:04:02.030,192
6,423.0,2022-08-05 00:04:01.847,192
6,422.0,2022-08-05 00:04:01.663,192
6,421.0,2022-08-05 00:04:01.480,192
6,420.0,2022-08-05 00:04:01.297,192
6,419.0,2022-08-05 00:04:01.110,192
6,418.0,2022-08-05 00:04:00.927,192
6,417.0,2022-08-05 00:04:00.743,192
6,416.0,2022-08-05 00:04:00.553,192
6,415.0,2022-08-05 00:04:00.370,192
6,414.0,2022-08-05 00:04:00.180,192
6,413.0,2022-08-05 00:03:59.997,192
6,412.0,2022-08-05 00:03:59.810,192
6,411.0,2022-08-05 00:03:59.623,192
6,410.0,2022-08-05 00:03:59.437,192
6,409.0,2022-08-05 00:03:59.253,192
6,408.0,2022-08-05 00:03:59.067,192
6,407.0,2022-08-05 00:03:58.883,192
6,406.0,2022-08-05 00:03:58.697,192
6,405.0,2022-08-05 00:03:58.513,192
6,404.0,2022-08-05 00:03:58.327,192
6,403.0,2022-08-05 00:03:58.140,192
6,402.0,2022-08-05 00:03:57.953,192
6,401.0,2022-08-05 00:03:57.767,192
6,400.0,2022-08-05 00:03:57.583,192
6,399.0,2022-08-05 00:03:57.400,192
6,398.0,2022-08-05 00:03:57.217,192
6,397.0,2022-08-05 00:03:57.030,192
6,396.0,2022-08-05 00:03:56.867,192
6,395.0,2022-08-05 00:03:56.740,192
6,394.0,2022-08-05 00:03:56.553,192
6,393.0,2022-08-05 00:03:56.370,192
6,392.0,2022-08-05 00:03:56.187,192
6,391.0,2022-08-05 00:03:56.003,192
6,390.0,2022-08-05 00:03:55.820,192
6,389.0,2022-08-05 00:03:55.633,192
6,388.0,2022-08-05 00:03:55.450,192
6,387.0,2022-08-05 00:03:55.260,192
6,386.0,2022-08-05 00:03:55.073,192
6,385.0,2022-08-05 00:03:54.887,192
6,384.0,2022-08-05 00:03:54.703,192
6,383.0,2022-08-05 00:03:54.500,192
6,382.0,2022-08-05 00:03:54.313,192
6,381.0,2022-08-05 00:03:54.130,192
6,380.0,2022-08-05 00:03:53.943,192
6,379.0,2022-08-05 00:03:53.757,192
6,378.0,2022-08-05 00:03:53.570,192
6,377.0,2022-08-05 00:03:53.383,192
6,376.0,2022-08-05 00:03:53.197,192
6,375.0,2022-08-05 00:03:53.010,192
6,374.0,2022-08-05 00:03:52.820,192
6,373.0,2022-08-05 00:03:52.633,192
6,372.0,2022-08-05 00:03:52.447,192
6,371.0,2022-08-05 00:03:52.260,192
6,370.0,2022-08-05 00:03:52.073,192
6,369.0,2022-08-05 00:03:51.887,192
6,368.0,2022-08-05 00:03:51.703,192
6,367.0,2022-08-05 00:03:51.517,192
6,366.0,2022-08-05 00:03:51.330,192
6,365.0,2022-08-05 00:03:51.143,192
6,364.0,2022-08-05 00:03:50.957,192
6,363.0,2022-08-05 00:03:50.773,192
6,362.0,2022-08-05 00:03:50.587,192
6,361.0,2022-08-05 00:03:50.403,192
6,360.0,2022-08-05 00:03:50.217,192
6,359.0,2022-08-05 00:03:50.030,192
6,358.0,2022-08-05 00:03:49.843,192
6,357.0,2022-08-05 00:03:49.657,192
6,356.0,2022-08-05 00:03:49.473,192
6,355.0,2022-08-05 00:03:49.283,192
6,354.0,2022-08-05 00:03:49.097,192
6,353.0,2022-08-05 00:03:48.910,192
6,352.0,2022-08-05 00:03:48.723,192
6,351.0,2022-08-05 00:03:48.540,192
6,350.0,2022-08-05 00:03:48.357,192
6,349.0,2022-08-05 00:03:48.170,192
6,348.0,2022-08-05 00:03:47.987,192
6,347.0,2022-08-05 00:03:47.803,192
6,346.0,2022-08-05 00:03:47.617,192
6,345.0,2022-08-05 00:03:47.433,192
6,344.0,2022-08-05 00:03:47.250,192
6,343.0,2022-08-05 00:03:47.063,192
6,342.0,2022-08-05 00:03:46.877,192
6,341.0,2022-08-05 00:03:46.693,192
6,340.0,2022-08-05 00:03:46.507,192
6,339.0,2022-08-05 00:03:46.320,192
6,338.0,2022-08-05 00:03:46.133,192
6,337.0,2022-08-05 00:03:45.947,192
6,336.0,2022-08-05 00:03:45.760,192
6,335.0,2022-08-05 00:03:45.577,192
6,334.0,2022-08-05 00:03:45.390,192
6,333.0,2022-08-05 00:03:45.203,192
6,332.0,2022-08-05 00:03:45.017,192
6,331.0,2022-08-05 00:03:44.830,192
6,330.0,2022-08-05 00:03:44.643,192
6,329.0,2022-08-05 00:03:44.457,192
6,328.0,2022-08-05 00:03:44.273,192
6,327.0,2022-08-05 00:03:44.087,192
6,326.0,2022-08-05 00:03:43.903,192
6,325.0,2022-08-05 00:03:43.717,192
6,324.0,2022-08-05 00:03:43.530,192
6,323.0,2022-08-05 00:03:43.347,192
6,322.0,2022-08-05 00:03:43.160,192
6,321.0,2022-08-05 00:03:42.973,192
6,320.0,2022-08-05 00:03:42.790,192
6,319.0,2022-08-05 00:03:42.603,192
6,318.0,2022-08-05 00:03:42.420,192
6,317.0,2022-08-05 00:03:42.237,192
6,316.0,2022-08-05 00:03:42.050,192
6,315.0,2022-08-05 00:03:41.863,192
6,314.0,2022-08-05 00:03:41.677,192
6,313.0,2022-08-05 00:03:41.493,192
6,312.0,2022-08-05 00:03:41.307,192
6,311.0,2022-08-05 00:03:41.120,192
6,310.0,2022-08-05 00:03:40.937,192
6,309.0,2022-08-05 00:03:40.750,192
6,308.0,2022-08-05 00:03:40.567,192
6,307.0,2022-08-05 00:03:40.380,192
6,306.0,2022-08-05 00:03:40.193,192
6,305.0,2022-08-05 00:03:40.007,192
6,304.0,2022-08-05 00:03:39.820,192
6,303.0,2022-08-05 00:03:39.633,192
6,302.0,2022-08-05 00:03:39.450,192
6,301.0,2022-08-05 00:03:39.267,192
6,300.0,2022-08-05 00:03:39.077,192
6,299.0,2022-08-05 00:03:38.890,192
6,298.0,2022-08-05 00:03:38.703,192
6,297.0,2022-08-05 00:03:38.517,192
6,296.0,2022-08-05 00:03:38.330,192
6,295.0,2022-08-05 00:03:38.147,192
6,294.0,2022-08-05 00:03:37.960,192
6,293.0,2022-08-05 00:03:37.777,192
6,292.0,2022-08-05 00:03:37.593,192
6,291.0,2022-08-05 00:03:37.407,192
6,290.0,2022-08-05 00:03:37.220,192
6,289.0,2022-08-05 00:03:37.033,192
6,288.0,2022-08-05 00:03:36.850,192
6,287.0,2022-08-05 00:03:36.663,192
6,286.0,2022-08-05 00:03:36.477,192
6,285.0,2022-08-05 00:03:36.293,192
6,284.0,2022-08-05 00:03:36.107,192
6,283.0,2022-08-05 00:03:35.923,192
6,282.0,2022-08-05 00:03:35.737,192
6,281.0,2022-08-05 00:03:35.553,192
6,280.0,2022-08-05 00:03:35.367,192
6,279.0,2022-08-05 00:03:35.183,192
6,278.0,2022-08-05 00:03:35.000,192
6,277.0,2022-08-05 00:03:34.813,192
6,276.0,2022-08-05 00:03:34.627,192
6,275.0,2022-08-05 00:03:34.443,192
6,274.0,2022-08-05 00:03:34.257,192
6,273.0,2022-08-05 00:03:34.070,192
6,272.0,2022-08-05 00:03:33.883,192
6,271.0,2022-08-05 00:03:33.697,192
6,270.0,2022-08-05 00:03:33.513,192
6,269.0,2022-08-05 00:03:33.327,192
6,268.0,2022-08-05 00:03:33.140,192
6,267.0,2022-08-05 00:03:32.957,192
6,266.0,2022-08-05 00:03:32.770,192
6,265.0,2022-08-05 00:03:32.587,192
6,264.0,2022-08-05 00:03:32.400,192
6,263.0,2022-08-05 00:03:32.213,192
6,262.0,2022-08-05 00:03:32.027,192
6,261.0,2022-08-05 00:03:31.847,192
6,260.0,2022-08-05 00:03:31.657,192
6,259.0,2022-08-05 00:03:31.473,192
6,258.0,2022-08-05 00:03:31.287,192
6,257.0,2022-08-05 00:03:31.100,192
6,256.0,2022-08-05 00:03:30.913,192
6,255.0,2022-08-05 00:03:30.727,192
6,254.0,2022-08-05 00:03:30.540,192
6,253.0,2022-08-05 00:03:30.357,192
6,252.0,2022-08-05 00:03:30.170,192
6,251.0,2022-08-05 00:03:29.987,192
6,250.0,2022-08-05 00:03:29.797,192
6,249.0,2022-08-05 00:03:29.610,192
6,248.0,2022-08-05 00:03:29.427,192
6,247.0,2022-08-05 00:03:29.243,192
6,246.0,2022-08-05 00:03:29.057,192
6,245.0,2022-08-05 00:03:28.870,192
6,244.0,2022-08-05 00:03:28.687,192
6,243.0,2022-08-05 00:03:28.503,192
6,242.0,2022-08-05 00:03:28.317,192
6,241.0,2022-08-05 00:03:28.133,192
6,240.0,2022-08-05 00:03:27.947,192
6,239.0,2022-08-05 00:03:27.757,192
6,238.0,2022-08-05 00:03:27.573,192
6,237.0,2022-08-05 00:03:27.387,192
6,236.0,2022-08-05 00:03:27.197,192
6,235.0,2022-08-05 00:03:27.013,192
6,234.0,2022-08-05 00:03:26.827,192
6,233.0,2022-08-05 00:03:26.643,192
6,232.0,2022-08-05 00:03:26.457,192
6,231.0,2022-08-05 00:03:26.270,192
6,230.0,2022-08-05 00:03:26.080,192
6,229.0,2022-08-05 00:03:25.897,192
6,228.0,2022-08-05 00:03:25.710,192
6,227.0,2022-08-05 00:03:25.527,192
6,226.0,2022-08-05 00:03:25.340,192
6,225.0,2022-08-05 00:03:25.153,192
6,224.0,2022-08-05 00:03:24.967,192
6,223.0,2022-08-05 00:03:24.783,192
6,222.0,2022-08-05 00:03:24.597,192
6,221.0,2022-08-05 00:03:24.413,192
6,220.0,2022-08-05 00:03:24.223,192
6,219.0,2022-08-05 00:03:24.040,192
6,218.0,2022-08-05 00:03:23.853,192
6,217.0,2022-08-05 00:03:23.670,192
6,216.0,2022-08-05 00:03:23.487,192
6,215.0,2022-08-05 00:03:23.300,192
6,214.0,2022-08-05 00:03:23.113,192
6,213.0,2022-08-05 00:03:22.930,192
6,212.0,2022-08-05 00:03:22.743,192
6,211.0,2022-08-05 00:03:22.560,192
6,210.0,2022-08-05 00:03:22.377,192
6,209.0,2022-08-05 00:03:22.193,192
6,208.0,2022-08-05 00:03:22.007,192
6,207.0,2022-08-05 00:03:21.823,192
6,206.0,2022-08-05 00:03:21.640,192
6,205.0,2022-08-05 00:03:21.453,192
6,204.0,2022-08-05 00:03:21.270,192
6,203.0,2022-08-05 00:03:21.087,192
6,202.0,2022-08-05 00:03:20.900,192
6,201.0,2022-08-05 00:03:20.713,192
6,200.0,2022-08-05 00:03:20.530,192
6,199.0,2022-08-05 00:03:20.340,192
6,198.0,2022-08-05 00:03:20.157,192
6,197.0,2022-08-05 00:03:19.973,192
6,196.0,2022-08-05 00:03:19.787,192
6,195.0,2022-08-05 00:03:19.603,192
6,194.0,2022-08-05 00:03:19.417,192
6,193.0,2022-08-05 00:03:19.230,192
6,192.0,2022-08-05 00:03:19.047,192
6,191.0,2022-08-05 00:03:18.860,192
6,190.0,2022-08-05 00:03:18.677,192
6,189.0,2022-08-05 00:03:18.493,192
6,188.0,2022-08-05 00:03:18.307,192
6,187.0,2022-08-05 00:03:18.123,192
6,186.0,2022-08-05 00:03:17.937,192
6,185.0,2022-08-05 00:03:17.753,192
6,184.0,2022-08-05 00:03:17.567,192
6,183.0,2022-08-05 00:03:17.380,192
6,182.0,2022-08-05 00:03:17.197,192
6,181.0,2022-08-05 00:03:17.013,192
6,180.0,2022-08-05 00:03:16.827,192
6,179.0,2022-08-05 00:03:16.643,192
6,178.0,2022-08-05 00:03:16.457,192
6,177.0,2022-08-05 00:03:16.273,192
6,176.0,2022-08-05 00:03:16.087,192
6,175.0,2022-08-05 00:03:15.897,192
6,174.0,2022-08-05 00:03:15.710,192
6,173.0,2022-08-05 00:03:15.527,192
6,172.0,2022-08-05 00:03:15.343,192
6,171.0,2022-08-05 00:03:15.157,192
6,170.0,2022-08-05 00:03:14.973,192
6,169.0,2022-08-05 00:03:14.787,192
6,168.0,2022-08-05 00:03:14.603,192
6,167.0,2022-08-05 00:03:14.420,192
6,166.0,2022-08-05 00:03:14.233,192
6,165.0,2022-08-05 00:03:14.047,192
6,164.0,2022-08-05 00:03:13.860,192
6,163.0,2022-08-05 00:03:13.673,192
6,162.0,2022-08-05 00:03:13.490,192
6,161.0,2022-08-05 00:03:13.303,192
6,160.0,2022-08-05 00:03:13.120,192
6,159.0,2022-08-05 00:03:12.933,192
6,158.0,2022-08-05 00:03:12.753,192
6,157.0,2022-08-05 00:03:12.567,192
6,156.0,2022-08-05 00:03:12.383,192
6,155.0,2022-08-05 00:03:12.197,192
6,154.0,2022-08-05 00:03:12.013,192
6,153.0,2022-08-05 00:03:11.827,192
6,152.0,2022-08-05 00:03:11.640,192
6,151.0,2022-08-05 00:03:11.457,192
6,150.0,2022-08-05 00:03:11.270,192
6,149.0,2022-08-05 00:03:11.087,192
6,148.0,2022-08-05 00:03:10.903,192
6,147.0,2022-08-05 00:03:10.717,192
6,146.0,2022-08-05 00:03:10.533,192
6,145.0,2022-08-05 00:03:10.347,192
6,144.0,2022-08-05 00:03:10.167,192
6,143.0,2022-08-05 00:03:09.980,192
6,142.0,2022-08-05 00:03:09.793,192
6,141.0,2022-08-05 00:03:09.607,192
6,140.0,2022-08-05 00:03:09.407,192
6,139.0,2022-08-05 00:03:09.220,192
6,138.0,2022-08-05 00:03:09.037,192
6,137.0,2022-08-05 00:03:08.847,192
6,136.0,2022-08-05 00:03:08.657,192
6,135.0,2022-08-05 00:03:08.460,192
6,134.0,2022-08-05 00:03:08.260,192
6,133.0,2022-08-05 00:03:08.060,192
6,132.0,2022-08-05 00:03:07.873,192
6,131.0,2022-08-05 00:03:07.690,192
6,130.0,2022-08-05 00:03:07.507,192
6,129.0,2022-08-05 00:03:07.320,192
6,128.0,2022-08-05 00:03:07.163,192
6,127.0,2022-08-05 00:03:07.027,192
6,126.0,2022-08-05 00:03:06.843,192
6,125.0,2022-08-05 00:03:06.657,192
6,124.0,2022-08-05 00:03:06.473,192
6,123.0,2022-08-05 00:03:06.290,192
6,122.0,2022-08-05 00:03:06.103,192
6,121.0,2022-08-05 00:03:05.917,192
6,120.0,2022-08-05 00:03:05.730,192
6,119.0,2022-08-05 00:03:05.547,192
6,118.0,2022-08-05 00:03:05.367,192
6,117.0,2022-08-05 00:03:05.240,192
6,116.0,2022-08-05 00:03:05.113,192
6,115.0,2022-08-05 00:03:04.947,192
6,114.0,2022-08-05 00:03:04.760,192
6,113.0,2022-08-05 00:03:04.577,192
6,112.0,2022-08-05 00:03:04.393,192
6,111.0,2022-08-05 00:03:04.207,192
6,110.0,2022-08-05 00:03:04.020,192
6,109.0,2022-08-05 00:03:03.833,192
6,108.0,2022-08-05 00:03:03.650,192
6,107.0,2022-08-05 00:03:03.463,192
6,106.0,2022-08-05 00:03:03.277,192
6,105.0,2022-08-05 00:03:03.093,192
6,104.0,2022-08-05 00:03:02.910,192
6,103.0,2022-08-05 00:03:02.723,192
6,102.0,2022-08-05 00:03:02.537,192
6,101.0,2022-08-05 00:03:02.350,192
6,100.0,2022-08-05 00:03:02.167,192
6,99.0,2022-08-05 00:03:01.980,192
6,98.0,2022-08-05 00:03:01.797,192
6,97.0,2022-08-05 00:03:01.610,192
6,96.0,2022-08-05 00:03:01.423,192
6,95.0,2022-08-05 00:03:01.240,192
6,94.0,2022-08-05 00:03:01.053,192
6,93.0,2022-08-05 00:03:00.870,192
6,92.0,2022-08-05 00:03:00.683,192
6,91.0,2022-08-05 00:03:00.497,192
6,90.0,2022-08-05 00:03:00.313,192
6,89.0,2022-08-05 00:03:00.127,192
6,88.0,2022-08-05 00:02:59.940,192
6,87.0,2022-08-05 00:02:59.757,192
6,86.0,2022-08-05 00:02:59.570,192
6,85.0,2022-08-05 00:02:59.380,192
6,84.0,2022-08-05 00:02:59.197,192
6,83.0,2022-08-05 00:02:59.010,192
6,82.0,2022-08-05 00:02:58.827,192
6,81.0,2022-08-05 00:02:58.640,192
6,80.0,2022-08-05 00:02:58.457,192
6,79.0,2022-08-05 00:02:58.273,192
6,78.0,2022-08-05 00:02:58.087,192
6,77.0,2022-08-05 00:02:57.897,192
6,76.0,2022-08-05 00:02:57.713,192
6,75.0,2022-08-05 00:02:57.530,192
6,74.0,2022-08-05 00:02:57.343,192
6,73.0,2022-08-05 00:02:57.157,192
6,72.0,2022-08-05 00:02:56.973,192
6,71.0,2022-08-05 00:02:56.790,192
6,70.0,2022-08-05 00:02:56.607,192
6,69.0,2022-08-05 00:02:56.420,192
6,68.0,2022-08-05 00:02:56.237,192
6,67.0,2022-08-05 00:02:56.050,192
6,66.0,2022-08-05 00:02:55.863,192
6,65.0,2022-08-05 00:02:55.680,192
6,64.0,2022-08-05 00:02:55.493,192
6,63.0,2022-08-05 00:02:55.310,192
6,62.0,2022-08-05 00:02:55.123,192
6,61.0,2022-08-05 00:02:54.937,192
6,60.0,2022-08-05 00:02:54.750,192
6,59.0,2022-08-05 00:02:54.567,192
6,58.0,2022-08-05 00:02:54.380,192
6,57.0,2022-08-05 00:02:54.193,192
6,56.0,2022-08-05 00:02:54.007,192
6,55.0,2022-08-05 00:02:53.820,192
6,54.0,2022-08-05 00:02:53.633,192
6,53.0,2022-08-05 00:02:53.447,192
6,52.0,2022-08-05 00:02:53.257,192
6,51.0,2022-08-05 00:02:53.073,192
6,50.0,2022-08-05 00:02:52.887,192
6,49.0,2022-08-05 00:02:52.703,192
6,48.0,2022-08-05 00:02:52.520,192
6,47.0,2022-08-05 00:02:52.337,192
6,46.0,2022-08-05 00:02:52.150,192
6,45.0,2022-08-05 00:02:51.967,192
6,44.0,2022-08-05 00:02:51.783,192
6,43.0,2022-08-05 00:02:51.597,192
6,42.0,2022-08-05 00:02:51.417,192
6,41.0,2022-08-05 00:02:51.230,192
6,40.0,2022-08-05 00:02:51.043,192
6,39.0,2022-08-05 00:02:50.857,192
6,38.0,2022-08-05 00:02:50.670,192
6,37.0,2022-08-05 00:02:50.487,192
6,36.0,2022-08-05 00:02:50.300,192
6,35.0,2022-08-05 00:02:50.117,192
6,34.0,2022-08-05 00:02:49.930,192
6,33.0,2022-08-05 00:02:49.740,192
6,32.0,2022-08-05 00:02:49.557,192
6,31.0,2022-08-05 00:02:49.370,192
6,30.0,2022-08-05 00:02:49.183,192
6,29.0,2022-08-05 00:02:48.997,192
6,28.0,2022-08-05 00:02:48.810,192
6,27.0,2022-08-05 00:02:48.623,192
6,26.0,2022-08-05 00:02:48.437,192
6,25.0,2022-08-05 00:02:48.250,192
6,24.0,2022-08-05 00:02:48.063,192
6,23.0,2022-08-05 00:02:47.877,192
6,22.0,2022-08-05 00:02:47.690,192
6,21.0,2022-08-05 00:02:47.503,192
6,20.0,2022-08-05 00:02:47.320,192
6,19.0,2022-08-05 00:02:47.130,192
6,18.0,2022-08-05 00:02:46.947,192
6,17.0,2022-08-05 00:02:46.763,192
6,16.0,2022-08-05 00:02:46.580,192
6,15.0,2022-08-05 00:02:46.393,192
6,14.0,2022-08-05 00:02:46.210,192
6,13.0,2022-08-05 00:02:46.027,192
6,12.0,2022-08-05 00:02:45.840,192
6,11.0,2022-08-05 00:02:45.653,192
6,10.0,2022-08-05 00:02:45.473,192
6,9.0,2022-08-05 00:02:45.287,192
6,8.0,2022-08-05 00:02:45.103,192
6,7.0,2022-08-05 00:02:44.917,192
6,6.0,2022-08-05 00:02:44.727,192
6,5.0,2022-08-05 00:02:44.543,192
6,4.0,2022-08-05 00:02:44.357,192
6,3.0,2022-08-05 00:02:44.173,192
6,2.0,2022-08-05 00:02:43.990,192
6,1.0,2022-08-05 00:02:43.803,192
6,0.0,2022-08-05 00:02:43.687,192
6,641.0,2022-08-05 00:02:43.617,192
6,640.0,2022-08-05 00:02:43.473,192
6,639.0,2022-08-05 00:02:43.350,192
6,638.0,2022-08-05 00:02:43.223,192
6,637.0,2022-08-05 00:02:43.100,192
6,636.0,2022-08-05 00:02:42.980,192
6,635.0,2022-08-05 00:02:42.853,192
6,634.0,2022-08-05 00:02:42.727,192
6,633.0,2022-08-05 00:02:42.600,192
6,632.0,2022-08-05 00:02:42.477,192
6,631.0,2022-08-05 00:02:42.353,192
6,630.0,2022-08-05 00:02:42.227,192
6,629.0,2022-08-05 00:02:42.103,192
6,628.0,2022-08-05 00:02:41.973,192
6,627.0,2022-08-05 00:02:41.847,192
6,626.0,2022-08-05 00:02:41.670,192
6,625.0,2022-08-05 00:02:41.483,192
6,624.0,2022-08-05 00:02:41.340,192
6,623.0,2022-08-05 00:02:41.203,192
6,622.0,2022-08-05 00:02:41.020,192
6,621.0,2022-08-05 00:02:40.833,192
6,620.0,2022-08-05 00:02:40.650,192
6,619.0,2022-08-05 00:02:40.460,192
6,618.0,2022-08-05 00:02:40.327,192
6,617.0,2022-08-05 00:02:40.153,192
6,616.0,2022-08-05 00:02:39.967,192
6,615.0,2022-08-05 00:02:39.780,192
6,614.0,2022-08-05 00:02:39.597,192
6,613.0,2022-08-05 00:02:39.407,192
6,612.0,2022-08-05 00:02:39.223,192
6,611.0,2022-08-05 00:02:39.040,192
6,610.0,2022-08-05 00:02:38.857,192
6,609.0,2022-08-05 00:02:38.670,192
6,608.0,2022-08-05 00:02:38.487,192
6,607.0,2022-08-05 00:02:38.303,192
6,606.0,2022-08-05 00:02:38.120,192
6,605.0,2022-08-05 00:02:37.933,192
6,604.0,2022-08-05 00:02:37.800,192
6,603.0,2022-08-05 00:02:37.673,192
6,602.0,2022-08-05 00:02:37.547,192
6,601.0,2022-08-05 00:02:37.423,192
6,600.0,2022-08-05 00:02:37.297,192
6,599.0,2022-08-05 00:02:37.173,192
6,598.0,2022-08-05 00:02:37.050,192
6,597.0,2022-08-05 00:02:36.923,192
6,596.0,2022-08-05 00:02:36.773,192
6,595.0,2022-08-05 00:02:36.620,192
6,594.0,2022-08-05 00:02:36.490,192
6,593.0,2022-08-05 00:02:36.340,192
6,592.0,2022-08-05 00:02:36.153,192
6,591.0,2022-08-05 00:02:35.970,192
6,590.0,2022-08-05 00:02:35.783,192
6,589.0,2022-08-05 00:02:35.617,192
6,588.0,2022-08-05 00:02:35.490,192
6,587.0,2022-08-05 00:02:35.363,192
6,586.0,2022-08-05 00:02:35.177,192
6,585.0,2022-08-05 00:02:34.993,192
6,584.0,2022-08-05 00:02:34.807,192
6,583.0,2022-08-05 00:02:34.633,192
6,582.0,2022-08-05 00:02:34.507,192
6,581.0,2022-08-05 00:02:34.383,192
6,580.0,2022-08-05 00:02:34.210,192
6,579.0,2022-08-05 00:02:34.083,192
6,578.0,2022-08-05 00:02:33.953,192
6,577.0,2022-08-05 00:02:33.767,192
6,576.0,2022-08-05 00:02:33.583,192
6,575.0,2022-08-05 00:02:33.397,192
6,574.0,2022-08-05 00:02:33.213,192
6,573.0,2022-08-05 00:02:33.030,192
6,572.0,2022-08-05 00:02:32.830,192
6,571.0,2022-08-05 00:02:32.643,192
6,570.0,2022-08-05 00:02:32.457,192
6,569.0,2022-08-05 00:02:32.273,192
6,568.0,2022-08-05 00:02:32.087,192
6,567.0,2022-08-05 00:02:31.907,192
6,566.0,2022-08-05 00:02:31.723,192
6,565.0,2022-08-05 00:02:31.540,192
6,564.0,2022-08-05 00:02:31.360,192
6,563.0,2022-08-05 00:02:31.170,192
6,562.0,2022-08-05 00:02:30.987,192
6,561.0,2022-08-05 00:02:30.803,192
6,560.0,2022-08-05 00:02:30.617,192
6,559.0,2022-08-05 00:02:30.430,192
6,558.0,2022-08-05 00:02:30.243,192
6,557.0,2022-08-05 00:02:30.057,192
6,556.0,2022-08-05 00:02:29.873,192
6,555.0,2022-08-05 00:02:29.690,192
6,554.0,2022-08-05 00:02:29.507,192
6,553.0,2022-08-05 00:02:29.320,192
6,552.0,2022-08-05 00:02:29.137,192
6,551.0,2022-08-05 00:02:28.950,192
6,550.0,2022-08-05 00:02:28.767,192
6,549.0,2022-08-05 00:02:28.583,192
6,548.0,2022-08-05 00:02:28.397,192
6,547.0,2022-08-05 00:02:28.213,192
6,546.0,2022-08-05 00:02:28.027,192
6,545.0,2022-08-05 00:02:27.843,192
6,544.0,2022-08-05 00:02:27.657,192
6,543.0,2022-08-05 00:02:27.467,192
6,542.0,2022-08-05 00:02:27.283,192
6,541.0,2022-08-05 00:02:27.097,192
6,540.0,2022-08-05 00:02:26.910,192
6,539.0,2022-08-05 00:02:26.723,192
6,538.0,2022-08-05 00:02:26.540,192
6,537.0,2022-08-05 00:02:26.353,192
6,536.0,2022-08-05 00:02:26.167,192
6,535.0,2022-08-05 00:02:25.983,192
6,534.0,2022-08-05 00:02:25.797,192
6,533.0,2022-08-05 00:02:25.613,192
6,532.0,2022-08-05 00:02:25.427,192
6,531.0,2022-08-05 00:02:25.243,192
6,530.0,2022-08-05 00:02:25.060,192
6,529.0,2022-08-05 00:02:24.877,192
6,528.0,2022-08-05 00:02:24.690,192
6,527.0,2022-08-05 00:02:24.503,192
6,526.0,2022-08-05 00:02:24.317,192
6,525.0,2022-08-05 00:02:24.130,192
6,524.0,2022-08-05 00:02:23.947,192
6,523.0,2022-08-05 00:02:23.760,192
6,522.0,2022-08-05 00:02:23.573,192
6,521.0,2022-08-05 00:02:23.387,192
6,520.0,2022-08-05 00:02:23.203,192
6,519.0,2022-08-05 00:02:23.017,192
6,518.0,2022-08-05 00:02:22.830,192
6,517.0,2022-08-05 00:02:22.643,192
6,516.0,2022-08-05 00:02:22.460,192
6,515.0,2022-08-05 00:02:22.273,192
6,514.0,2022-08-05 00:02:22.087,192
6,513.0,2022-08-05 00:02:21.903,192
6,512.0,2022-08-05 00:02:21.720,192
6,511.0,2022-08-05 00:02:21.537,192
6,510.0,2022-08-05 00:02:21.353,192
6,509.0,2022-08-05 00:02:21.167,192
6,508.0,2022-08-05 00:02:20.983,192
6,507.0,2022-08-05 00:02:20.800,192
6,506.0,2022-08-05 00:02:20.617,192
6,505.0,2022-08-05 00:02:20.430,192
6,504.0,2022-08-05 00:02:20.243,192
6,503.0,2022-08-05 00:02:20.057,192
6,502.0,2022-08-05 00:02:19.870,192
6,501.0,2022-08-05 00:02:19.687,192
6,500.0,2022-08-05 00:02:19.500,192
6,499.0,2022-08-05 00:02:19.313,192
6,498.0,2022-08-05 00:02:19.127,192
6,497.0,2022-08-05 00:02:18.943,192
6,496.0,2022-08-05 00:02:18.757,192
6,495.0,2022-08-05 00:02:18.570,192
6,494.0,2022-08-05 00:02:18.387,192
6,493.0,2022-08-05 00:02:18.203,192
6,492.0,2022-08-05 00:02:18.020,192
6,491.0,2022-08-05 00:02:17.837,192
6,490.0,2022-08-05 00:02:17.653,192
6,489.0,2022-08-05 00:02:17.467,192
6,488.0,2022-08-05 00:02:17.283,192
6,487.0,2022-08-05 00:02:17.097,192
6,486.0,2022-08-05 00:02:16.913,192
6,485.0,2022-08-05 00:02:16.730,192
6,484.0,2022-08-05 00:02:16.547,192
6,483.0,2022-08-05 00:02:16.363,192
6,482.0,2022-08-05 00:02:16.180,192
6,481.0,2022-08-05 00:02:15.990,192
6,480.0,2022-08-05 00:02:15.803,192
6,479.0,2022-08-05 00:02:15.620,192
6,478.0,2022-08-05 00:02:15.430,192
6,477.0,2022-08-05 00:02:15.243,192
6,476.0,2022-08-05 00:02:15.057,192
6,475.0,2022-08-05 00:02:14.873,192
6,474.0,2022-08-05 00:02:14.687,192
6,473.0,2022-08-05 00:02:14.500,192
6,472.0,2022-08-05 00:02:14.313,192
6,471.0,2022-08-05 00:02:14.123,192
6,470.0,2022-08-05 00:02:13.940,192
6,469.0,2022-08-05 00:02:13.753,192
6,468.0,2022-08-05 00:02:13.570,192
6,467.0,2022-08-05 00:02:13.387,192
6,466.0,2022-08-05 00:02:13.207,192
6,465.0,2022-08-05 00:02:13.077,192
6,464.0,2022-08-05 00:02:12.950,192
6,463.0,2022-08-05 00:02:12.793,192
6,462.0,2022-08-05 00:02:12.610,192
6,461.0,2022-08-05 00:02:12.423,192
6,460.0,2022-08-05 00:02:12.240,192
6,459.0,2022-08-05 00:02:12.053,192
6,458.0,2022-08-05 00:02:11.870,192
6,457.0,2022-08-05 00:02:11.683,192
6,456.0,2022-08-05 00:02:11.513,192
6,455.0,2022-08-05 00:02:11.370,192
6,454.0,2022-08-05 00:02:11.183,192
6,453.0,2022-08-05 00:02:11.000,192
6,452.0,2022-08-05 00:02:10.813,192
6,451.0,2022-08-05 00:02:10.627,192
6,450.0,2022-08-05 00:02:10.440,192
6,449.0,2022-08-05 00:02:10.253,192
6,448.0,2022-08-05 00:02:10.070,192
6,447.0,2022-08-05 00:02:09.883,192
6,446.0,2022-08-05 00:02:09.700,192
6,445.0,2022-08-05 00:02:09.517,192
6,444.0,2022-08-05 00:02:09.330,192
6,443.0,2022-08-05 00:02:09.143,192
6,442.0,2022-08-05 00:02:08.957,192
6,441.0,2022-08-05 00:02:08.770,192
6,440.0,2022-08-05 00:02:08.583,192
6,439.0,2022-08-05 00:02:08.413,192
6,438.0,2022-08-05 00:02:08.287,192
6,437.0,2022-08-05 00:02:08.160,192
6,436.0,2022-08-05 00:02:08.037,192
6,435.0,2022-08-05 00:02:07.910,192
6,434.0,2022-08-05 00:02:07.787,192
6,433.0,2022-08-05 00:02:07.660,192
6,432.0,2022-08-05 00:02:07.533,192
6,431.0,2022-08-05 00:02:07.403,192
6,430.0,2022-08-05 00:02:07.277,192
6,429.0,2022-08-05 00:02:07.150,192
6,428.0,2022-08-05 00:02:07.020,192
6,427.0,2022-08-05 00:02:06.890,192
6,426.0,2022-08-05 00:02:06.763,192
6,425.0,2022-08-05 00:02:06.640,192
6,424.0,2022-08-05 00:02:06.513,192
6,423.0,2022-08-05 00:02:06.370,192
6,422.0,2022-08-05 00:02:06.180,192
6,421.0,2022-08-05 00:02:05.997,192
6,420.0,2022-08-05 00:02:05.813,192
6,419.0,2022-08-05 00:02:05.627,192
6,418.0,2022-08-05 00:02:05.440,192
6,417.0,2022-08-05 00:02:05.253,192
6,416.0,2022-08-05 00:02:05.070,192
6,415.0,2022-08-05 00:02:04.887,192
6,414.0,2022-08-05 00:02:04.703,192
6,413.0,2022-08-05 00:02:04.517,192
6,412.0,2022-08-05 00:02:04.333,192
6,411.0,2022-08-05 00:02:04.147,192
6,410.0,2022-08-05 00:02:03.963,192
6,409.0,2022-08-05 00:02:03.777,192
6,408.0,2022-08-05 00:02:03.593,192
6,407.0,2022-08-05 00:02:03.407,192
6,406.0,2022-08-05 00:02:03.223,192
6,405.0,2022-08-05 00:02:03.040,192
6,404.0,2022-08-05 00:02:02.857,192
6,403.0,2022-08-05 00:02:02.670,192
6,402.0,2022-08-05 00:02:02.483,192
6,401.0,2022-08-05 00:02:02.300,192
6,400.0,2022-08-05 00:02:02.117,192
6,399.0,2022-08-05 00:02:01.933,192
6,398.0,2022-08-05 00:02:01.747,192
6,397.0,2022-08-05 00:02:01.563,192
6,396.0,2022-08-05 00:02:01.377,192
6,395.0,2022-08-05 00:02:01.193,192
6,394.0,2022-08-05 00:02:01.007,192
6,393.0,2022-08-05 00:02:00.820,192
6,392.0,2022-08-05 00:02:00.637,192
6,391.0,2022-08-05 00:02:00.453,192
6,390.0,2022-08-05 00:02:00.267,192
6,389.0,2022-08-05 00:02:00.083,192
6,388.0,2022-08-05 00:01:59.893,192
6,387.0,2022-08-05 00:01:59.707,192
6,386.0,2022-08-05 00:01:59.523,192
6,385.0,2022-08-05 00:01:59.343,192
6,384.0,2022-08-05 00:01:59.157,192
6,383.0,2022-08-05 00:01:58.970,192
6,382.0,2022-08-05 00:01:58.787,192
6,381.0,2022-08-05 00:01:58.600,192
6,380.0,2022-08-05 00:01:58.413,192
6,379.0,2022-08-05 00:01:58.227,192
6,378.0,2022-08-05 00:01:58.040,192
6,377.0,2022-08-05 00:01:57.857,192
6,376.0,2022-08-05 00:01:57.673,192
6,375.0,2022-08-05 00:01:57.487,192
6,374.0,2022-08-05 00:01:57.303,192
6,373.0,2022-08-05 00:01:57.117,192
6,372.0,2022-08-05 00:01:56.930,192
6,371.0,2022-08-05 00:01:56.743,192
6,370.0,2022-08-05 00:01:56.560,192
6,369.0,2022-08-05 00:01:56.373,192
6,368.0,2022-08-05 00:01:56.187,192
6,367.0,2022-08-05 00:01:56.000,192
6,366.0,2022-08-05 00:01:55.817,192
6,365.0,2022-08-05 00:01:55.630,192
6,364.0,2022-08-05 00:01:55.447,192
6,363.0,2022-08-05 00:01:55.263,192
6,362.0,2022-08-05 00:01:55.077,192
6,361.0,2022-08-05 00:01:54.890,192
6,360.0,2022-08-05 00:01:54.703,192
6,359.0,2022-08-05 00:01:54.517,192
6,358.0,2022-08-05 00:01:54.330,192
6,357.0,2022-08-05 00:01:54.143,192
6,356.0,2022-08-05 00:01:53.957,192
6,355.0,2022-08-05 00:01:53.770,192
6,354.0,2022-08-05 00:01:53.587,192
6,353.0,2022-08-05 00:01:53.400,192
6,352.0,2022-08-05 00:01:53.217,192
6,351.0,2022-08-05 00:01:53.030,192
6,350.0,2022-08-05 00:01:52.843,192
6,349.0,2022-08-05 00:01:52.657,192
6,348.0,2022-08-05 00:01:52.470,192
6,347.0,2022-08-05 00:01:52.287,192
6,346.0,2022-08-05 00:01:52.100,192
6,345.0,2022-08-05 00:01:51.913,192
6,344.0,2022-08-05 00:01:51.727,192
6,343.0,2022-08-05 00:01:51.543,192
6,342.0,2022-08-05 00:01:51.360,192
6,341.0,2022-08-05 00:01:51.173,192
6,340.0,2022-08-05 00:01:50.987,192
6,339.0,2022-08-05 00:01:50.803,192
6,338.0,2022-08-05 00:01:50.617,192
6,337.0,2022-08-05 00:01:50.430,192
6,336.0,2022-08-05 00:01:50.247,192
6,335.0,2022-08-05 00:01:50.060,192
6,334.0,2022-08-05 00:01:49.873,192
6,333.0,2022-08-05 00:01:49.690,192
6,332.0,2022-08-05 00:01:49.503,192
6,331.0,2022-08-05 00:01:49.320,192
6,330.0,2022-08-05 00:01:49.137,192
6,329.0,2022-08-05 00:01:48.950,192
6,328.0,2022-08-05 00:01:48.763,192
6,327.0,2022-08-05 00:01:48.577,192
6,326.0,2022-08-05 00:01:48.390,192
6,325.0,2022-08-05 00:01:48.203,192
6,324.0,2022-08-05 00:01:48.017,192
6,323.0,2022-08-05 00:01:47.833,192
6,322.0,2022-08-05 00:01:47.647,192
6,321.0,2022-08-05 00:01:47.463,192
6,320.0,2022-08-05 00:01:47.277,192
6,319.0,2022-08-05 00:01:47.093,192
6,318.0,2022-08-05 00:01:46.907,192
6,317.0,2022-08-05 00:01:46.720,192
6,316.0,2022-08-05 00:01:46.530,192
6,315.0,2022-08-05 00:01:46.343,192
6,314.0,2022-08-05 00:01:46.163,192
6,313.0,2022-08-05 00:01:45.977,192
6,312.0,2022-08-05 00:01:45.790,192
6,311.0,2022-08-05 00:01:45.603,192
6,310.0,2022-08-05 00:01:45.417,192
6,309.0,2022-08-05 00:01:45.233,192
6,308.0,2022-08-05 00:01:45.047,192
6,307.0,2022-08-05 00:01:44.863,192
6,306.0,2022-08-05 00:01:44.677,192
6,305.0,2022-08-05 00:01:44.493,192
6,304.0,2022-08-05 00:01:44.307,192
6,303.0,2022-08-05 00:01:44.123,192
6,302.0,2022-08-05 00:01:43.937,192
6,301.0,2022-08-05 00:01:43.753,192
6,300.0,2022-08-05 00:01:43.570,192
6,299.0,2022-08-05 00:01:43.387,192
6,298.0,2022-08-05 00:01:43.200,192
6,297.0,2022-08-05 00:01:43.013,192
6,296.0,2022-08-05 00:01:42.830,192
6,295.0,2022-08-05 00:01:42.643,192
6,294.0,2022-08-05 00:01:42.460,192
6,293.0,2022-08-05 00:01:42.273,192
6,292.0,2022-08-05 00:01:42.087,192
6,291.0,2022-08-05 00:01:41.903,192
6,290.0,2022-08-05 00:01:41.720,192
6,289.0,2022-08-05 00:01:41.533,192
6,288.0,2022-08-05 00:01:41.350,192
6,287.0,2022-08-05 00:01:41.163,192
6,286.0,2022-08-05 00:01:40.983,192
6,285.0,2022-08-05 00:01:40.800,192
6,284.0,2022-08-05 00:01:40.613,192
6,283.0,2022-08-05 00:01:40.427,192
6,282.0,2022-08-05 00:01:40.240,192
6,281.0,2022-08-05 00:01:40.057,192
6,280.0,2022-08-05 00:01:39.870,192
6,279.0,2022-08-05 00:01:39.687,192
6,278.0,2022-08-05 00:01:39.503,192
6,277.0,2022-08-05 00:01:39.317,192
6,276.0,2022-08-05 00:01:39.130,192
6,275.0,2022-08-05 00:01:38.943,192
6,274.0,2022-08-05 00:01:38.760,192
6,273.0,2022-08-05 00:01:38.573,192
6,272.0,2022-08-05 00:01:38.387,192
6,271.0,2022-08-05 00:01:38.200,192
6,270.0,2022-08-05 00:01:38.010,192
6,269.0,2022-08-05 00:01:37.827,192
6,268.0,2022-08-05 00:01:37.640,192
6,267.0,2022-08-05 00:01:37.453,192
6,266.0,2022-08-05 00:01:37.270,192
6,265.0,2022-08-05 00:01:37.083,192
6,264.0,2022-08-05 00:01:36.897,192
6,263.0,2022-08-05 00:01:36.707,192
6,262.0,2022-08-05 00:01:36.523,192
6,261.0,2022-08-05 00:01:36.340,192
6,260.0,2022-08-05 00:01:36.153,192
6,259.0,2022-08-05 00:01:35.967,192
6,258.0,2022-08-05 00:01:35.783,192
6,257.0,2022-08-05 00:01:35.597,192
6,256.0,2022-08-05 00:01:35.413,192
6,255.0,2022-08-05 00:01:35.253,192
6,254.0,2022-08-05 00:01:35.087,192
6,253.0,2022-08-05 00:01:34.950,192
6,252.0,2022-08-05 00:01:34.767,192
6,251.0,2022-08-05 00:01:34.577,192
6,250.0,2022-08-05 00:01:34.390,192
6,249.0,2022-08-05 00:01:34.203,192
6,248.0,2022-08-05 00:01:34.017,192
6,247.0,2022-08-05 00:01:33.830,192
6,246.0,2022-08-05 00:01:33.643,192
6,245.0,2022-08-05 00:01:33.480,192
6,244.0,2022-08-05 00:01:33.337,192
6,243.0,2022-08-05 00:01:33.153,192
6,242.0,2022-08-05 00:01:32.970,192
6,241.0,2022-08-05 00:01:32.783,192
6,240.0,2022-08-05 00:01:32.597,192
6,239.0,2022-08-05 00:01:32.413,192
6,238.0,2022-08-05 00:01:32.230,192
6,237.0,2022-08-05 00:01:32.090,192
6,236.0,2022-08-05 00:01:31.920,192
6,235.0,2022-08-05 00:01:31.737,192
6,234.0,2022-08-05 00:01:31.547,192
6,233.0,2022-08-05 00:01:31.360,192
6,232.0,2022-08-05 00:01:31.177,192
6,231.0,2022-08-05 00:01:30.990,192
6,230.0,2022-08-05 00:01:30.807,192
6,229.0,2022-08-05 00:01:30.620,192
6,228.0,2022-08-05 00:01:30.430,192
6,227.0,2022-08-05 00:01:30.247,192
6,226.0,2022-08-05 00:01:30.063,192
6,225.0,2022-08-05 00:01:29.880,192
6,224.0,2022-08-05 00:01:29.693,192
6,223.0,2022-08-05 00:01:29.510,192
6,222.0,2022-08-05 00:01:29.323,192
6,221.0,2022-08-05 00:01:29.140,192
6,220.0,2022-08-05 00:01:28.953,192
6,219.0,2022-08-05 00:01:28.767,192
6,218.0,2022-08-05 00:01:28.583,192
6,217.0,2022-08-05 00:01:28.397,192
6,216.0,2022-08-05 00:01:28.217,192
6,215.0,2022-08-05 00:01:28.093,192
6,214.0,2022-08-05 00:01:27.967,192
6,213.0,2022-08-05 00:01:27.843,192
6,212.0,2022-08-05 00:01:27.720,192
6,211.0,2022-08-05 00:01:27.593,192
6,210.0,2022-08-05 00:01:27.470,192
6,209.0,2022-08-05 00:01:27.343,192
6,208.0,2022-08-05 00:01:27.217,192
6,207.0,2022-08-05 00:01:27.087,192
6,206.0,2022-08-05 00:01:26.957,192
6,205.0,2022-08-05 00:01:26.777,192
6,204.0,2022-08-05 00:01:26.590,192
6,203.0,2022-08-05 00:01:26.407,192
6,202.0,2022-08-05 00:01:26.223,192
6,201.0,2022-08-05 00:01:26.040,192
6,200.0,2022-08-05 00:01:25.853,192
6,199.0,2022-08-05 00:01:25.667,192
6,198.0,2022-08-05 00:01:25.480,192
6,197.0,2022-08-05 00:01:25.293,192
6,196.0,2022-08-05 00:01:25.110,192
6,195.0,2022-08-05 00:01:24.927,192
6,194.0,2022-08-05 00:01:24.740,192
6,193.0,2022-08-05 00:01:24.553,192
6,192.0,2022-08-05 00:01:24.370,192
6,191.0,2022-08-05 00:01:24.187,192
6,190.0,2022-08-05 00:01:24.000,192
6,189.0,2022-08-05 00:01:23.817,192
6,188.0,2022-08-05 00:01:23.630,192
6,187.0,2022-08-05 00:01:23.447,192
6,186.0,2022-08-05 00:01:23.263,192
6,185.0,2022-08-05 00:01:23.077,192
6,184.0,2022-08-05 00:01:22.890,192
6,183.0,2022-08-05 00:01:22.703,192
6,182.0,2022-08-05 00:01:22.523,192
6,181.0,2022-08-05 00:01:22.340,192
6,180.0,2022-08-05 00:01:22.150,192
6,179.0,2022-08-05 00:01:21.967,192
6,178.0,2022-08-05 00:01:21.780,192
6,177.0,2022-08-05 00:01:21.593,192
6,176.0,2022-08-05 00:01:21.410,192
6,175.0,2022-08-05 00:01:21.223,192
6,174.0,2022-08-05 00:01:21.037,192
6,173.0,2022-08-05 00:01:20.853,192
6,172.0,2022-08-05 00:01:20.670,192
6,171.0,2022-08-05 00:01:20.483,192
6,170.0,2022-08-05 00:01:20.300,192
6,169.0,2022-08-05 00:01:20.113,192
6,168.0,2022-08-05 00:01:19.930,192
6,167.0,2022-08-05 00:01:19.770,192
6,166.0,2022-08-05 00:01:19.647,192
6,165.0,2022-08-05 00:01:19.510,192
6,164.0,2022-08-05 00:01:19.323,192
6,163.0,2022-08-05 00:01:19.140,192
6,162.0,2022-08-05 00:01:18.953,192
6,161.0,2022-08-05 00:01:18.767,192
6,160.0,2022-08-05 00:01:18.583,192
6,159.0,2022-08-05 00:01:18.397,192
6,158.0,2022-08-05 00:01:18.220,192
6,157.0,2022-08-05 00:01:18.073,192
6,156.0,2022-08-05 00:01:17.890,192
6,155.0,2022-08-05 00:01:17.707,192
6,154.0,2022-08-05 00:01:17.517,192
6,153.0,2022-08-05 00:01:17.330,192
6,152.0,2022-08-05 00:01:17.147,192
6,151.0,2022-08-05 00:01:16.960,192
6,150.0,2022-08-05 00:01:16.777,192
6,149.0,2022-08-05 00:01:16.593,192
6,148.0,2022-08-05 00:01:16.410,192
6,147.0,2022-08-05 00:01:16.227,192
6,146.0,2022-08-05 00:01:16.040,192
6,145.0,2022-08-05 00:01:15.853,192
6,144.0,2022-08-05 00:01:15.670,192
6,143.0,2022-08-05 00:01:15.483,192
6,142.0,2022-08-05 00:01:15.297,192
6,141.0,2022-08-05 00:01:15.110,192
6,140.0,2022-08-05 00:01:14.923,192
6,139.0,2022-08-05 00:01:14.737,192
6,138.0,2022-08-05 00:01:14.553,192
6,137.0,2022-08-05 00:01:14.367,192
6,136.0,2022-08-05 00:01:14.183,192
6,135.0,2022-08-05 00:01:14.060,192
6,134.0,2022-08-05 00:01:13.937,192
6,133.0,2022-08-05 00:01:13.807,192
6,132.0,2022-08-05 00:01:13.683,192
6,131.0,2022-08-05 00:01:13.557,192
6,130.0,2022-08-05 00:01:13.437,192
6,129.0,2022-08-05 00:01:13.310,192
6,128.0,2022-08-05 00:01:13.183,192
6,127.0,2022-08-05 00:01:13.060,192
6,126.0,2022-08-05 00:01:12.910,192
6,125.0,2022-08-05 00:01:12.727,192
6,124.0,2022-08-05 00:01:12.543,192
6,123.0,2022-08-05 00:01:12.360,192
6,122.0,2022-08-05 00:01:12.173,192
6,121.0,2022-08-05 00:01:11.990,192
6,120.0,2022-08-05 00:01:11.803,192
6,119.0,2022-08-05 00:01:11.617,192
6,118.0,2022-08-05 00:01:11.433,192
6,117.0,2022-08-05 00:01:11.303,192
6,116.0,2022-08-05 00:01:11.180,192
6,115.0,2022-08-05 00:01:11.053,192
6,114.0,2022-08-05 00:01:10.913,192
6,113.0,2022-08-05 00:01:10.727,192
6,112.0,2022-08-05 00:01:10.547,192
6,111.0,2022-08-05 00:01:10.423,192
6,110.0,2022-08-05 00:01:10.293,192
6,109.0,2022-08-05 00:01:10.163,192
6,108.0,2022-08-05 00:01:09.980,192
6,107.0,2022-08-05 00:01:09.793,192
6,106.0,2022-08-05 00:01:09.610,192
6,105.0,2022-08-05 00:01:09.423,192
6,104.0,2022-08-05 00:01:09.237,192
6,103.0,2022-08-05 00:01:09.053,192
6,102.0,2022-08-05 00:01:08.870,192
6,101.0,2022-08-05 00:01:08.697,192
6,100.0,2022-08-05 00:01:08.570,192
6,99.0,2022-08-05 00:01:08.447,192
6,98.0,2022-08-05 00:01:08.300,192
6,97.0,2022-08-05 00:01:08.113,192
6,96.0,2022-08-05 00:01:07.927,192
6,95.0,2022-08-05 00:01:07.723,192
6,94.0,2022-08-05 00:01:07.540,192
6,93.0,2022-08-05 00:01:07.350,192
6,92.0,2022-08-05 00:01:07.167,192
6,91.0,2022-08-05 00:01:06.997,192
6,90.0,2022-08-05 00:01:06.870,192
6,89.0,2022-08-05 00:01:06.743,192
6,88.0,2022-08-05 00:01:06.557,192
6,87.0,2022-08-05 00:01:06.370,192
6,86.0,2022-08-05 00:01:06.210,192
6,85.0,2022-08-05 00:01:06.073,192
6,84.0,2022-08-05 00:01:05.907,192
6,83.0,2022-08-05 00:01:05.780,192
6,82.0,2022-08-05 00:01:05.643,192
6,81.0,2022-08-05 00:01:05.460,192
6,80.0,2022-08-05 00:01:05.273,192
6,79.0,2022-08-05 00:01:05.087,192
6,78.0,2022-08-05 00:01:04.903,192
6,77.0,2022-08-05 00:01:04.720,192
6,76.0,2022-08-05 00:01:04.577,192
6,75.0,2022-08-05 00:01:04.450,192
6,74.0,2022-08-05 00:01:04.323,192
6,73.0,2022-08-05 00:01:04.200,192
6,72.0,2022-08-05 00:01:04.073,192
6,71.0,2022-08-05 00:01:03.927,192
6,70.0,2022-08-05 00:01:03.740,192
6,69.0,2022-08-05 00:01:03.550,192
6,68.0,2022-08-05 00:01:03.363,192
6,67.0,2022-08-05 00:01:03.177,192
6,66.0,2022-08-05 00:01:02.990,192
6,65.0,2022-08-05 00:01:02.803,192
6,64.0,2022-08-05 00:01:02.617,192
6,63.0,2022-08-05 00:01:02.430,192
6,62.0,2022-08-05 00:01:02.247,192
6,61.0,2022-08-05 00:01:02.060,192
6,60.0,2022-08-05 00:01:01.873,192
6,59.0,2022-08-05 00:01:01.690,192
6,58.0,2022-08-05 00:01:01.507,192
6,57.0,2022-08-05 00:01:01.320,192
6,56.0,2022-08-05 00:01:01.137,192
6,55.0,2022-08-05 00:01:00.953,192
6,54.0,2022-08-05 00:01:00.770,192
6,53.0,2022-08-05 00:01:00.583,192
6,52.0,2022-08-05 00:01:00.400,192
6,51.0,2022-08-05 00:01:00.213,192
6,50.0,2022-08-05 00:01:00.027,192
6,49.0,2022-08-05 00:00:59.843,192
6,48.0,2022-08-05 00:00:59.657,192
6,47.0,2022-08-05 00:00:59.470,192
6,46.0,2022-08-05 00:00:59.287,192
6,45.0,2022-08-05 00:00:59.097,192
6,44.0,2022-08-05 00:00:58.913,192
6,43.0,2022-08-05 00:00:58.730,192
6,42.0,2022-08-05 00:00:58.547,192
6,41.0,2022-08-05 00:00:58.360,192
6,40.0,2022-08-05 00:00:58.173,192
6,39.0,2022-08-05 00:00:57.987,192
6,38.0,2022-08-05 00:00:57.803,192
6,37.0,2022-08-05 00:00:57.620,192
6,36.0,2022-08-05 00:00:57.430,192
6,35.0,2022-08-05 00:00:57.247,192
6,34.0,2022-08-05 00:00:57.060,192
6,33.0,2022-08-05 00:00:56.873,192
6,32.0,2022-08-05 00:00:56.690,192
6,31.0,2022-08-05 00:00:56.503,192
6,30.0,2022-08-05 00:00:56.317,192
6,29.0,2022-08-05 00:00:56.130,192
6,28.0,2022-08-05 00:00:55.943,192
6,27.0,2022-08-05 00:00:55.757,192
6,26.0,2022-08-05 00:00:55.570,192
6,25.0,2022-08-05 00:00:55.383,192
6,24.0,2022-08-05 00:00:55.193,192
6,23.0,2022-08-05 00:00:55.007,192
6,22.0,2022-08-05 00:00:54.820,192
6,21.0,2022-08-05 00:00:54.630,192
6,20.0,2022-08-05 00:00:54.443,192
6,19.0,2022-08-05 00:00:54.260,192
6,18.0,2022-08-05 00:00:54.073,192
6,17.0,2022-08-05 00:00:53.883,192
6,16.0,2022-08-05 00:00:53.697,192
6,15.0,2022-08-05 00:00:53.510,192
6,14.0,2022-08-05 00:00:53.320,192
6,13.0,2022-08-05 00:00:53.133,192
6,12.0,2022-08-05 00:00:52.953,192
6,11.0,2022-08-05 00:00:52.767,192
6,10.0,2022-08-05 00:00:52.580,192
6,9.0,2022-08-05 00:00:52.393,192
6,8.0,2022-08-05 00:00:52.207,192
6,7.0,2022-08-05 00:00:52.023,192
6,6.0,2022-08-05 00:00:51.837,192
6,5.0,2022-08-05 00:00:51.653,192
6,4.0,2022-08-05 00:00:51.470,192
6,3.0,2022-08-05 00:00:51.287,192
6,2.0,2022-08-05 00:00:51.100,192
6,1.0,2022-08-05 00:00:50.903,192
6,1.0,2022-08-04 23:59:56.880,192
